,timestamp,device_id,metric_id,value,labels._device_orig
0,2022-04-04 23:17:06.000000,gemini-1,wattmetre_power_watt,1178.641,"['wattmetrev3-1-port6', 'wattmetrev3-1-port7', 'wattmetrev3-1-port8', 'wattmetrev3-1-port9']"
1,2022-04-04 23:17:06.432227,gemini-1,bmc_node_power_watt,1044.0,
2,2022-04-04 23:17:07.000000,gemini-1,wattmetre_power_watt,1178.688,"['wattmetrev3-1-port6', 'wattmetrev3-1-port7', 'wattmetrev3-1-port8', 'wattmetrev3-1-port9']"
3,2022-04-04 23:17:08.000000,gemini-1,wattmetre_power_watt,1179.02,"['wattmetrev3-1-port6', 'wattmetrev3-1-port7', 'wattmetrev3-1-port8', 'wattmetrev3-1-port9']"
4,2022-04-04 23:17:09.000000,gemini-1,wattmetre_power_watt,1180.067,"['wattmetrev3-1-port6', 'wattmetrev3-1-port7', 'wattmetrev3-1-port8', 'wattmetrev3-1-port9']"
5,2022-04-04 23:17:10.000000,gemini-1,wattmetre_power_watt,1179.655,"['wattmetrev3-1-port6', 'wattmetrev3-1-port7', 'wattmetrev3-1-port8', 'wattmetrev3-1-port9']"
6,2022-04-04 23:17:11.000000,gemini-1,wattmetre_power_watt,1178.905,"['wattmetrev3-1-port6', 'wattmetrev3-1-port7', 'wattmetrev3-1-port8', 'wattmetrev3-1-port9']"
7,2022-04-04 23:17:11.433265,gemini-1,bmc_node_power_watt,1044.0,
8,2022-04-04 23:17:12.000000,gemini-1,wattmetre_power_watt,1178.268,"['wattmetrev3-1-port6', 'wattmetrev3-1-port7', 'wattmetrev3-1-port8', 'wattmetrev3-1-port9']"
9,2022-04-04 23:17:13.000000,gemini-1,wattmetre_power_watt,1179.049,"['wattmetrev3-1-port6', 'wattmetrev3-1-port7', 'wattmetrev3-1-port8', 'wattmetrev3-1-port9']"
10,2022-04-04 23:17:14.000000,gemini-1,wattmetre_power_watt,1183.838,"['wattmetrev3-1-port6', 'wattmetrev3-1-port7', 'wattmetrev3-1-port8', 'wattmetrev3-1-port9']"
11,2022-04-04 23:17:15.000000,gemini-1,wattmetre_power_watt,1180.266,"['wattmetrev3-1-port6', 'wattmetrev3-1-port7', 'wattmetrev3-1-port8', 'wattmetrev3-1-port9']"
12,2022-04-04 23:17:16.000000,gemini-1,wattmetre_power_watt,1179.303,"['wattmetrev3-1-port6', 'wattmetrev3-1-port7', 'wattmetrev3-1-port8', 'wattmetrev3-1-port9']"
13,2022-04-04 23:17:16.434367,gemini-1,bmc_node_power_watt,1044.0,
14,2022-04-04 23:17:17.000000,gemini-1,wattmetre_power_watt,1178.787,"['wattmetrev3-1-port6', 'wattmetrev3-1-port7', 'wattmetrev3-1-port8', 'wattmetrev3-1-port9']"
15,2022-04-04 23:17:18.000000,gemini-1,wattmetre_power_watt,1178.95,"['wattmetrev3-1-port6', 'wattmetrev3-1-port7', 'wattmetrev3-1-port8', 'wattmetrev3-1-port9']"
16,2022-04-04 23:17:19.000000,gemini-1,wattmetre_power_watt,1178.936,"['wattmetrev3-1-port6', 'wattmetrev3-1-port7', 'wattmetrev3-1-port8', 'wattmetrev3-1-port9']"
17,2022-04-04 23:17:20.000000,gemini-1,wattmetre_power_watt,1178.38,"['wattmetrev3-1-port6', 'wattmetrev3-1-port7', 'wattmetrev3-1-port8', 'wattmetrev3-1-port9']"
18,2022-04-04 23:17:21.000000,gemini-1,wattmetre_power_watt,1180.021,"['wattmetrev3-1-port6', 'wattmetrev3-1-port7', 'wattmetrev3-1-port8', 'wattmetrev3-1-port9']"
19,2022-04-04 23:17:21.434813,gemini-1,bmc_node_power_watt,1044.0,
20,2022-04-04 23:17:22.000000,gemini-1,wattmetre_power_watt,1179.796,"['wattmetrev3-1-port6', 'wattmetrev3-1-port7', 'wattmetrev3-1-port8', 'wattmetrev3-1-port9']"
21,2022-04-04 23:17:23.000000,gemini-1,wattmetre_power_watt,1178.566,"['wattmetrev3-1-port6', 'wattmetrev3-1-port7', 'wattmetrev3-1-port8', 'wattmetrev3-1-port9']"
22,2022-04-04 23:17:24.000000,gemini-1,wattmetre_power_watt,1178.722,"['wattmetrev3-1-port6', 'wattmetrev3-1-port7', 'wattmetrev3-1-port8', 'wattmetrev3-1-port9']"
23,2022-04-04 23:17:25.000000,gemini-1,wattmetre_power_watt,1178.736,"['wattmetrev3-1-port6', 'wattmetrev3-1-port7', 'wattmetrev3-1-port8', 'wattmetrev3-1-port9']"
24,2022-04-04 23:17:26.000000,gemini-1,wattmetre_power_watt,1178.561,"['wattmetrev3-1-port6', 'wattmetrev3-1-port7', 'wattmetrev3-1-port8', 'wattmetrev3-1-port9']"
25,2022-04-04 23:17:26.435904,gemini-1,bmc_node_power_watt,1044.0,
26,2022-04-04 23:17:27.000000,gemini-1,wattmetre_power_watt,1180.607,"['wattmetrev3-1-port6', 'wattmetrev3-1-port7', 'wattmetrev3-1-port8', 'wattmetrev3-1-port9']"
27,2022-04-04 23:17:28.000000,gemini-1,wattmetre_power_watt,1179.438,"['wattmetrev3-1-port6', 'wattmetrev3-1-port7', 'wattmetrev3-1-port8', 'wattmetrev3-1-port9']"
28,2022-04-04 23:17:29.000000,gemini-1,wattmetre_power_watt,1178.632,"['wattmetrev3-1-port6', 'wattmetrev3-1-port7', 'wattmetrev3-1-port8', 'wattmetrev3-1-port9']"
29,2022-04-04 23:17:30.000000,gemini-1,wattmetre_power_watt,1178.762,"['wattmetrev3-1-port6', 'wattmetrev3-1-port7', 'wattmetrev3-1-port8', 'wattmetrev3-1-port9']"
30,2022-04-04 23:17:31.000000,gemini-1,wattmetre_power_watt,1178.569,"['wattmetrev3-1-port6', 'wattmetrev3-1-port7', 'wattmetrev3-1-port8', 'wattmetrev3-1-port9']"
31,2022-04-04 23:17:31.436894,gemini-1,bmc_node_power_watt,1044.0,
32,2022-04-04 23:17:32.000000,gemini-1,wattmetre_power_watt,1178.657,"['wattmetrev3-1-port6', 'wattmetrev3-1-port7', 'wattmetrev3-1-port8', 'wattmetrev3-1-port9']"
33,2022-04-04 23:17:33.000000,gemini-1,wattmetre_power_watt,1179.843,"['wattmetrev3-1-port6', 'wattmetrev3-1-port7', 'wattmetrev3-1-port8', 'wattmetrev3-1-port9']"
34,2022-04-04 23:17:34.000000,gemini-1,wattmetre_power_watt,1179.656,"['wattmetrev3-1-port6', 'wattmetrev3-1-port7', 'wattmetrev3-1-port8', 'wattmetrev3-1-port9']"
35,2022-04-04 23:17:35.000000,gemini-1,wattmetre_power_watt,1180.277,"['wattmetrev3-1-port6', 'wattmetrev3-1-port7', 'wattmetrev3-1-port8', 'wattmetrev3-1-port9']"
36,2022-04-04 23:17:36.000000,gemini-1,wattmetre_power_watt,1181.791,"['wattmetrev3-1-port6', 'wattmetrev3-1-port7', 'wattmetrev3-1-port8', 'wattmetrev3-1-port9']"
37,2022-04-04 23:17:36.438290,gemini-1,bmc_node_power_watt,1044.0,
38,2022-04-04 23:17:37.000000,gemini-1,wattmetre_power_watt,1178.889,"['wattmetrev3-1-port6', 'wattmetrev3-1-port7', 'wattmetrev3-1-port8', 'wattmetrev3-1-port9']"
39,2022-04-04 23:17:38.000000,gemini-1,wattmetre_power_watt,1178.534,"['wattmetrev3-1-port6', 'wattmetrev3-1-port7', 'wattmetrev3-1-port8', 'wattmetrev3-1-port9']"
40,2022-04-04 23:17:39.000000,gemini-1,wattmetre_power_watt,1180.214,"['wattmetrev3-1-port6', 'wattmetrev3-1-port7', 'wattmetrev3-1-port8', 'wattmetrev3-1-port9']"
41,2022-04-04 23:17:40.000000,gemini-1,wattmetre_power_watt,1180.054,"['wattmetrev3-1-port6', 'wattmetrev3-1-port7', 'wattmetrev3-1-port8', 'wattmetrev3-1-port9']"
42,2022-04-04 23:17:41.000000,gemini-1,wattmetre_power_watt,1178.59,"['wattmetrev3-1-port6', 'wattmetrev3-1-port7', 'wattmetrev3-1-port8', 'wattmetrev3-1-port9']"
43,2022-04-04 23:17:41.438965,gemini-1,bmc_node_power_watt,1044.0,
44,2022-04-04 23:17:42.000000,gemini-1,wattmetre_power_watt,1178.924,"['wattmetrev3-1-port6', 'wattmetrev3-1-port7', 'wattmetrev3-1-port8', 'wattmetrev3-1-port9']"
45,2022-04-04 23:17:43.000000,gemini-1,wattmetre_power_watt,1178.55,"['wattmetrev3-1-port6', 'wattmetrev3-1-port7', 'wattmetrev3-1-port8', 'wattmetrev3-1-port9']"
46,2022-04-04 23:17:44.000000,gemini-1,wattmetre_power_watt,1178.839,"['wattmetrev3-1-port6', 'wattmetrev3-1-port7', 'wattmetrev3-1-port8', 'wattmetrev3-1-port9']"
47,2022-04-04 23:17:45.000000,gemini-1,wattmetre_power_watt,1180.279,"['wattmetrev3-1-port6', 'wattmetrev3-1-port7', 'wattmetrev3-1-port8', 'wattmetrev3-1-port9']"
48,2022-04-04 23:17:46.000000,gemini-1,wattmetre_power_watt,1179.583,"['wattmetrev3-1-port6', 'wattmetrev3-1-port7', 'wattmetrev3-1-port8', 'wattmetrev3-1-port9']"
49,2022-04-04 23:17:46.439481,gemini-1,bmc_node_power_watt,1044.0,
50,2022-04-04 23:17:47.000000,gemini-1,wattmetre_power_watt,1178.761,"['wattmetrev3-1-port6', 'wattmetrev3-1-port7', 'wattmetrev3-1-port8', 'wattmetrev3-1-port9']"
51,2022-04-04 23:17:48.000000,gemini-1,wattmetre_power_watt,1178.743,"['wattmetrev3-1-port6', 'wattmetrev3-1-port7', 'wattmetrev3-1-port8', 'wattmetrev3-1-port9']"
52,2022-04-04 23:17:49.000000,gemini-1,wattmetre_power_watt,1179.173,"['wattmetrev3-1-port6', 'wattmetrev3-1-port7', 'wattmetrev3-1-port8', 'wattmetrev3-1-port9']"
53,2022-04-04 23:17:50.000000,gemini-1,wattmetre_power_watt,1178.521,"['wattmetrev3-1-port6', 'wattmetrev3-1-port7', 'wattmetrev3-1-port8', 'wattmetrev3-1-port9']"
54,2022-04-04 23:17:51.000000,gemini-1,wattmetre_power_watt,1179.626,"['wattmetrev3-1-port6', 'wattmetrev3-1-port7', 'wattmetrev3-1-port8', 'wattmetrev3-1-port9']"
55,2022-04-04 23:17:51.440747,gemini-1,bmc_node_power_watt,1044.0,
56,2022-04-04 23:17:52.000000,gemini-1,wattmetre_power_watt,1180.16363636364,"['wattmetrev3-1-port6', 'wattmetrev3-1-port7', 'wattmetrev3-1-port8', 'wattmetrev3-1-port9']"
57,2022-04-04 23:17:53.000000,gemini-1,wattmetre_power_watt,1179.2,"['wattmetrev3-1-port6', 'wattmetrev3-1-port7', 'wattmetrev3-1-port8', 'wattmetrev3-1-port9']"
58,2022-04-04 23:17:54.000000,gemini-1,wattmetre_power_watt,1178.357,"['wattmetrev3-1-port6', 'wattmetrev3-1-port7', 'wattmetrev3-1-port8', 'wattmetrev3-1-port9']"
59,2022-04-04 23:17:55.000000,gemini-1,wattmetre_power_watt,1178.379,"['wattmetrev3-1-port6', 'wattmetrev3-1-port7', 'wattmetrev3-1-port8', 'wattmetrev3-1-port9']"
60,2022-04-04 23:17:56.000000,gemini-1,wattmetre_power_watt,1179.403,"['wattmetrev3-1-port6', 'wattmetrev3-1-port7', 'wattmetrev3-1-port8', 'wattmetrev3-1-port9']"
61,2022-04-04 23:17:56.443629,gemini-1,bmc_node_power_watt,1044.0,
62,2022-04-04 23:17:57.000000,gemini-1,wattmetre_power_watt,1182.844,"['wattmetrev3-1-port6', 'wattmetrev3-1-port7', 'wattmetrev3-1-port8', 'wattmetrev3-1-port9']"
63,2022-04-04 23:17:58.000000,gemini-1,wattmetre_power_watt,1181.81,"['wattmetrev3-1-port6', 'wattmetrev3-1-port7', 'wattmetrev3-1-port8', 'wattmetrev3-1-port9']"
64,2022-04-04 23:17:59.000000,gemini-1,wattmetre_power_watt,1178.928,"['wattmetrev3-1-port6', 'wattmetrev3-1-port7', 'wattmetrev3-1-port8', 'wattmetrev3-1-port9']"
65,2022-04-04 23:18:00.000000,gemini-1,wattmetre_power_watt,1178.832,"['wattmetrev3-1-port6', 'wattmetrev3-1-port7', 'wattmetrev3-1-port8', 'wattmetrev3-1-port9']"
66,2022-04-04 23:18:01.000000,gemini-1,wattmetre_power_watt,1178.724,"['wattmetrev3-1-port6', 'wattmetrev3-1-port7', 'wattmetrev3-1-port8', 'wattmetrev3-1-port9']"
67,2022-04-04 23:18:01.444280,gemini-1,bmc_node_power_watt,1044.0,
68,2022-04-04 23:18:02.000000,gemini-1,wattmetre_power_watt,1179.095,"['wattmetrev3-1-port6', 'wattmetrev3-1-port7', 'wattmetrev3-1-port8', 'wattmetrev3-1-port9']"
69,2022-04-04 23:18:03.000000,gemini-1,wattmetre_power_watt,1180.334,"['wattmetrev3-1-port6', 'wattmetrev3-1-port7', 'wattmetrev3-1-port8', 'wattmetrev3-1-port9']"
70,2022-04-04 23:18:04.000000,gemini-1,wattmetre_power_watt,1179.576,"['wattmetrev3-1-port6', 'wattmetrev3-1-port7', 'wattmetrev3-1-port8', 'wattmetrev3-1-port9']"
71,2022-04-04 23:18:05.000000,gemini-1,wattmetre_power_watt,1182.737,"['wattmetrev3-1-port6', 'wattmetrev3-1-port7', 'wattmetrev3-1-port8', 'wattmetrev3-1-port9']"
72,2022-04-04 23:18:06.000000,gemini-1,wattmetre_power_watt,1214.66,"['wattmetrev3-1-port6', 'wattmetrev3-1-port7', 'wattmetrev3-1-port8', 'wattmetrev3-1-port9']"
73,2022-04-04 23:18:06.444525,gemini-1,bmc_node_power_watt,1044.0,
74,2022-04-04 23:18:07.000000,gemini-1,wattmetre_power_watt,1215.652,"['wattmetrev3-1-port6', 'wattmetrev3-1-port7', 'wattmetrev3-1-port8', 'wattmetrev3-1-port9']"
75,2022-04-04 23:18:08.000000,gemini-1,wattmetre_power_watt,1215.703,"['wattmetrev3-1-port6', 'wattmetrev3-1-port7', 'wattmetrev3-1-port8', 'wattmetrev3-1-port9']"
76,2022-04-04 23:18:09.000000,gemini-1,wattmetre_power_watt,1216.86,"['wattmetrev3-1-port6', 'wattmetrev3-1-port7', 'wattmetrev3-1-port8', 'wattmetrev3-1-port9']"
77,2022-04-04 23:18:10.000000,gemini-1,wattmetre_power_watt,1216.37,"['wattmetrev3-1-port6', 'wattmetrev3-1-port7', 'wattmetrev3-1-port8', 'wattmetrev3-1-port9']"
78,2022-04-04 23:18:11.000000,gemini-1,wattmetre_power_watt,1215.441,"['wattmetrev3-1-port6', 'wattmetrev3-1-port7', 'wattmetrev3-1-port8', 'wattmetrev3-1-port9']"
79,2022-04-04 23:18:11.444650,gemini-1,bmc_node_power_watt,1080.0,
80,2022-04-04 23:18:12.000000,gemini-1,wattmetre_power_watt,1215.755,"['wattmetrev3-1-port6', 'wattmetrev3-1-port7', 'wattmetrev3-1-port8', 'wattmetrev3-1-port9']"
81,2022-04-04 23:18:13.000000,gemini-1,wattmetre_power_watt,1215.685,"['wattmetrev3-1-port6', 'wattmetrev3-1-port7', 'wattmetrev3-1-port8', 'wattmetrev3-1-port9']"
82,2022-04-04 23:18:14.000000,gemini-1,wattmetre_power_watt,1215.525,"['wattmetrev3-1-port6', 'wattmetrev3-1-port7', 'wattmetrev3-1-port8', 'wattmetrev3-1-port9']"
83,2022-04-04 23:18:15.000000,gemini-1,wattmetre_power_watt,1217.202,"['wattmetrev3-1-port6', 'wattmetrev3-1-port7', 'wattmetrev3-1-port8', 'wattmetrev3-1-port9']"
84,2022-04-04 23:18:16.000000,gemini-1,wattmetre_power_watt,1216.858,"['wattmetrev3-1-port6', 'wattmetrev3-1-port7', 'wattmetrev3-1-port8', 'wattmetrev3-1-port9']"
85,2022-04-04 23:18:16.449690,gemini-1,bmc_node_power_watt,1080.0,
86,2022-04-04 23:18:17.000000,gemini-1,wattmetre_power_watt,1215.936,"['wattmetrev3-1-port6', 'wattmetrev3-1-port7', 'wattmetrev3-1-port8', 'wattmetrev3-1-port9']"
87,2022-04-04 23:18:18.000000,gemini-1,wattmetre_power_watt,1215.168,"['wattmetrev3-1-port6', 'wattmetrev3-1-port7', 'wattmetrev3-1-port8', 'wattmetrev3-1-port9']"
88,2022-04-04 23:18:19.000000,gemini-1,wattmetre_power_watt,1219.751,"['wattmetrev3-1-port6', 'wattmetrev3-1-port7', 'wattmetrev3-1-port8', 'wattmetrev3-1-port9']"
89,2022-04-04 23:18:20.000000,gemini-1,wattmetre_power_watt,1216.985,"['wattmetrev3-1-port6', 'wattmetrev3-1-port7', 'wattmetrev3-1-port8', 'wattmetrev3-1-port9']"
90,2022-04-04 23:18:21.000000,gemini-1,wattmetre_power_watt,1216.473,"['wattmetrev3-1-port6', 'wattmetrev3-1-port7', 'wattmetrev3-1-port8', 'wattmetrev3-1-port9']"
91,2022-04-04 23:18:21.450393,gemini-1,bmc_node_power_watt,1080.0,
92,2022-04-04 23:18:22.000000,gemini-1,wattmetre_power_watt,1216.959,"['wattmetrev3-1-port6', 'wattmetrev3-1-port7', 'wattmetrev3-1-port8', 'wattmetrev3-1-port9']"
93,2022-04-04 23:18:23.000000,gemini-1,wattmetre_power_watt,1215.997,"['wattmetrev3-1-port6', 'wattmetrev3-1-port7', 'wattmetrev3-1-port8', 'wattmetrev3-1-port9']"
94,2022-04-04 23:18:24.000000,gemini-1,wattmetre_power_watt,1215.579,"['wattmetrev3-1-port6', 'wattmetrev3-1-port7', 'wattmetrev3-1-port8', 'wattmetrev3-1-port9']"
95,2022-04-04 23:18:25.000000,gemini-1,wattmetre_power_watt,1216.146,"['wattmetrev3-1-port6', 'wattmetrev3-1-port7', 'wattmetrev3-1-port8', 'wattmetrev3-1-port9']"
96,2022-04-04 23:18:26.000000,gemini-1,wattmetre_power_watt,1216.07,"['wattmetrev3-1-port6', 'wattmetrev3-1-port7', 'wattmetrev3-1-port8', 'wattmetrev3-1-port9']"
97,2022-04-04 23:18:26.451620,gemini-1,bmc_node_power_watt,1080.0,
98,2022-04-04 23:18:27.000000,gemini-1,wattmetre_power_watt,1217.103,"['wattmetrev3-1-port6', 'wattmetrev3-1-port7', 'wattmetrev3-1-port8', 'wattmetrev3-1-port9']"
99,2022-04-04 23:18:28.000000,gemini-1,wattmetre_power_watt,1216.737,"['wattmetrev3-1-port6', 'wattmetrev3-1-port7', 'wattmetrev3-1-port8', 'wattmetrev3-1-port9']"
100,2022-04-04 23:18:29.000000,gemini-1,wattmetre_power_watt,1216.007,"['wattmetrev3-1-port6', 'wattmetrev3-1-port7', 'wattmetrev3-1-port8', 'wattmetrev3-1-port9']"
101,2022-04-04 23:18:30.000000,gemini-1,wattmetre_power_watt,1216.606,"['wattmetrev3-1-port6', 'wattmetrev3-1-port7', 'wattmetrev3-1-port8', 'wattmetrev3-1-port9']"
102,2022-04-04 23:18:31.000000,gemini-1,wattmetre_power_watt,1216.145,"['wattmetrev3-1-port6', 'wattmetrev3-1-port7', 'wattmetrev3-1-port8', 'wattmetrev3-1-port9']"
103,2022-04-04 23:18:31.451881,gemini-1,bmc_node_power_watt,1080.0,
104,2022-04-04 23:18:32.000000,gemini-1,wattmetre_power_watt,1216.248,"['wattmetrev3-1-port6', 'wattmetrev3-1-port7', 'wattmetrev3-1-port8', 'wattmetrev3-1-port9']"
105,2022-04-04 23:18:33.000000,gemini-1,wattmetre_power_watt,1217.451,"['wattmetrev3-1-port6', 'wattmetrev3-1-port7', 'wattmetrev3-1-port8', 'wattmetrev3-1-port9']"
106,2022-04-04 23:18:34.000000,gemini-1,wattmetre_power_watt,1216.747,"['wattmetrev3-1-port6', 'wattmetrev3-1-port7', 'wattmetrev3-1-port8', 'wattmetrev3-1-port9']"
107,2022-04-04 23:18:35.000000,gemini-1,wattmetre_power_watt,1216.606,"['wattmetrev3-1-port6', 'wattmetrev3-1-port7', 'wattmetrev3-1-port8', 'wattmetrev3-1-port9']"
108,2022-04-04 23:18:36.000000,gemini-1,wattmetre_power_watt,1216.459,"['wattmetrev3-1-port6', 'wattmetrev3-1-port7', 'wattmetrev3-1-port8', 'wattmetrev3-1-port9']"
109,2022-04-04 23:18:36.452671,gemini-1,bmc_node_power_watt,1080.0,
110,2022-04-04 23:18:37.000000,gemini-1,wattmetre_power_watt,1216.313,"['wattmetrev3-1-port6', 'wattmetrev3-1-port7', 'wattmetrev3-1-port8', 'wattmetrev3-1-port9']"
111,2022-04-04 23:18:38.000000,gemini-1,wattmetre_power_watt,1216.58,"['wattmetrev3-1-port6', 'wattmetrev3-1-port7', 'wattmetrev3-1-port8', 'wattmetrev3-1-port9']"
112,2022-04-04 23:18:39.000000,gemini-1,wattmetre_power_watt,1217.603,"['wattmetrev3-1-port6', 'wattmetrev3-1-port7', 'wattmetrev3-1-port8', 'wattmetrev3-1-port9']"
113,2022-04-04 23:18:40.000000,gemini-1,wattmetre_power_watt,1217.401,"['wattmetrev3-1-port6', 'wattmetrev3-1-port7', 'wattmetrev3-1-port8', 'wattmetrev3-1-port9']"
114,2022-04-04 23:18:41.000000,gemini-1,wattmetre_power_watt,1221.079,"['wattmetrev3-1-port6', 'wattmetrev3-1-port7', 'wattmetrev3-1-port8', 'wattmetrev3-1-port9']"
115,2022-04-04 23:18:41.453832,gemini-1,bmc_node_power_watt,1080.0,
116,2022-04-04 23:18:42.000000,gemini-1,wattmetre_power_watt,1217.073,"['wattmetrev3-1-port6', 'wattmetrev3-1-port7', 'wattmetrev3-1-port8', 'wattmetrev3-1-port9']"
117,2022-04-04 23:18:43.000000,gemini-1,wattmetre_power_watt,1216.4,"['wattmetrev3-1-port6', 'wattmetrev3-1-port7', 'wattmetrev3-1-port8', 'wattmetrev3-1-port9']"
118,2022-04-04 23:18:44.000000,gemini-1,wattmetre_power_watt,1216.813,"['wattmetrev3-1-port6', 'wattmetrev3-1-port7', 'wattmetrev3-1-port8', 'wattmetrev3-1-port9']"
119,2022-04-04 23:18:45.000000,gemini-1,wattmetre_power_watt,1217.15,"['wattmetrev3-1-port6', 'wattmetrev3-1-port7', 'wattmetrev3-1-port8', 'wattmetrev3-1-port9']"
120,2022-04-04 23:18:46.000000,gemini-1,wattmetre_power_watt,1218.045,"['wattmetrev3-1-port6', 'wattmetrev3-1-port7', 'wattmetrev3-1-port8', 'wattmetrev3-1-port9']"
121,2022-04-04 23:18:46.454333,gemini-1,bmc_node_power_watt,1080.0,
122,2022-04-04 23:18:47.000000,gemini-1,wattmetre_power_watt,1217.099,"['wattmetrev3-1-port6', 'wattmetrev3-1-port7', 'wattmetrev3-1-port8', 'wattmetrev3-1-port9']"
123,2022-04-04 23:18:48.000000,gemini-1,wattmetre_power_watt,1217.04,"['wattmetrev3-1-port6', 'wattmetrev3-1-port7', 'wattmetrev3-1-port8', 'wattmetrev3-1-port9']"
124,2022-04-04 23:18:49.000000,gemini-1,wattmetre_power_watt,1216.353,"['wattmetrev3-1-port6', 'wattmetrev3-1-port7', 'wattmetrev3-1-port8', 'wattmetrev3-1-port9']"
125,2022-04-04 23:18:50.000000,gemini-1,wattmetre_power_watt,1216.46,"['wattmetrev3-1-port6', 'wattmetrev3-1-port7', 'wattmetrev3-1-port8', 'wattmetrev3-1-port9']"
126,2022-04-04 23:18:51.000000,gemini-1,wattmetre_power_watt,1217.956,"['wattmetrev3-1-port6', 'wattmetrev3-1-port7', 'wattmetrev3-1-port8', 'wattmetrev3-1-port9']"
127,2022-04-04 23:18:51.458261,gemini-1,bmc_node_power_watt,1080.0,
128,2022-04-04 23:18:52.000000,gemini-1,wattmetre_power_watt,1217.478,"['wattmetrev3-1-port6', 'wattmetrev3-1-port7', 'wattmetrev3-1-port8', 'wattmetrev3-1-port9']"
129,2022-04-04 23:18:53.000000,gemini-1,wattmetre_power_watt,1184.147,"['wattmetrev3-1-port6', 'wattmetrev3-1-port7', 'wattmetrev3-1-port8', 'wattmetrev3-1-port9']"
130,2022-04-04 23:18:54.000000,gemini-1,wattmetre_power_watt,1180.698,"['wattmetrev3-1-port6', 'wattmetrev3-1-port7', 'wattmetrev3-1-port8', 'wattmetrev3-1-port9']"
131,2022-04-04 23:18:55.000000,gemini-1,wattmetre_power_watt,1180.245,"['wattmetrev3-1-port6', 'wattmetrev3-1-port7', 'wattmetrev3-1-port8', 'wattmetrev3-1-port9']"
132,2022-04-04 23:18:56.000000,gemini-1,wattmetre_power_watt,1179.506,"['wattmetrev3-1-port6', 'wattmetrev3-1-port7', 'wattmetrev3-1-port8', 'wattmetrev3-1-port9']"
133,2022-04-04 23:18:56.458573,gemini-1,bmc_node_power_watt,1044.0,
134,2022-04-04 23:18:57.000000,gemini-1,wattmetre_power_watt,1180.43,"['wattmetrev3-1-port6', 'wattmetrev3-1-port7', 'wattmetrev3-1-port8', 'wattmetrev3-1-port9']"
135,2022-04-04 23:18:58.000000,gemini-1,wattmetre_power_watt,1180.458,"['wattmetrev3-1-port6', 'wattmetrev3-1-port7', 'wattmetrev3-1-port8', 'wattmetrev3-1-port9']"
136,2022-04-04 23:18:59.000000,gemini-1,wattmetre_power_watt,1179.891,"['wattmetrev3-1-port6', 'wattmetrev3-1-port7', 'wattmetrev3-1-port8', 'wattmetrev3-1-port9']"
137,2022-04-04 23:19:00.000000,gemini-1,wattmetre_power_watt,1179.838,"['wattmetrev3-1-port6', 'wattmetrev3-1-port7', 'wattmetrev3-1-port8', 'wattmetrev3-1-port9']"
138,2022-04-04 23:19:01.000000,gemini-1,wattmetre_power_watt,1179.423,"['wattmetrev3-1-port6', 'wattmetrev3-1-port7', 'wattmetrev3-1-port8', 'wattmetrev3-1-port9']"
139,2022-04-04 23:19:01.466416,gemini-1,bmc_node_power_watt,1044.0,
140,2022-04-04 23:19:02.000000,gemini-1,wattmetre_power_watt,1180.427,"['wattmetrev3-1-port6', 'wattmetrev3-1-port7', 'wattmetrev3-1-port8', 'wattmetrev3-1-port9']"
141,2022-04-04 23:19:03.000000,gemini-1,wattmetre_power_watt,1184.295,"['wattmetrev3-1-port6', 'wattmetrev3-1-port7', 'wattmetrev3-1-port8', 'wattmetrev3-1-port9']"
142,2022-04-04 23:19:04.000000,gemini-1,wattmetre_power_watt,1179.823,"['wattmetrev3-1-port6', 'wattmetrev3-1-port7', 'wattmetrev3-1-port8', 'wattmetrev3-1-port9']"
143,2022-04-04 23:19:05.000000,gemini-1,wattmetre_power_watt,1179.785,"['wattmetrev3-1-port6', 'wattmetrev3-1-port7', 'wattmetrev3-1-port8', 'wattmetrev3-1-port9']"
144,2022-04-04 23:19:06.000000,gemini-1,wattmetre_power_watt,1179.792,"['wattmetrev3-1-port6', 'wattmetrev3-1-port7', 'wattmetrev3-1-port8', 'wattmetrev3-1-port9']"
145,2022-04-04 23:19:06.460612,gemini-1,bmc_node_power_watt,1044.0,
146,2022-04-04 23:19:07.000000,gemini-1,wattmetre_power_watt,1178.83564356436,"['wattmetrev3-1-port6', 'wattmetrev3-1-port7', 'wattmetrev3-1-port8', 'wattmetrev3-1-port9']"
147,2022-04-04 23:19:08.000000,gemini-1,wattmetre_power_watt,1179.182,"['wattmetrev3-1-port6', 'wattmetrev3-1-port7', 'wattmetrev3-1-port8', 'wattmetrev3-1-port9']"
148,2022-04-04 23:19:09.000000,gemini-1,wattmetre_power_watt,1180.52,"['wattmetrev3-1-port6', 'wattmetrev3-1-port7', 'wattmetrev3-1-port8', 'wattmetrev3-1-port9']"
149,2022-04-04 23:19:10.000000,gemini-1,wattmetre_power_watt,1180.153,"['wattmetrev3-1-port6', 'wattmetrev3-1-port7', 'wattmetrev3-1-port8', 'wattmetrev3-1-port9']"
150,2022-04-04 23:19:11.000000,gemini-1,wattmetre_power_watt,1178.971,"['wattmetrev3-1-port6', 'wattmetrev3-1-port7', 'wattmetrev3-1-port8', 'wattmetrev3-1-port9']"
151,2022-04-04 23:19:11.461258,gemini-1,bmc_node_power_watt,1044.0,
152,2022-04-04 23:19:12.000000,gemini-1,wattmetre_power_watt,1179.301,"['wattmetrev3-1-port6', 'wattmetrev3-1-port7', 'wattmetrev3-1-port8', 'wattmetrev3-1-port9']"
153,2022-04-04 23:19:13.000000,gemini-1,wattmetre_power_watt,1179.241,"['wattmetrev3-1-port6', 'wattmetrev3-1-port7', 'wattmetrev3-1-port8', 'wattmetrev3-1-port9']"
154,2022-04-04 23:19:14.000000,gemini-1,wattmetre_power_watt,1179.096,"['wattmetrev3-1-port6', 'wattmetrev3-1-port7', 'wattmetrev3-1-port8', 'wattmetrev3-1-port9']"
155,2022-04-04 23:19:15.000000,gemini-1,wattmetre_power_watt,1180.494,"['wattmetrev3-1-port6', 'wattmetrev3-1-port7', 'wattmetrev3-1-port8', 'wattmetrev3-1-port9']"
156,2022-04-04 23:19:16.000000,gemini-1,wattmetre_power_watt,1180.109,"['wattmetrev3-1-port6', 'wattmetrev3-1-port7', 'wattmetrev3-1-port8', 'wattmetrev3-1-port9']"
157,2022-04-04 23:19:16.462612,gemini-1,bmc_node_power_watt,1044.0,
158,2022-04-04 23:19:17.000000,gemini-1,wattmetre_power_watt,1179.507,"['wattmetrev3-1-port6', 'wattmetrev3-1-port7', 'wattmetrev3-1-port8', 'wattmetrev3-1-port9']"
159,2022-04-04 23:19:18.000000,gemini-1,wattmetre_power_watt,1178.832,"['wattmetrev3-1-port6', 'wattmetrev3-1-port7', 'wattmetrev3-1-port8', 'wattmetrev3-1-port9']"
160,2022-04-04 23:19:19.000000,gemini-1,wattmetre_power_watt,1179.061,"['wattmetrev3-1-port6', 'wattmetrev3-1-port7', 'wattmetrev3-1-port8', 'wattmetrev3-1-port9']"
161,2022-04-04 23:19:20.000000,gemini-1,wattmetre_power_watt,1178.887,"['wattmetrev3-1-port6', 'wattmetrev3-1-port7', 'wattmetrev3-1-port8', 'wattmetrev3-1-port9']"
162,2022-04-04 23:19:21.000000,gemini-1,wattmetre_power_watt,1180.002,"['wattmetrev3-1-port6', 'wattmetrev3-1-port7', 'wattmetrev3-1-port8', 'wattmetrev3-1-port9']"
163,2022-04-04 23:19:21.462488,gemini-1,bmc_node_power_watt,1044.0,
164,2022-04-04 23:19:22.000000,gemini-1,wattmetre_power_watt,1180.427,"['wattmetrev3-1-port6', 'wattmetrev3-1-port7', 'wattmetrev3-1-port8', 'wattmetrev3-1-port9']"
165,2022-04-04 23:19:23.000000,gemini-1,wattmetre_power_watt,1179.206,"['wattmetrev3-1-port6', 'wattmetrev3-1-port7', 'wattmetrev3-1-port8', 'wattmetrev3-1-port9']"
166,2022-04-04 23:19:24.000000,gemini-1,wattmetre_power_watt,1180.228,"['wattmetrev3-1-port6', 'wattmetrev3-1-port7', 'wattmetrev3-1-port8', 'wattmetrev3-1-port9']"
167,2022-04-04 23:19:25.000000,gemini-1,wattmetre_power_watt,1182.57,"['wattmetrev3-1-port6', 'wattmetrev3-1-port7', 'wattmetrev3-1-port8', 'wattmetrev3-1-port9']"
168,2022-04-04 23:19:26.000000,gemini-1,wattmetre_power_watt,1179.132,"['wattmetrev3-1-port6', 'wattmetrev3-1-port7', 'wattmetrev3-1-port8', 'wattmetrev3-1-port9']"
169,2022-04-04 23:19:26.464299,gemini-1,bmc_node_power_watt,1044.0,
170,2022-04-04 23:19:27.000000,gemini-1,wattmetre_power_watt,1180.034,"['wattmetrev3-1-port6', 'wattmetrev3-1-port7', 'wattmetrev3-1-port8', 'wattmetrev3-1-port9']"
171,2022-04-04 23:19:28.000000,gemini-1,wattmetre_power_watt,1180.405,"['wattmetrev3-1-port6', 'wattmetrev3-1-port7', 'wattmetrev3-1-port8', 'wattmetrev3-1-port9']"
172,2022-04-04 23:19:29.000000,gemini-1,wattmetre_power_watt,1178.767,"['wattmetrev3-1-port6', 'wattmetrev3-1-port7', 'wattmetrev3-1-port8', 'wattmetrev3-1-port9']"
173,2022-04-04 23:19:30.000000,gemini-1,wattmetre_power_watt,1179.219,"['wattmetrev3-1-port6', 'wattmetrev3-1-port7', 'wattmetrev3-1-port8', 'wattmetrev3-1-port9']"
174,2022-04-04 23:19:31.000000,gemini-1,wattmetre_power_watt,1178.979,"['wattmetrev3-1-port6', 'wattmetrev3-1-port7', 'wattmetrev3-1-port8', 'wattmetrev3-1-port9']"
175,2022-04-04 23:19:31.464275,gemini-1,bmc_node_power_watt,1044.0,
176,2022-04-04 23:19:32.000000,gemini-1,wattmetre_power_watt,1178.844,"['wattmetrev3-1-port6', 'wattmetrev3-1-port7', 'wattmetrev3-1-port8', 'wattmetrev3-1-port9']"
177,2022-04-04 23:19:33.000000,gemini-1,wattmetre_power_watt,1179.918,"['wattmetrev3-1-port6', 'wattmetrev3-1-port7', 'wattmetrev3-1-port8', 'wattmetrev3-1-port9']"
178,2022-04-04 23:19:34.000000,gemini-1,wattmetre_power_watt,1179.736,"['wattmetrev3-1-port6', 'wattmetrev3-1-port7', 'wattmetrev3-1-port8', 'wattmetrev3-1-port9']"
179,2022-04-04 23:19:35.000000,gemini-1,wattmetre_power_watt,1179.364,"['wattmetrev3-1-port6', 'wattmetrev3-1-port7', 'wattmetrev3-1-port8', 'wattmetrev3-1-port9']"
180,2022-04-04 23:19:36.000000,gemini-1,wattmetre_power_watt,1178.948,"['wattmetrev3-1-port6', 'wattmetrev3-1-port7', 'wattmetrev3-1-port8', 'wattmetrev3-1-port9']"
181,2022-04-04 23:19:36.464695,gemini-1,bmc_node_power_watt,1044.0,
182,2022-04-04 23:19:37.000000,gemini-1,wattmetre_power_watt,1178.614,"['wattmetrev3-1-port6', 'wattmetrev3-1-port7', 'wattmetrev3-1-port8', 'wattmetrev3-1-port9']"
183,2022-04-04 23:19:38.000000,gemini-1,wattmetre_power_watt,1178.905,"['wattmetrev3-1-port6', 'wattmetrev3-1-port7', 'wattmetrev3-1-port8', 'wattmetrev3-1-port9']"
184,2022-04-04 23:19:39.000000,gemini-1,wattmetre_power_watt,1179.621,"['wattmetrev3-1-port6', 'wattmetrev3-1-port7', 'wattmetrev3-1-port8', 'wattmetrev3-1-port9']"
185,2022-04-04 23:19:40.000000,gemini-1,wattmetre_power_watt,1180.237,"['wattmetrev3-1-port6', 'wattmetrev3-1-port7', 'wattmetrev3-1-port8', 'wattmetrev3-1-port9']"
186,2022-04-04 23:19:41.000000,gemini-1,wattmetre_power_watt,1179.072,"['wattmetrev3-1-port6', 'wattmetrev3-1-port7', 'wattmetrev3-1-port8', 'wattmetrev3-1-port9']"
187,2022-04-04 23:19:41.469615,gemini-1,bmc_node_power_watt,1044.0,
188,2022-04-04 23:19:42.000000,gemini-1,wattmetre_power_watt,1178.443,"['wattmetrev3-1-port6', 'wattmetrev3-1-port7', 'wattmetrev3-1-port8', 'wattmetrev3-1-port9']"
189,2022-04-04 23:19:43.000000,gemini-1,wattmetre_power_watt,1179.107,"['wattmetrev3-1-port6', 'wattmetrev3-1-port7', 'wattmetrev3-1-port8', 'wattmetrev3-1-port9']"
190,2022-04-04 23:19:44.000000,gemini-1,wattmetre_power_watt,1178.975,"['wattmetrev3-1-port6', 'wattmetrev3-1-port7', 'wattmetrev3-1-port8', 'wattmetrev3-1-port9']"
191,2022-04-04 23:19:45.000000,gemini-1,wattmetre_power_watt,1180.0099009901,"['wattmetrev3-1-port6', 'wattmetrev3-1-port7', 'wattmetrev3-1-port8', 'wattmetrev3-1-port9']"
192,2022-04-04 23:19:46.000000,gemini-1,wattmetre_power_watt,1182.664,"['wattmetrev3-1-port6', 'wattmetrev3-1-port7', 'wattmetrev3-1-port8', 'wattmetrev3-1-port9']"
193,2022-04-04 23:19:46.469905,gemini-1,bmc_node_power_watt,1044.0,
194,2022-04-04 23:19:47.000000,gemini-1,wattmetre_power_watt,1180.719,"['wattmetrev3-1-port6', 'wattmetrev3-1-port7', 'wattmetrev3-1-port8', 'wattmetrev3-1-port9']"
195,2022-04-04 23:19:48.000000,gemini-1,wattmetre_power_watt,1179.135,"['wattmetrev3-1-port6', 'wattmetrev3-1-port7', 'wattmetrev3-1-port8', 'wattmetrev3-1-port9']"
196,2022-04-04 23:19:49.000000,gemini-1,wattmetre_power_watt,1178.687,"['wattmetrev3-1-port6', 'wattmetrev3-1-port7', 'wattmetrev3-1-port8', 'wattmetrev3-1-port9']"
197,2022-04-04 23:19:50.000000,gemini-1,wattmetre_power_watt,1178.837,"['wattmetrev3-1-port6', 'wattmetrev3-1-port7', 'wattmetrev3-1-port8', 'wattmetrev3-1-port9']"
198,2022-04-04 23:19:51.000000,gemini-1,wattmetre_power_watt,1180.001,"['wattmetrev3-1-port6', 'wattmetrev3-1-port7', 'wattmetrev3-1-port8', 'wattmetrev3-1-port9']"
199,2022-04-04 23:19:51.470050,gemini-1,bmc_node_power_watt,1044.0,
200,2022-04-04 23:19:52.000000,gemini-1,wattmetre_power_watt,1179.791,"['wattmetrev3-1-port6', 'wattmetrev3-1-port7', 'wattmetrev3-1-port8', 'wattmetrev3-1-port9']"
201,2022-04-04 23:19:53.000000,gemini-1,wattmetre_power_watt,1178.509,"['wattmetrev3-1-port6', 'wattmetrev3-1-port7', 'wattmetrev3-1-port8', 'wattmetrev3-1-port9']"
202,2022-04-04 23:19:54.000000,gemini-1,wattmetre_power_watt,1178.893,"['wattmetrev3-1-port6', 'wattmetrev3-1-port7', 'wattmetrev3-1-port8', 'wattmetrev3-1-port9']"
203,2022-04-04 23:19:55.000000,gemini-1,wattmetre_power_watt,1179.294,"['wattmetrev3-1-port6', 'wattmetrev3-1-port7', 'wattmetrev3-1-port8', 'wattmetrev3-1-port9']"
