,timestamp,device_id,metric_id,value,labels._device_orig
0,2022-08-17 11:07:54.000000,gemini-1,wattmetre_power_watt,1173.181,"['wattmetrev3-1-port0', 'wattmetrev3-1-port1', 'wattmetrev3-1-port2', 'wattmetrev3-1-port3']"
1,2022-08-17 11:07:55.000000,gemini-1,wattmetre_power_watt,1173.953,"['wattmetrev3-1-port0', 'wattmetrev3-1-port1', 'wattmetrev3-1-port2', 'wattmetrev3-1-port3']"
2,2022-08-17 11:07:56.000000,gemini-1,wattmetre_power_watt,1173.807,"['wattmetrev3-1-port0', 'wattmetrev3-1-port1', 'wattmetrev3-1-port2', 'wattmetrev3-1-port3']"
3,2022-08-17 11:07:57.000000,gemini-1,wattmetre_power_watt,1175.137,"['wattmetrev3-1-port0', 'wattmetrev3-1-port1', 'wattmetrev3-1-port2', 'wattmetrev3-1-port3']"
4,2022-08-17 11:07:57.755782,gemini-1,bmc_node_power_watt,1044.0,
5,2022-08-17 11:07:58.000000,gemini-1,wattmetre_power_watt,1173.792,"['wattmetrev3-1-port0', 'wattmetrev3-1-port1', 'wattmetrev3-1-port2', 'wattmetrev3-1-port3']"
6,2022-08-17 11:07:59.000000,gemini-1,wattmetre_power_watt,1173.311,"['wattmetrev3-1-port0', 'wattmetrev3-1-port1', 'wattmetrev3-1-port2', 'wattmetrev3-1-port3']"
7,2022-08-17 11:08:00.000000,gemini-1,wattmetre_power_watt,1173.346,"['wattmetrev3-1-port0', 'wattmetrev3-1-port1', 'wattmetrev3-1-port2', 'wattmetrev3-1-port3']"
8,2022-08-17 11:08:01.000000,gemini-1,wattmetre_power_watt,1173.797,"['wattmetrev3-1-port0', 'wattmetrev3-1-port1', 'wattmetrev3-1-port2', 'wattmetrev3-1-port3']"
9,2022-08-17 11:08:02.000000,gemini-1,wattmetre_power_watt,1173.94848484849,"['wattmetrev3-1-port0', 'wattmetrev3-1-port1', 'wattmetrev3-1-port2', 'wattmetrev3-1-port3']"
10,2022-08-17 11:08:02.755792,gemini-1,bmc_node_power_watt,1044.0,
11,2022-08-17 11:08:03.000000,gemini-1,wattmetre_power_watt,1174.868,"['wattmetrev3-1-port0', 'wattmetrev3-1-port1', 'wattmetrev3-1-port2', 'wattmetrev3-1-port3']"
12,2022-08-17 11:08:04.000000,gemini-1,wattmetre_power_watt,1173.653,"['wattmetrev3-1-port0', 'wattmetrev3-1-port1', 'wattmetrev3-1-port2', 'wattmetrev3-1-port3']"
13,2022-08-17 11:08:05.000000,gemini-1,wattmetre_power_watt,1173.406,"['wattmetrev3-1-port0', 'wattmetrev3-1-port1', 'wattmetrev3-1-port2', 'wattmetrev3-1-port3']"
14,2022-08-17 11:08:06.000000,gemini-1,wattmetre_power_watt,1173.562,"['wattmetrev3-1-port0', 'wattmetrev3-1-port1', 'wattmetrev3-1-port2', 'wattmetrev3-1-port3']"
15,2022-08-17 11:08:07.000000,gemini-1,wattmetre_power_watt,1173.281,"['wattmetrev3-1-port0', 'wattmetrev3-1-port1', 'wattmetrev3-1-port2', 'wattmetrev3-1-port3']"
16,2022-08-17 11:08:07.756110,gemini-1,bmc_node_power_watt,1044.0,
17,2022-08-17 11:08:08.000000,gemini-1,wattmetre_power_watt,1173.314,"['wattmetrev3-1-port0', 'wattmetrev3-1-port1', 'wattmetrev3-1-port2', 'wattmetrev3-1-port3']"
18,2022-08-17 11:08:09.000000,gemini-1,wattmetre_power_watt,1174.858,"['wattmetrev3-1-port0', 'wattmetrev3-1-port1', 'wattmetrev3-1-port2', 'wattmetrev3-1-port3']"
19,2022-08-17 11:08:10.000000,gemini-1,wattmetre_power_watt,1174.065,"['wattmetrev3-1-port0', 'wattmetrev3-1-port1', 'wattmetrev3-1-port2', 'wattmetrev3-1-port3']"
20,2022-08-17 11:08:11.000000,gemini-1,wattmetre_power_watt,1173.108,"['wattmetrev3-1-port0', 'wattmetrev3-1-port1', 'wattmetrev3-1-port2', 'wattmetrev3-1-port3']"
21,2022-08-17 11:08:12.000000,gemini-1,wattmetre_power_watt,1172.665,"['wattmetrev3-1-port0', 'wattmetrev3-1-port1', 'wattmetrev3-1-port2', 'wattmetrev3-1-port3']"
22,2022-08-17 11:08:12.760336,gemini-1,bmc_node_power_watt,1044.0,
23,2022-08-17 11:08:13.000000,gemini-1,wattmetre_power_watt,1173.988,"['wattmetrev3-1-port0', 'wattmetrev3-1-port1', 'wattmetrev3-1-port2', 'wattmetrev3-1-port3']"
24,2022-08-17 11:08:14.000000,gemini-1,wattmetre_power_watt,1174.168,"['wattmetrev3-1-port0', 'wattmetrev3-1-port1', 'wattmetrev3-1-port2', 'wattmetrev3-1-port3']"
25,2022-08-17 11:08:15.000000,gemini-1,wattmetre_power_watt,1174.603,"['wattmetrev3-1-port0', 'wattmetrev3-1-port1', 'wattmetrev3-1-port2', 'wattmetrev3-1-port3']"
26,2022-08-17 11:08:16.000000,gemini-1,wattmetre_power_watt,1173.353,"['wattmetrev3-1-port0', 'wattmetrev3-1-port1', 'wattmetrev3-1-port2', 'wattmetrev3-1-port3']"
27,2022-08-17 11:08:17.000000,gemini-1,wattmetre_power_watt,1172.985,"['wattmetrev3-1-port0', 'wattmetrev3-1-port1', 'wattmetrev3-1-port2', 'wattmetrev3-1-port3']"
28,2022-08-17 11:08:17.760628,gemini-1,bmc_node_power_watt,1044.0,
29,2022-08-17 11:08:18.000000,gemini-1,wattmetre_power_watt,1173.967,"['wattmetrev3-1-port0', 'wattmetrev3-1-port1', 'wattmetrev3-1-port2', 'wattmetrev3-1-port3']"
30,2022-08-17 11:08:19.000000,gemini-1,wattmetre_power_watt,1173.116,"['wattmetrev3-1-port0', 'wattmetrev3-1-port1', 'wattmetrev3-1-port2', 'wattmetrev3-1-port3']"
31,2022-08-17 11:08:20.000000,gemini-1,wattmetre_power_watt,1173.527,"['wattmetrev3-1-port0', 'wattmetrev3-1-port1', 'wattmetrev3-1-port2', 'wattmetrev3-1-port3']"
32,2022-08-17 11:08:21.000000,gemini-1,wattmetre_power_watt,1175.37878787879,"['wattmetrev3-1-port0', 'wattmetrev3-1-port1', 'wattmetrev3-1-port2', 'wattmetrev3-1-port3']"
33,2022-08-17 11:08:22.000000,gemini-1,wattmetre_power_watt,1173.209,"['wattmetrev3-1-port0', 'wattmetrev3-1-port1', 'wattmetrev3-1-port2', 'wattmetrev3-1-port3']"
34,2022-08-17 11:08:22.766236,gemini-1,bmc_node_power_watt,1044.0,
35,2022-08-17 11:08:23.000000,gemini-1,wattmetre_power_watt,1173.154,"['wattmetrev3-1-port0', 'wattmetrev3-1-port1', 'wattmetrev3-1-port2', 'wattmetrev3-1-port3']"
36,2022-08-17 11:08:24.000000,gemini-1,wattmetre_power_watt,1173.789,"['wattmetrev3-1-port0', 'wattmetrev3-1-port1', 'wattmetrev3-1-port2', 'wattmetrev3-1-port3']"
37,2022-08-17 11:08:25.000000,gemini-1,wattmetre_power_watt,1173.208,"['wattmetrev3-1-port0', 'wattmetrev3-1-port1', 'wattmetrev3-1-port2', 'wattmetrev3-1-port3']"
38,2022-08-17 11:08:26.000000,gemini-1,wattmetre_power_watt,1173.591,"['wattmetrev3-1-port0', 'wattmetrev3-1-port1', 'wattmetrev3-1-port2', 'wattmetrev3-1-port3']"
39,2022-08-17 11:08:27.000000,gemini-1,wattmetre_power_watt,1174.749,"['wattmetrev3-1-port0', 'wattmetrev3-1-port1', 'wattmetrev3-1-port2', 'wattmetrev3-1-port3']"
40,2022-08-17 11:08:27.766486,gemini-1,bmc_node_power_watt,1044.0,
41,2022-08-17 11:08:28.000000,gemini-1,wattmetre_power_watt,1173.798,"['wattmetrev3-1-port0', 'wattmetrev3-1-port1', 'wattmetrev3-1-port2', 'wattmetrev3-1-port3']"
42,2022-08-17 11:08:29.000000,gemini-1,wattmetre_power_watt,1173.307,"['wattmetrev3-1-port0', 'wattmetrev3-1-port1', 'wattmetrev3-1-port2', 'wattmetrev3-1-port3']"
43,2022-08-17 11:08:30.000000,gemini-1,wattmetre_power_watt,1173.644,"['wattmetrev3-1-port0', 'wattmetrev3-1-port1', 'wattmetrev3-1-port2', 'wattmetrev3-1-port3']"
44,2022-08-17 11:08:31.000000,gemini-1,wattmetre_power_watt,1172.922,"['wattmetrev3-1-port0', 'wattmetrev3-1-port1', 'wattmetrev3-1-port2', 'wattmetrev3-1-port3']"
45,2022-08-17 11:08:32.000000,gemini-1,wattmetre_power_watt,1173.982,"['wattmetrev3-1-port0', 'wattmetrev3-1-port1', 'wattmetrev3-1-port2', 'wattmetrev3-1-port3']"
46,2022-08-17 11:08:32.769990,gemini-1,bmc_node_power_watt,1044.0,
47,2022-08-17 11:08:33.000000,gemini-1,wattmetre_power_watt,1175.458,"['wattmetrev3-1-port0', 'wattmetrev3-1-port1', 'wattmetrev3-1-port2', 'wattmetrev3-1-port3']"
48,2022-08-17 11:08:34.000000,gemini-1,wattmetre_power_watt,1173.21,"['wattmetrev3-1-port0', 'wattmetrev3-1-port1', 'wattmetrev3-1-port2', 'wattmetrev3-1-port3']"
49,2022-08-17 11:08:35.000000,gemini-1,wattmetre_power_watt,1173.707,"['wattmetrev3-1-port0', 'wattmetrev3-1-port1', 'wattmetrev3-1-port2', 'wattmetrev3-1-port3']"
50,2022-08-17 11:08:36.000000,gemini-1,wattmetre_power_watt,1173.49,"['wattmetrev3-1-port0', 'wattmetrev3-1-port1', 'wattmetrev3-1-port2', 'wattmetrev3-1-port3']"
51,2022-08-17 11:08:37.000000,gemini-1,wattmetre_power_watt,1173.709,"['wattmetrev3-1-port0', 'wattmetrev3-1-port1', 'wattmetrev3-1-port2', 'wattmetrev3-1-port3']"
52,2022-08-17 11:08:37.774809,gemini-1,bmc_node_power_watt,1044.0,
53,2022-08-17 11:08:38.000000,gemini-1,wattmetre_power_watt,1173.726,"['wattmetrev3-1-port0', 'wattmetrev3-1-port1', 'wattmetrev3-1-port2', 'wattmetrev3-1-port3']"
54,2022-08-17 11:08:39.000000,gemini-1,wattmetre_power_watt,1174.8303030303,"['wattmetrev3-1-port0', 'wattmetrev3-1-port1', 'wattmetrev3-1-port2', 'wattmetrev3-1-port3']"
55,2022-08-17 11:08:40.000000,gemini-1,wattmetre_power_watt,1173.473,"['wattmetrev3-1-port0', 'wattmetrev3-1-port1', 'wattmetrev3-1-port2', 'wattmetrev3-1-port3']"
56,2022-08-17 11:08:41.000000,gemini-1,wattmetre_power_watt,1173.762,"['wattmetrev3-1-port0', 'wattmetrev3-1-port1', 'wattmetrev3-1-port2', 'wattmetrev3-1-port3']"
57,2022-08-17 11:08:42.000000,gemini-1,wattmetre_power_watt,1173.27,"['wattmetrev3-1-port0', 'wattmetrev3-1-port1', 'wattmetrev3-1-port2', 'wattmetrev3-1-port3']"
58,2022-08-17 11:08:42.775762,gemini-1,bmc_node_power_watt,1044.0,
59,2022-08-17 11:08:43.000000,gemini-1,wattmetre_power_watt,1173.111,"['wattmetrev3-1-port0', 'wattmetrev3-1-port1', 'wattmetrev3-1-port2', 'wattmetrev3-1-port3']"
60,2022-08-17 11:08:44.000000,gemini-1,wattmetre_power_watt,1174.054,"['wattmetrev3-1-port0', 'wattmetrev3-1-port1', 'wattmetrev3-1-port2', 'wattmetrev3-1-port3']"
61,2022-08-17 11:08:45.000000,gemini-1,wattmetre_power_watt,1174.78,"['wattmetrev3-1-port0', 'wattmetrev3-1-port1', 'wattmetrev3-1-port2', 'wattmetrev3-1-port3']"
62,2022-08-17 11:08:46.000000,gemini-1,wattmetre_power_watt,1173.154,"['wattmetrev3-1-port0', 'wattmetrev3-1-port1', 'wattmetrev3-1-port2', 'wattmetrev3-1-port3']"
63,2022-08-17 11:08:47.000000,gemini-1,wattmetre_power_watt,1173.802,"['wattmetrev3-1-port0', 'wattmetrev3-1-port1', 'wattmetrev3-1-port2', 'wattmetrev3-1-port3']"
64,2022-08-17 11:08:47.776034,gemini-1,bmc_node_power_watt,1044.0,
65,2022-08-17 11:08:48.000000,gemini-1,wattmetre_power_watt,1173.605,"['wattmetrev3-1-port0', 'wattmetrev3-1-port1', 'wattmetrev3-1-port2', 'wattmetrev3-1-port3']"
66,2022-08-17 11:08:49.000000,gemini-1,wattmetre_power_watt,1172.999,"['wattmetrev3-1-port0', 'wattmetrev3-1-port1', 'wattmetrev3-1-port2', 'wattmetrev3-1-port3']"
67,2022-08-17 11:08:50.000000,gemini-1,wattmetre_power_watt,1174.361,"['wattmetrev3-1-port0', 'wattmetrev3-1-port1', 'wattmetrev3-1-port2', 'wattmetrev3-1-port3']"
68,2022-08-17 11:08:51.000000,gemini-1,wattmetre_power_watt,1174.902,"['wattmetrev3-1-port0', 'wattmetrev3-1-port1', 'wattmetrev3-1-port2', 'wattmetrev3-1-port3']"
69,2022-08-17 11:08:52.000000,gemini-1,wattmetre_power_watt,1173.528,"['wattmetrev3-1-port0', 'wattmetrev3-1-port1', 'wattmetrev3-1-port2', 'wattmetrev3-1-port3']"
70,2022-08-17 11:08:52.777570,gemini-1,bmc_node_power_watt,1044.0,
71,2022-08-17 11:08:53.000000,gemini-1,wattmetre_power_watt,1173.572,"['wattmetrev3-1-port0', 'wattmetrev3-1-port1', 'wattmetrev3-1-port2', 'wattmetrev3-1-port3']"
72,2022-08-17 11:08:54.000000,gemini-1,wattmetre_power_watt,1202.504,"['wattmetrev3-1-port0', 'wattmetrev3-1-port1', 'wattmetrev3-1-port2', 'wattmetrev3-1-port3']"
73,2022-08-17 11:08:55.000000,gemini-1,wattmetre_power_watt,1209.183,"['wattmetrev3-1-port0', 'wattmetrev3-1-port1', 'wattmetrev3-1-port2', 'wattmetrev3-1-port3']"
74,2022-08-17 11:08:56.000000,gemini-1,wattmetre_power_watt,1210.302,"['wattmetrev3-1-port0', 'wattmetrev3-1-port1', 'wattmetrev3-1-port2', 'wattmetrev3-1-port3']"
75,2022-08-17 11:08:57.000000,gemini-1,wattmetre_power_watt,1210.675,"['wattmetrev3-1-port0', 'wattmetrev3-1-port1', 'wattmetrev3-1-port2', 'wattmetrev3-1-port3']"
76,2022-08-17 11:08:57.777728,gemini-1,bmc_node_power_watt,1080.0,
77,2022-08-17 11:08:58.000000,gemini-1,wattmetre_power_watt,1208.976,"['wattmetrev3-1-port0', 'wattmetrev3-1-port1', 'wattmetrev3-1-port2', 'wattmetrev3-1-port3']"
78,2022-08-17 11:08:59.000000,gemini-1,wattmetre_power_watt,1209.763,"['wattmetrev3-1-port0', 'wattmetrev3-1-port1', 'wattmetrev3-1-port2', 'wattmetrev3-1-port3']"
79,2022-08-17 11:09:00.000000,gemini-1,wattmetre_power_watt,1209.439,"['wattmetrev3-1-port0', 'wattmetrev3-1-port1', 'wattmetrev3-1-port2', 'wattmetrev3-1-port3']"
80,2022-08-17 11:09:01.000000,gemini-1,wattmetre_power_watt,1209.679,"['wattmetrev3-1-port0', 'wattmetrev3-1-port1', 'wattmetrev3-1-port2', 'wattmetrev3-1-port3']"
81,2022-08-17 11:09:02.000000,gemini-1,wattmetre_power_watt,1209.945,"['wattmetrev3-1-port0', 'wattmetrev3-1-port1', 'wattmetrev3-1-port2', 'wattmetrev3-1-port3']"
82,2022-08-17 11:09:02.779886,gemini-1,bmc_node_power_watt,1080.0,
83,2022-08-17 11:09:03.000000,gemini-1,wattmetre_power_watt,1211.505,"['wattmetrev3-1-port0', 'wattmetrev3-1-port1', 'wattmetrev3-1-port2', 'wattmetrev3-1-port3']"
84,2022-08-17 11:09:04.000000,gemini-1,wattmetre_power_watt,1209.665,"['wattmetrev3-1-port0', 'wattmetrev3-1-port1', 'wattmetrev3-1-port2', 'wattmetrev3-1-port3']"
85,2022-08-17 11:09:05.000000,gemini-1,wattmetre_power_watt,1210.187,"['wattmetrev3-1-port0', 'wattmetrev3-1-port1', 'wattmetrev3-1-port2', 'wattmetrev3-1-port3']"
86,2022-08-17 11:09:06.000000,gemini-1,wattmetre_power_watt,1209.724,"['wattmetrev3-1-port0', 'wattmetrev3-1-port1', 'wattmetrev3-1-port2', 'wattmetrev3-1-port3']"
87,2022-08-17 11:09:07.000000,gemini-1,wattmetre_power_watt,1209.743,"['wattmetrev3-1-port0', 'wattmetrev3-1-port1', 'wattmetrev3-1-port2', 'wattmetrev3-1-port3']"
88,2022-08-17 11:09:07.783051,gemini-1,bmc_node_power_watt,1080.0,
89,2022-08-17 11:09:08.000000,gemini-1,wattmetre_power_watt,1210.138,"['wattmetrev3-1-port0', 'wattmetrev3-1-port1', 'wattmetrev3-1-port2', 'wattmetrev3-1-port3']"
90,2022-08-17 11:09:09.000000,gemini-1,wattmetre_power_watt,1211.982,"['wattmetrev3-1-port0', 'wattmetrev3-1-port1', 'wattmetrev3-1-port2', 'wattmetrev3-1-port3']"
91,2022-08-17 11:09:10.000000,gemini-1,wattmetre_power_watt,1209.768,"['wattmetrev3-1-port0', 'wattmetrev3-1-port1', 'wattmetrev3-1-port2', 'wattmetrev3-1-port3']"
92,2022-08-17 11:09:11.000000,gemini-1,wattmetre_power_watt,1209.608,"['wattmetrev3-1-port0', 'wattmetrev3-1-port1', 'wattmetrev3-1-port2', 'wattmetrev3-1-port3']"
93,2022-08-17 11:09:12.000000,gemini-1,wattmetre_power_watt,1209.83535353535,"['wattmetrev3-1-port0', 'wattmetrev3-1-port1', 'wattmetrev3-1-port2', 'wattmetrev3-1-port3']"
94,2022-08-17 11:09:12.783213,gemini-1,bmc_node_power_watt,1080.0,
95,2022-08-17 11:09:13.000000,gemini-1,wattmetre_power_watt,1210.074,"['wattmetrev3-1-port0', 'wattmetrev3-1-port1', 'wattmetrev3-1-port2', 'wattmetrev3-1-port3']"
96,2022-08-17 11:09:14.000000,gemini-1,wattmetre_power_watt,1210.169,"['wattmetrev3-1-port0', 'wattmetrev3-1-port1', 'wattmetrev3-1-port2', 'wattmetrev3-1-port3']"
97,2022-08-17 11:09:15.000000,gemini-1,wattmetre_power_watt,1211.742,"['wattmetrev3-1-port0', 'wattmetrev3-1-port1', 'wattmetrev3-1-port2', 'wattmetrev3-1-port3']"
98,2022-08-17 11:09:16.000000,gemini-1,wattmetre_power_watt,1210.449,"['wattmetrev3-1-port0', 'wattmetrev3-1-port1', 'wattmetrev3-1-port2', 'wattmetrev3-1-port3']"
99,2022-08-17 11:09:17.000000,gemini-1,wattmetre_power_watt,1210.038,"['wattmetrev3-1-port0', 'wattmetrev3-1-port1', 'wattmetrev3-1-port2', 'wattmetrev3-1-port3']"
100,2022-08-17 11:09:17.783701,gemini-1,bmc_node_power_watt,1080.0,
101,2022-08-17 11:09:18.000000,gemini-1,wattmetre_power_watt,1209.453,"['wattmetrev3-1-port0', 'wattmetrev3-1-port1', 'wattmetrev3-1-port2', 'wattmetrev3-1-port3']"
102,2022-08-17 11:09:19.000000,gemini-1,wattmetre_power_watt,1210.311,"['wattmetrev3-1-port0', 'wattmetrev3-1-port1', 'wattmetrev3-1-port2', 'wattmetrev3-1-port3']"
103,2022-08-17 11:09:20.000000,gemini-1,wattmetre_power_watt,1210.51,"['wattmetrev3-1-port0', 'wattmetrev3-1-port1', 'wattmetrev3-1-port2', 'wattmetrev3-1-port3']"
104,2022-08-17 11:09:21.000000,gemini-1,wattmetre_power_watt,1211.328,"['wattmetrev3-1-port0', 'wattmetrev3-1-port1', 'wattmetrev3-1-port2', 'wattmetrev3-1-port3']"
105,2022-08-17 11:09:22.000000,gemini-1,wattmetre_power_watt,1210.293,"['wattmetrev3-1-port0', 'wattmetrev3-1-port1', 'wattmetrev3-1-port2', 'wattmetrev3-1-port3']"
106,2022-08-17 11:09:22.783885,gemini-1,bmc_node_power_watt,1080.0,
107,2022-08-17 11:09:23.000000,gemini-1,wattmetre_power_watt,1209.942,"['wattmetrev3-1-port0', 'wattmetrev3-1-port1', 'wattmetrev3-1-port2', 'wattmetrev3-1-port3']"
108,2022-08-17 11:09:24.000000,gemini-1,wattmetre_power_watt,1210.538,"['wattmetrev3-1-port0', 'wattmetrev3-1-port1', 'wattmetrev3-1-port2', 'wattmetrev3-1-port3']"
109,2022-08-17 11:09:25.000000,gemini-1,wattmetre_power_watt,1210.224,"['wattmetrev3-1-port0', 'wattmetrev3-1-port1', 'wattmetrev3-1-port2', 'wattmetrev3-1-port3']"
110,2022-08-17 11:09:26.000000,gemini-1,wattmetre_power_watt,1209.918,"['wattmetrev3-1-port0', 'wattmetrev3-1-port1', 'wattmetrev3-1-port2', 'wattmetrev3-1-port3']"
111,2022-08-17 11:09:27.000000,gemini-1,wattmetre_power_watt,1212.022,"['wattmetrev3-1-port0', 'wattmetrev3-1-port1', 'wattmetrev3-1-port2', 'wattmetrev3-1-port3']"
112,2022-08-17 11:09:27.788411,gemini-1,bmc_node_power_watt,1080.0,
113,2022-08-17 11:09:28.000000,gemini-1,wattmetre_power_watt,1210.378,"['wattmetrev3-1-port0', 'wattmetrev3-1-port1', 'wattmetrev3-1-port2', 'wattmetrev3-1-port3']"
114,2022-08-17 11:09:29.000000,gemini-1,wattmetre_power_watt,1210.03,"['wattmetrev3-1-port0', 'wattmetrev3-1-port1', 'wattmetrev3-1-port2', 'wattmetrev3-1-port3']"
115,2022-08-17 11:09:30.000000,gemini-1,wattmetre_power_watt,1210.144,"['wattmetrev3-1-port0', 'wattmetrev3-1-port1', 'wattmetrev3-1-port2', 'wattmetrev3-1-port3']"
116,2022-08-17 11:09:31.000000,gemini-1,wattmetre_power_watt,1210.044,"['wattmetrev3-1-port0', 'wattmetrev3-1-port1', 'wattmetrev3-1-port2', 'wattmetrev3-1-port3']"
117,2022-08-17 11:09:32.000000,gemini-1,wattmetre_power_watt,1210.338,"['wattmetrev3-1-port0', 'wattmetrev3-1-port1', 'wattmetrev3-1-port2', 'wattmetrev3-1-port3']"
118,2022-08-17 11:09:32.788301,gemini-1,bmc_node_power_watt,1080.0,
119,2022-08-17 11:09:33.000000,gemini-1,wattmetre_power_watt,1211.833,"['wattmetrev3-1-port0', 'wattmetrev3-1-port1', 'wattmetrev3-1-port2', 'wattmetrev3-1-port3']"
120,2022-08-17 11:09:34.000000,gemini-1,wattmetre_power_watt,1210.456,"['wattmetrev3-1-port0', 'wattmetrev3-1-port1', 'wattmetrev3-1-port2', 'wattmetrev3-1-port3']"
121,2022-08-17 11:09:35.000000,gemini-1,wattmetre_power_watt,1210.237,"['wattmetrev3-1-port0', 'wattmetrev3-1-port1', 'wattmetrev3-1-port2', 'wattmetrev3-1-port3']"
122,2022-08-17 11:09:36.000000,gemini-1,wattmetre_power_watt,1210.38,"['wattmetrev3-1-port0', 'wattmetrev3-1-port1', 'wattmetrev3-1-port2', 'wattmetrev3-1-port3']"
123,2022-08-17 11:09:37.000000,gemini-1,wattmetre_power_watt,1210.542,"['wattmetrev3-1-port0', 'wattmetrev3-1-port1', 'wattmetrev3-1-port2', 'wattmetrev3-1-port3']"
124,2022-08-17 11:09:37.788898,gemini-1,bmc_node_power_watt,1080.0,
125,2022-08-17 11:09:38.000000,gemini-1,wattmetre_power_watt,1210.743,"['wattmetrev3-1-port0', 'wattmetrev3-1-port1', 'wattmetrev3-1-port2', 'wattmetrev3-1-port3']"
126,2022-08-17 11:09:39.000000,gemini-1,wattmetre_power_watt,1211.843,"['wattmetrev3-1-port0', 'wattmetrev3-1-port1', 'wattmetrev3-1-port2', 'wattmetrev3-1-port3']"
127,2022-08-17 11:09:40.000000,gemini-1,wattmetre_power_watt,1210.658,"['wattmetrev3-1-port0', 'wattmetrev3-1-port1', 'wattmetrev3-1-port2', 'wattmetrev3-1-port3']"
128,2022-08-17 11:09:41.000000,gemini-1,wattmetre_power_watt,1210.545,"['wattmetrev3-1-port0', 'wattmetrev3-1-port1', 'wattmetrev3-1-port2', 'wattmetrev3-1-port3']"
129,2022-08-17 11:09:42.000000,gemini-1,wattmetre_power_watt,1189.812,"['wattmetrev3-1-port0', 'wattmetrev3-1-port1', 'wattmetrev3-1-port2', 'wattmetrev3-1-port3']"
130,2022-08-17 11:09:42.789149,gemini-1,bmc_node_power_watt,1080.0,
131,2022-08-17 11:09:43.000000,gemini-1,wattmetre_power_watt,1177.036,"['wattmetrev3-1-port0', 'wattmetrev3-1-port1', 'wattmetrev3-1-port2', 'wattmetrev3-1-port3']"
132,2022-08-17 11:09:44.000000,gemini-1,wattmetre_power_watt,1176.219,"['wattmetrev3-1-port0', 'wattmetrev3-1-port1', 'wattmetrev3-1-port2', 'wattmetrev3-1-port3']"
133,2022-08-17 11:09:45.000000,gemini-1,wattmetre_power_watt,1176.263,"['wattmetrev3-1-port0', 'wattmetrev3-1-port1', 'wattmetrev3-1-port2', 'wattmetrev3-1-port3']"
134,2022-08-17 11:09:46.000000,gemini-1,wattmetre_power_watt,1174.646,"['wattmetrev3-1-port0', 'wattmetrev3-1-port1', 'wattmetrev3-1-port2', 'wattmetrev3-1-port3']"
135,2022-08-17 11:09:47.000000,gemini-1,wattmetre_power_watt,1175.05,"['wattmetrev3-1-port0', 'wattmetrev3-1-port1', 'wattmetrev3-1-port2', 'wattmetrev3-1-port3']"
136,2022-08-17 11:09:47.800903,gemini-1,bmc_node_power_watt,1044.0,
137,2022-08-17 11:09:48.000000,gemini-1,wattmetre_power_watt,1174.468,"['wattmetrev3-1-port0', 'wattmetrev3-1-port1', 'wattmetrev3-1-port2', 'wattmetrev3-1-port3']"
138,2022-08-17 11:09:49.000000,gemini-1,wattmetre_power_watt,1174.31,"['wattmetrev3-1-port0', 'wattmetrev3-1-port1', 'wattmetrev3-1-port2', 'wattmetrev3-1-port3']"
139,2022-08-17 11:09:50.000000,gemini-1,wattmetre_power_watt,1175.24,"['wattmetrev3-1-port0', 'wattmetrev3-1-port1', 'wattmetrev3-1-port2', 'wattmetrev3-1-port3']"
140,2022-08-17 11:09:51.000000,gemini-1,wattmetre_power_watt,1175.926,"['wattmetrev3-1-port0', 'wattmetrev3-1-port1', 'wattmetrev3-1-port2', 'wattmetrev3-1-port3']"
141,2022-08-17 11:09:52.000000,gemini-1,wattmetre_power_watt,1174.553,"['wattmetrev3-1-port0', 'wattmetrev3-1-port1', 'wattmetrev3-1-port2', 'wattmetrev3-1-port3']"
142,2022-08-17 11:09:52.800625,gemini-1,bmc_node_power_watt,1044.0,
143,2022-08-17 11:09:53.000000,gemini-1,wattmetre_power_watt,1174.372,"['wattmetrev3-1-port0', 'wattmetrev3-1-port1', 'wattmetrev3-1-port2', 'wattmetrev3-1-port3']"
144,2022-08-17 11:09:54.000000,gemini-1,wattmetre_power_watt,1174.9,"['wattmetrev3-1-port0', 'wattmetrev3-1-port1', 'wattmetrev3-1-port2', 'wattmetrev3-1-port3']"
145,2022-08-17 11:09:55.000000,gemini-1,wattmetre_power_watt,1174.18,"['wattmetrev3-1-port0', 'wattmetrev3-1-port1', 'wattmetrev3-1-port2', 'wattmetrev3-1-port3']"
146,2022-08-17 11:09:56.000000,gemini-1,wattmetre_power_watt,1174.772,"['wattmetrev3-1-port0', 'wattmetrev3-1-port1', 'wattmetrev3-1-port2', 'wattmetrev3-1-port3']"
147,2022-08-17 11:09:57.000000,gemini-1,wattmetre_power_watt,1175.887,"['wattmetrev3-1-port0', 'wattmetrev3-1-port1', 'wattmetrev3-1-port2', 'wattmetrev3-1-port3']"
148,2022-08-17 11:09:57.809098,gemini-1,bmc_node_power_watt,1044.0,
149,2022-08-17 11:09:58.000000,gemini-1,wattmetre_power_watt,1174.997,"['wattmetrev3-1-port0', 'wattmetrev3-1-port1', 'wattmetrev3-1-port2', 'wattmetrev3-1-port3']"
150,2022-08-17 11:09:59.000000,gemini-1,wattmetre_power_watt,1174.286,"['wattmetrev3-1-port0', 'wattmetrev3-1-port1', 'wattmetrev3-1-port2', 'wattmetrev3-1-port3']"
151,2022-08-17 11:10:00.000000,gemini-1,wattmetre_power_watt,1175.142,"['wattmetrev3-1-port0', 'wattmetrev3-1-port1', 'wattmetrev3-1-port2', 'wattmetrev3-1-port3']"
152,2022-08-17 11:10:01.000000,gemini-1,wattmetre_power_watt,1177.605,"['wattmetrev3-1-port0', 'wattmetrev3-1-port1', 'wattmetrev3-1-port2', 'wattmetrev3-1-port3']"
153,2022-08-17 11:10:02.000000,gemini-1,wattmetre_power_watt,1179.474,"['wattmetrev3-1-port0', 'wattmetrev3-1-port1', 'wattmetrev3-1-port2', 'wattmetrev3-1-port3']"
154,2022-08-17 11:10:02.807272,gemini-1,bmc_node_power_watt,1044.0,
155,2022-08-17 11:10:03.000000,gemini-1,wattmetre_power_watt,1181.097,"['wattmetrev3-1-port0', 'wattmetrev3-1-port1', 'wattmetrev3-1-port2', 'wattmetrev3-1-port3']"
156,2022-08-17 11:10:04.000000,gemini-1,wattmetre_power_watt,1180.104,"['wattmetrev3-1-port0', 'wattmetrev3-1-port1', 'wattmetrev3-1-port2', 'wattmetrev3-1-port3']"
157,2022-08-17 11:10:05.000000,gemini-1,wattmetre_power_watt,1179.383,"['wattmetrev3-1-port0', 'wattmetrev3-1-port1', 'wattmetrev3-1-port2', 'wattmetrev3-1-port3']"
158,2022-08-17 11:10:06.000000,gemini-1,wattmetre_power_watt,1179.018,"['wattmetrev3-1-port0', 'wattmetrev3-1-port1', 'wattmetrev3-1-port2', 'wattmetrev3-1-port3']"
159,2022-08-17 11:10:07.000000,gemini-1,wattmetre_power_watt,1179.022,"['wattmetrev3-1-port0', 'wattmetrev3-1-port1', 'wattmetrev3-1-port2', 'wattmetrev3-1-port3']"
160,2022-08-17 11:10:07.807716,gemini-1,bmc_node_power_watt,1044.0,
161,2022-08-17 11:10:08.000000,gemini-1,wattmetre_power_watt,1176.63,"['wattmetrev3-1-port0', 'wattmetrev3-1-port1', 'wattmetrev3-1-port2', 'wattmetrev3-1-port3']"
162,2022-08-17 11:10:09.000000,gemini-1,wattmetre_power_watt,1175.503,"['wattmetrev3-1-port0', 'wattmetrev3-1-port1', 'wattmetrev3-1-port2', 'wattmetrev3-1-port3']"
163,2022-08-17 11:10:10.000000,gemini-1,wattmetre_power_watt,1174.828,"['wattmetrev3-1-port0', 'wattmetrev3-1-port1', 'wattmetrev3-1-port2', 'wattmetrev3-1-port3']"
164,2022-08-17 11:10:11.000000,gemini-1,wattmetre_power_watt,1174.616,"['wattmetrev3-1-port0', 'wattmetrev3-1-port1', 'wattmetrev3-1-port2', 'wattmetrev3-1-port3']"
165,2022-08-17 11:10:12.000000,gemini-1,wattmetre_power_watt,1173.791,"['wattmetrev3-1-port0', 'wattmetrev3-1-port1', 'wattmetrev3-1-port2', 'wattmetrev3-1-port3']"
166,2022-08-17 11:10:12.808733,gemini-1,bmc_node_power_watt,1044.0,
167,2022-08-17 11:10:13.000000,gemini-1,wattmetre_power_watt,1174.216,"['wattmetrev3-1-port0', 'wattmetrev3-1-port1', 'wattmetrev3-1-port2', 'wattmetrev3-1-port3']"
168,2022-08-17 11:10:14.000000,gemini-1,wattmetre_power_watt,1174.432,"['wattmetrev3-1-port0', 'wattmetrev3-1-port1', 'wattmetrev3-1-port2', 'wattmetrev3-1-port3']"
169,2022-08-17 11:10:15.000000,gemini-1,wattmetre_power_watt,1175.254,"['wattmetrev3-1-port0', 'wattmetrev3-1-port1', 'wattmetrev3-1-port2', 'wattmetrev3-1-port3']"
170,2022-08-17 11:10:16.000000,gemini-1,wattmetre_power_watt,1173.985,"['wattmetrev3-1-port0', 'wattmetrev3-1-port1', 'wattmetrev3-1-port2', 'wattmetrev3-1-port3']"
171,2022-08-17 11:10:17.000000,gemini-1,wattmetre_power_watt,1173.917,"['wattmetrev3-1-port0', 'wattmetrev3-1-port1', 'wattmetrev3-1-port2', 'wattmetrev3-1-port3']"
172,2022-08-17 11:10:17.808815,gemini-1,bmc_node_power_watt,1044.0,
173,2022-08-17 11:10:18.000000,gemini-1,wattmetre_power_watt,1174.267,"['wattmetrev3-1-port0', 'wattmetrev3-1-port1', 'wattmetrev3-1-port2', 'wattmetrev3-1-port3']"
174,2022-08-17 11:10:19.000000,gemini-1,wattmetre_power_watt,1174.111,"['wattmetrev3-1-port0', 'wattmetrev3-1-port1', 'wattmetrev3-1-port2', 'wattmetrev3-1-port3']"
175,2022-08-17 11:10:20.000000,gemini-1,wattmetre_power_watt,1174.085,"['wattmetrev3-1-port0', 'wattmetrev3-1-port1', 'wattmetrev3-1-port2', 'wattmetrev3-1-port3']"
176,2022-08-17 11:10:21.000000,gemini-1,wattmetre_power_watt,1174.994,"['wattmetrev3-1-port0', 'wattmetrev3-1-port1', 'wattmetrev3-1-port2', 'wattmetrev3-1-port3']"
177,2022-08-17 11:10:22.000000,gemini-1,wattmetre_power_watt,1174.484,"['wattmetrev3-1-port0', 'wattmetrev3-1-port1', 'wattmetrev3-1-port2', 'wattmetrev3-1-port3']"
178,2022-08-17 11:10:22.809336,gemini-1,bmc_node_power_watt,1044.0,
179,2022-08-17 11:10:23.000000,gemini-1,wattmetre_power_watt,1173.999,"['wattmetrev3-1-port0', 'wattmetrev3-1-port1', 'wattmetrev3-1-port2', 'wattmetrev3-1-port3']"
180,2022-08-17 11:10:24.000000,gemini-1,wattmetre_power_watt,1173.897,"['wattmetrev3-1-port0', 'wattmetrev3-1-port1', 'wattmetrev3-1-port2', 'wattmetrev3-1-port3']"
181,2022-08-17 11:10:25.000000,gemini-1,wattmetre_power_watt,1173.635,"['wattmetrev3-1-port0', 'wattmetrev3-1-port1', 'wattmetrev3-1-port2', 'wattmetrev3-1-port3']"
182,2022-08-17 11:10:26.000000,gemini-1,wattmetre_power_watt,1174.388,"['wattmetrev3-1-port0', 'wattmetrev3-1-port1', 'wattmetrev3-1-port2', 'wattmetrev3-1-port3']"
183,2022-08-17 11:10:27.000000,gemini-1,wattmetre_power_watt,1175.893,"['wattmetrev3-1-port0', 'wattmetrev3-1-port1', 'wattmetrev3-1-port2', 'wattmetrev3-1-port3']"
184,2022-08-17 11:10:27.810730,gemini-1,bmc_node_power_watt,1044.0,
185,2022-08-17 11:10:28.000000,gemini-1,wattmetre_power_watt,1173.493,"['wattmetrev3-1-port0', 'wattmetrev3-1-port1', 'wattmetrev3-1-port2', 'wattmetrev3-1-port3']"
186,2022-08-17 11:10:29.000000,gemini-1,wattmetre_power_watt,1173.727,"['wattmetrev3-1-port0', 'wattmetrev3-1-port1', 'wattmetrev3-1-port2', 'wattmetrev3-1-port3']"
187,2022-08-17 11:10:30.000000,gemini-1,wattmetre_power_watt,1174.318,"['wattmetrev3-1-port0', 'wattmetrev3-1-port1', 'wattmetrev3-1-port2', 'wattmetrev3-1-port3']"
188,2022-08-17 11:10:31.000000,gemini-1,wattmetre_power_watt,1173.712,"['wattmetrev3-1-port0', 'wattmetrev3-1-port1', 'wattmetrev3-1-port2', 'wattmetrev3-1-port3']"
189,2022-08-17 11:10:32.000000,gemini-1,wattmetre_power_watt,1174.126,"['wattmetrev3-1-port0', 'wattmetrev3-1-port1', 'wattmetrev3-1-port2', 'wattmetrev3-1-port3']"
190,2022-08-17 11:10:32.817066,gemini-1,bmc_node_power_watt,1044.0,
191,2022-08-17 11:10:33.000000,gemini-1,wattmetre_power_watt,1174.939,"['wattmetrev3-1-port0', 'wattmetrev3-1-port1', 'wattmetrev3-1-port2', 'wattmetrev3-1-port3']"
192,2022-08-17 11:10:34.000000,gemini-1,wattmetre_power_watt,1174.422,"['wattmetrev3-1-port0', 'wattmetrev3-1-port1', 'wattmetrev3-1-port2', 'wattmetrev3-1-port3']"
193,2022-08-17 11:10:35.000000,gemini-1,wattmetre_power_watt,1173.715,"['wattmetrev3-1-port0', 'wattmetrev3-1-port1', 'wattmetrev3-1-port2', 'wattmetrev3-1-port3']"
194,2022-08-17 11:10:36.000000,gemini-1,wattmetre_power_watt,1173.596,"['wattmetrev3-1-port0', 'wattmetrev3-1-port1', 'wattmetrev3-1-port2', 'wattmetrev3-1-port3']"
195,2022-08-17 11:10:37.000000,gemini-1,wattmetre_power_watt,1173.575,"['wattmetrev3-1-port0', 'wattmetrev3-1-port1', 'wattmetrev3-1-port2', 'wattmetrev3-1-port3']"
196,2022-08-17 11:10:37.811441,gemini-1,bmc_node_power_watt,1044.0,
197,2022-08-17 11:10:38.000000,gemini-1,wattmetre_power_watt,1174.509,"['wattmetrev3-1-port0', 'wattmetrev3-1-port1', 'wattmetrev3-1-port2', 'wattmetrev3-1-port3']"
198,2022-08-17 11:10:39.000000,gemini-1,wattmetre_power_watt,1174.85,"['wattmetrev3-1-port0', 'wattmetrev3-1-port1', 'wattmetrev3-1-port2', 'wattmetrev3-1-port3']"
199,2022-08-17 11:10:40.000000,gemini-1,wattmetre_power_watt,1174.173,"['wattmetrev3-1-port0', 'wattmetrev3-1-port1', 'wattmetrev3-1-port2', 'wattmetrev3-1-port3']"
200,2022-08-17 11:10:41.000000,gemini-1,wattmetre_power_watt,1173.509,"['wattmetrev3-1-port0', 'wattmetrev3-1-port1', 'wattmetrev3-1-port2', 'wattmetrev3-1-port3']"
201,2022-08-17 11:10:42.000000,gemini-1,wattmetre_power_watt,1173.45,"['wattmetrev3-1-port0', 'wattmetrev3-1-port1', 'wattmetrev3-1-port2', 'wattmetrev3-1-port3']"
202,2022-08-17 11:10:42.811899,gemini-1,bmc_node_power_watt,1044.0,
203,2022-08-17 11:10:43.000000,gemini-1,wattmetre_power_watt,1173.751,"['wattmetrev3-1-port0', 'wattmetrev3-1-port1', 'wattmetrev3-1-port2', 'wattmetrev3-1-port3']"
204,2022-08-17 11:10:44.000000,gemini-1,wattmetre_power_watt,1174.046,"['wattmetrev3-1-port0', 'wattmetrev3-1-port1', 'wattmetrev3-1-port2', 'wattmetrev3-1-port3']"
205,2022-08-17 11:10:45.000000,gemini-1,wattmetre_power_watt,1174.959,"['wattmetrev3-1-port0', 'wattmetrev3-1-port1', 'wattmetrev3-1-port2', 'wattmetrev3-1-port3']"
206,2022-08-17 11:10:46.000000,gemini-1,wattmetre_power_watt,1173.875,"['wattmetrev3-1-port0', 'wattmetrev3-1-port1', 'wattmetrev3-1-port2', 'wattmetrev3-1-port3']"
207,2022-08-17 11:10:47.000000,gemini-1,wattmetre_power_watt,1173.675,"['wattmetrev3-1-port0', 'wattmetrev3-1-port1', 'wattmetrev3-1-port2', 'wattmetrev3-1-port3']"
208,2022-08-17 11:10:47.821144,gemini-1,bmc_node_power_watt,1044.0,
209,2022-08-17 11:10:48.000000,gemini-1,wattmetre_power_watt,1173.98,"['wattmetrev3-1-port0', 'wattmetrev3-1-port1', 'wattmetrev3-1-port2', 'wattmetrev3-1-port3']"
210,2022-08-17 11:10:49.000000,gemini-1,wattmetre_power_watt,1173.736,"['wattmetrev3-1-port0', 'wattmetrev3-1-port1', 'wattmetrev3-1-port2', 'wattmetrev3-1-port3']"
211,2022-08-17 11:10:50.000000,gemini-1,wattmetre_power_watt,1173.387,"['wattmetrev3-1-port0', 'wattmetrev3-1-port1', 'wattmetrev3-1-port2', 'wattmetrev3-1-port3']"
212,2022-08-17 11:10:51.000000,gemini-1,wattmetre_power_watt,1175.637,"['wattmetrev3-1-port0', 'wattmetrev3-1-port1', 'wattmetrev3-1-port2', 'wattmetrev3-1-port3']"
213,2022-08-17 11:10:52.000000,gemini-1,wattmetre_power_watt,1174.152,"['wattmetrev3-1-port0', 'wattmetrev3-1-port1', 'wattmetrev3-1-port2', 'wattmetrev3-1-port3']"
214,2022-08-17 11:10:52.815296,gemini-1,bmc_node_power_watt,1044.0,
215,2022-08-17 11:10:53.000000,gemini-1,wattmetre_power_watt,1173.054,"['wattmetrev3-1-port0', 'wattmetrev3-1-port1', 'wattmetrev3-1-port2', 'wattmetrev3-1-port3']"
216,2022-08-17 11:10:54.000000,gemini-1,wattmetre_power_watt,1173.873,"['wattmetrev3-1-port0', 'wattmetrev3-1-port1', 'wattmetrev3-1-port2', 'wattmetrev3-1-port3']"
217,2022-08-17 11:10:55.000000,gemini-1,wattmetre_power_watt,1173.958,"['wattmetrev3-1-port0', 'wattmetrev3-1-port1', 'wattmetrev3-1-port2', 'wattmetrev3-1-port3']"
218,2022-08-17 11:10:56.000000,gemini-1,wattmetre_power_watt,1173.631,"['wattmetrev3-1-port0', 'wattmetrev3-1-port1', 'wattmetrev3-1-port2', 'wattmetrev3-1-port3']"
219,2022-08-17 11:10:57.000000,gemini-1,wattmetre_power_watt,1174.551,"['wattmetrev3-1-port0', 'wattmetrev3-1-port1', 'wattmetrev3-1-port2', 'wattmetrev3-1-port3']"
220,2022-08-17 11:10:57.815669,gemini-1,bmc_node_power_watt,1044.0,
221,2022-08-17 11:10:58.000000,gemini-1,wattmetre_power_watt,1174.249,"['wattmetrev3-1-port0', 'wattmetrev3-1-port1', 'wattmetrev3-1-port2', 'wattmetrev3-1-port3']"
222,2022-08-17 11:10:59.000000,gemini-1,wattmetre_power_watt,1173.518,"['wattmetrev3-1-port0', 'wattmetrev3-1-port1', 'wattmetrev3-1-port2', 'wattmetrev3-1-port3']"
223,2022-08-17 11:11:00.000000,gemini-1,wattmetre_power_watt,1173.623,"['wattmetrev3-1-port0', 'wattmetrev3-1-port1', 'wattmetrev3-1-port2', 'wattmetrev3-1-port3']"
224,2022-08-17 11:11:01.000000,gemini-1,wattmetre_power_watt,1173.539,"['wattmetrev3-1-port0', 'wattmetrev3-1-port1', 'wattmetrev3-1-port2', 'wattmetrev3-1-port3']"
225,2022-08-17 11:11:02.000000,gemini-1,wattmetre_power_watt,1173.464,"['wattmetrev3-1-port0', 'wattmetrev3-1-port1', 'wattmetrev3-1-port2', 'wattmetrev3-1-port3']"
226,2022-08-17 11:11:02.816697,gemini-1,bmc_node_power_watt,1044.0,
227,2022-08-17 11:11:03.000000,gemini-1,wattmetre_power_watt,1175.131,"['wattmetrev3-1-port0', 'wattmetrev3-1-port1', 'wattmetrev3-1-port2', 'wattmetrev3-1-port3']"
228,2022-08-17 11:11:04.000000,gemini-1,wattmetre_power_watt,1174.362,"['wattmetrev3-1-port0', 'wattmetrev3-1-port1', 'wattmetrev3-1-port2', 'wattmetrev3-1-port3']"
229,2022-08-17 11:11:05.000000,gemini-1,wattmetre_power_watt,1173.658,"['wattmetrev3-1-port0', 'wattmetrev3-1-port1', 'wattmetrev3-1-port2', 'wattmetrev3-1-port3']"
230,2022-08-17 11:11:06.000000,gemini-1,wattmetre_power_watt,1173.325,"['wattmetrev3-1-port0', 'wattmetrev3-1-port1', 'wattmetrev3-1-port2', 'wattmetrev3-1-port3']"
231,2022-08-17 11:11:07.000000,gemini-1,wattmetre_power_watt,1173.53,"['wattmetrev3-1-port0', 'wattmetrev3-1-port1', 'wattmetrev3-1-port2', 'wattmetrev3-1-port3']"
232,2022-08-17 11:11:07.818589,gemini-1,bmc_node_power_watt,1044.0,
233,2022-08-17 11:11:08.000000,gemini-1,wattmetre_power_watt,1173.91228070175,"['wattmetrev3-1-port0', 'wattmetrev3-1-port1', 'wattmetrev3-1-port2', 'wattmetrev3-1-port3']"
234,2022-08-17 11:11:09.000000,gemini-1,wattmetre_power_watt,1174.855,"['wattmetrev3-1-port0', 'wattmetrev3-1-port1', 'wattmetrev3-1-port2', 'wattmetrev3-1-port3']"
235,2022-08-17 11:11:10.000000,gemini-1,wattmetre_power_watt,1174.19898989899,"['wattmetrev3-1-port0', 'wattmetrev3-1-port1', 'wattmetrev3-1-port2', 'wattmetrev3-1-port3']"
236,2022-08-17 11:11:11.000000,gemini-1,wattmetre_power_watt,1173.637,"['wattmetrev3-1-port0', 'wattmetrev3-1-port1', 'wattmetrev3-1-port2', 'wattmetrev3-1-port3']"
237,2022-08-17 11:11:12.000000,gemini-1,wattmetre_power_watt,1173.467,"['wattmetrev3-1-port0', 'wattmetrev3-1-port1', 'wattmetrev3-1-port2', 'wattmetrev3-1-port3']"
238,2022-08-17 11:11:12.819002,gemini-1,bmc_node_power_watt,1044.0,
239,2022-08-17 11:11:13.000000,gemini-1,wattmetre_power_watt,1173.456,"['wattmetrev3-1-port0', 'wattmetrev3-1-port1', 'wattmetrev3-1-port2', 'wattmetrev3-1-port3']"
240,2022-08-17 11:11:14.000000,gemini-1,wattmetre_power_watt,1174.201,"['wattmetrev3-1-port0', 'wattmetrev3-1-port1', 'wattmetrev3-1-port2', 'wattmetrev3-1-port3']"
241,2022-08-17 11:11:15.000000,gemini-1,wattmetre_power_watt,1174.42,"['wattmetrev3-1-port0', 'wattmetrev3-1-port1', 'wattmetrev3-1-port2', 'wattmetrev3-1-port3']"
242,2022-08-17 11:11:16.000000,gemini-1,wattmetre_power_watt,1173.879,"['wattmetrev3-1-port0', 'wattmetrev3-1-port1', 'wattmetrev3-1-port2', 'wattmetrev3-1-port3']"
243,2022-08-17 11:11:17.000000,gemini-1,wattmetre_power_watt,1173.656,"['wattmetrev3-1-port0', 'wattmetrev3-1-port1', 'wattmetrev3-1-port2', 'wattmetrev3-1-port3']"
244,2022-08-17 11:11:17.828077,gemini-1,bmc_node_power_watt,1044.0,
245,2022-08-17 11:11:18.000000,gemini-1,wattmetre_power_watt,1173.956,"['wattmetrev3-1-port0', 'wattmetrev3-1-port1', 'wattmetrev3-1-port2', 'wattmetrev3-1-port3']"
246,2022-08-17 11:11:19.000000,gemini-1,wattmetre_power_watt,1173.032,"['wattmetrev3-1-port0', 'wattmetrev3-1-port1', 'wattmetrev3-1-port2', 'wattmetrev3-1-port3']"
247,2022-08-17 11:11:20.000000,gemini-1,wattmetre_power_watt,1173.75,"['wattmetrev3-1-port0', 'wattmetrev3-1-port1', 'wattmetrev3-1-port2', 'wattmetrev3-1-port3']"
248,2022-08-17 11:11:21.000000,gemini-1,wattmetre_power_watt,1175.241,"['wattmetrev3-1-port0', 'wattmetrev3-1-port1', 'wattmetrev3-1-port2', 'wattmetrev3-1-port3']"
249,2022-08-17 11:11:22.000000,gemini-1,wattmetre_power_watt,1173.7,"['wattmetrev3-1-port0', 'wattmetrev3-1-port1', 'wattmetrev3-1-port2', 'wattmetrev3-1-port3']"
250,2022-08-17 11:11:22.829298,gemini-1,bmc_node_power_watt,1044.0,
251,2022-08-17 11:11:23.000000,gemini-1,wattmetre_power_watt,1173.499,"['wattmetrev3-1-port0', 'wattmetrev3-1-port1', 'wattmetrev3-1-port2', 'wattmetrev3-1-port3']"
252,2022-08-17 11:11:24.000000,gemini-1,wattmetre_power_watt,1174.223,"['wattmetrev3-1-port0', 'wattmetrev3-1-port1', 'wattmetrev3-1-port2', 'wattmetrev3-1-port3']"
253,2022-08-17 11:11:25.000000,gemini-1,wattmetre_power_watt,1173.521,"['wattmetrev3-1-port0', 'wattmetrev3-1-port1', 'wattmetrev3-1-port2', 'wattmetrev3-1-port3']"
254,2022-08-17 11:11:26.000000,gemini-1,wattmetre_power_watt,1173.34,"['wattmetrev3-1-port0', 'wattmetrev3-1-port1', 'wattmetrev3-1-port2', 'wattmetrev3-1-port3']"
255,2022-08-17 11:11:27.000000,gemini-1,wattmetre_power_watt,1174.92,"['wattmetrev3-1-port0', 'wattmetrev3-1-port1', 'wattmetrev3-1-port2', 'wattmetrev3-1-port3']"
256,2022-08-17 11:11:27.834687,gemini-1,bmc_node_power_watt,1044.0,
257,2022-08-17 11:11:28.000000,gemini-1,wattmetre_power_watt,1174.629,"['wattmetrev3-1-port0', 'wattmetrev3-1-port1', 'wattmetrev3-1-port2', 'wattmetrev3-1-port3']"
258,2022-08-17 11:11:29.000000,gemini-1,wattmetre_power_watt,1173.435,"['wattmetrev3-1-port0', 'wattmetrev3-1-port1', 'wattmetrev3-1-port2', 'wattmetrev3-1-port3']"
259,2022-08-17 11:11:30.000000,gemini-1,wattmetre_power_watt,1173.202,"['wattmetrev3-1-port0', 'wattmetrev3-1-port1', 'wattmetrev3-1-port2', 'wattmetrev3-1-port3']"
260,2022-08-17 11:11:31.000000,gemini-1,wattmetre_power_watt,1173.656,"['wattmetrev3-1-port0', 'wattmetrev3-1-port1', 'wattmetrev3-1-port2', 'wattmetrev3-1-port3']"
261,2022-08-17 11:11:32.000000,gemini-1,wattmetre_power_watt,1173.717,"['wattmetrev3-1-port0', 'wattmetrev3-1-port1', 'wattmetrev3-1-port2', 'wattmetrev3-1-port3']"
262,2022-08-17 11:11:32.830690,gemini-1,bmc_node_power_watt,1044.0,
263,2022-08-17 11:11:33.000000,gemini-1,wattmetre_power_watt,1175.189,"['wattmetrev3-1-port0', 'wattmetrev3-1-port1', 'wattmetrev3-1-port2', 'wattmetrev3-1-port3']"
264,2022-08-17 11:11:34.000000,gemini-1,wattmetre_power_watt,1174.059,"['wattmetrev3-1-port0', 'wattmetrev3-1-port1', 'wattmetrev3-1-port2', 'wattmetrev3-1-port3']"
265,2022-08-17 11:11:35.000000,gemini-1,wattmetre_power_watt,1173.927,"['wattmetrev3-1-port0', 'wattmetrev3-1-port1', 'wattmetrev3-1-port2', 'wattmetrev3-1-port3']"
266,2022-08-17 11:11:36.000000,gemini-1,wattmetre_power_watt,1173.773,"['wattmetrev3-1-port0', 'wattmetrev3-1-port1', 'wattmetrev3-1-port2', 'wattmetrev3-1-port3']"
267,2022-08-17 11:11:37.000000,gemini-1,wattmetre_power_watt,1173.656,"['wattmetrev3-1-port0', 'wattmetrev3-1-port1', 'wattmetrev3-1-port2', 'wattmetrev3-1-port3']"
268,2022-08-17 11:11:37.831412,gemini-1,bmc_node_power_watt,1044.0,
269,2022-08-17 11:11:38.000000,gemini-1,wattmetre_power_watt,1173.413,"['wattmetrev3-1-port0', 'wattmetrev3-1-port1', 'wattmetrev3-1-port2', 'wattmetrev3-1-port3']"
270,2022-08-17 11:11:39.000000,gemini-1,wattmetre_power_watt,1174.802,"['wattmetrev3-1-port0', 'wattmetrev3-1-port1', 'wattmetrev3-1-port2', 'wattmetrev3-1-port3']"
271,2022-08-17 11:11:40.000000,gemini-1,wattmetre_power_watt,1174.313,"['wattmetrev3-1-port0', 'wattmetrev3-1-port1', 'wattmetrev3-1-port2', 'wattmetrev3-1-port3']"
272,2022-08-17 11:11:41.000000,gemini-1,wattmetre_power_watt,1173.507,"['wattmetrev3-1-port0', 'wattmetrev3-1-port1', 'wattmetrev3-1-port2', 'wattmetrev3-1-port3']"
273,2022-08-17 11:11:42.000000,gemini-1,wattmetre_power_watt,1173.396,"['wattmetrev3-1-port0', 'wattmetrev3-1-port1', 'wattmetrev3-1-port2', 'wattmetrev3-1-port3']"
274,2022-08-17 11:11:42.835451,gemini-1,bmc_node_power_watt,1044.0,
275,2022-08-17 11:11:43.000000,gemini-1,wattmetre_power_watt,1173.584,"['wattmetrev3-1-port0', 'wattmetrev3-1-port1', 'wattmetrev3-1-port2', 'wattmetrev3-1-port3']"
276,2022-08-17 11:11:44.000000,gemini-1,wattmetre_power_watt,1180.74,"['wattmetrev3-1-port0', 'wattmetrev3-1-port1', 'wattmetrev3-1-port2', 'wattmetrev3-1-port3']"
277,2022-08-17 11:11:45.000000,gemini-1,wattmetre_power_watt,1237.0,"['wattmetrev3-1-port0', 'wattmetrev3-1-port1', 'wattmetrev3-1-port2', 'wattmetrev3-1-port3']"
278,2022-08-17 11:11:46.000000,gemini-1,wattmetre_power_watt,1233.845,"['wattmetrev3-1-port0', 'wattmetrev3-1-port1', 'wattmetrev3-1-port2', 'wattmetrev3-1-port3']"
279,2022-08-17 11:11:47.000000,gemini-1,wattmetre_power_watt,1232.52626262626,"['wattmetrev3-1-port0', 'wattmetrev3-1-port1', 'wattmetrev3-1-port2', 'wattmetrev3-1-port3']"
280,2022-08-17 11:11:47.834225,gemini-1,bmc_node_power_watt,1116.0,
281,2022-08-17 11:11:48.000000,gemini-1,wattmetre_power_watt,1227.015,"['wattmetrev3-1-port0', 'wattmetrev3-1-port1', 'wattmetrev3-1-port2', 'wattmetrev3-1-port3']"
282,2022-08-17 11:11:49.000000,gemini-1,wattmetre_power_watt,1239.781,"['wattmetrev3-1-port0', 'wattmetrev3-1-port1', 'wattmetrev3-1-port2', 'wattmetrev3-1-port3']"
283,2022-08-17 11:11:50.000000,gemini-1,wattmetre_power_watt,1239.392,"['wattmetrev3-1-port0', 'wattmetrev3-1-port1', 'wattmetrev3-1-port2', 'wattmetrev3-1-port3']"
284,2022-08-17 11:11:51.000000,gemini-1,wattmetre_power_watt,1240.988,"['wattmetrev3-1-port0', 'wattmetrev3-1-port1', 'wattmetrev3-1-port2', 'wattmetrev3-1-port3']"
285,2022-08-17 11:11:52.000000,gemini-1,wattmetre_power_watt,1240.23,"['wattmetrev3-1-port0', 'wattmetrev3-1-port1', 'wattmetrev3-1-port2', 'wattmetrev3-1-port3']"
286,2022-08-17 11:11:52.833412,gemini-1,bmc_node_power_watt,1116.0,
287,2022-08-17 11:11:53.000000,gemini-1,wattmetre_power_watt,1239.693,"['wattmetrev3-1-port0', 'wattmetrev3-1-port1', 'wattmetrev3-1-port2', 'wattmetrev3-1-port3']"
288,2022-08-17 11:11:54.000000,gemini-1,wattmetre_power_watt,1239.453,"['wattmetrev3-1-port0', 'wattmetrev3-1-port1', 'wattmetrev3-1-port2', 'wattmetrev3-1-port3']"
289,2022-08-17 11:11:55.000000,gemini-1,wattmetre_power_watt,1229.264,"['wattmetrev3-1-port0', 'wattmetrev3-1-port1', 'wattmetrev3-1-port2', 'wattmetrev3-1-port3']"
290,2022-08-17 11:11:56.000000,gemini-1,wattmetre_power_watt,1236.374,"['wattmetrev3-1-port0', 'wattmetrev3-1-port1', 'wattmetrev3-1-port2', 'wattmetrev3-1-port3']"
291,2022-08-17 11:11:57.000000,gemini-1,wattmetre_power_watt,1238.93,"['wattmetrev3-1-port0', 'wattmetrev3-1-port1', 'wattmetrev3-1-port2', 'wattmetrev3-1-port3']"
292,2022-08-17 11:11:57.839093,gemini-1,bmc_node_power_watt,1116.0,
293,2022-08-17 11:11:58.000000,gemini-1,wattmetre_power_watt,1238.538,"['wattmetrev3-1-port0', 'wattmetrev3-1-port1', 'wattmetrev3-1-port2', 'wattmetrev3-1-port3']"
294,2022-08-17 11:11:59.000000,gemini-1,wattmetre_power_watt,1239.198,"['wattmetrev3-1-port0', 'wattmetrev3-1-port1', 'wattmetrev3-1-port2', 'wattmetrev3-1-port3']"
295,2022-08-17 11:12:00.000000,gemini-1,wattmetre_power_watt,1217.428,"['wattmetrev3-1-port0', 'wattmetrev3-1-port1', 'wattmetrev3-1-port2', 'wattmetrev3-1-port3']"
296,2022-08-17 11:12:01.000000,gemini-1,wattmetre_power_watt,1238.876,"['wattmetrev3-1-port0', 'wattmetrev3-1-port1', 'wattmetrev3-1-port2', 'wattmetrev3-1-port3']"
297,2022-08-17 11:12:02.000000,gemini-1,wattmetre_power_watt,1239.421,"['wattmetrev3-1-port0', 'wattmetrev3-1-port1', 'wattmetrev3-1-port2', 'wattmetrev3-1-port3']"
298,2022-08-17 11:12:02.839396,gemini-1,bmc_node_power_watt,1044.0,
299,2022-08-17 11:12:03.000000,gemini-1,wattmetre_power_watt,1239.636,"['wattmetrev3-1-port0', 'wattmetrev3-1-port1', 'wattmetrev3-1-port2', 'wattmetrev3-1-port3']"
300,2022-08-17 11:12:04.000000,gemini-1,wattmetre_power_watt,1239.905,"['wattmetrev3-1-port0', 'wattmetrev3-1-port1', 'wattmetrev3-1-port2', 'wattmetrev3-1-port3']"
301,2022-08-17 11:12:05.000000,gemini-1,wattmetre_power_watt,1238.89,"['wattmetrev3-1-port0', 'wattmetrev3-1-port1', 'wattmetrev3-1-port2', 'wattmetrev3-1-port3']"
302,2022-08-17 11:12:06.000000,gemini-1,wattmetre_power_watt,1239.494,"['wattmetrev3-1-port0', 'wattmetrev3-1-port1', 'wattmetrev3-1-port2', 'wattmetrev3-1-port3']"
303,2022-08-17 11:12:07.000000,gemini-1,wattmetre_power_watt,1238.81,"['wattmetrev3-1-port0', 'wattmetrev3-1-port1', 'wattmetrev3-1-port2', 'wattmetrev3-1-port3']"
304,2022-08-17 11:12:07.841621,gemini-1,bmc_node_power_watt,1116.0,
305,2022-08-17 11:12:08.000000,gemini-1,wattmetre_power_watt,1238.377,"['wattmetrev3-1-port0', 'wattmetrev3-1-port1', 'wattmetrev3-1-port2', 'wattmetrev3-1-port3']"
306,2022-08-17 11:12:09.000000,gemini-1,wattmetre_power_watt,1239.584,"['wattmetrev3-1-port0', 'wattmetrev3-1-port1', 'wattmetrev3-1-port2', 'wattmetrev3-1-port3']"
307,2022-08-17 11:12:10.000000,gemini-1,wattmetre_power_watt,1240.389,"['wattmetrev3-1-port0', 'wattmetrev3-1-port1', 'wattmetrev3-1-port2', 'wattmetrev3-1-port3']"
308,2022-08-17 11:12:11.000000,gemini-1,wattmetre_power_watt,1239.613,"['wattmetrev3-1-port0', 'wattmetrev3-1-port1', 'wattmetrev3-1-port2', 'wattmetrev3-1-port3']"
309,2022-08-17 11:12:12.000000,gemini-1,wattmetre_power_watt,1238.495,"['wattmetrev3-1-port0', 'wattmetrev3-1-port1', 'wattmetrev3-1-port2', 'wattmetrev3-1-port3']"
310,2022-08-17 11:12:12.842503,gemini-1,bmc_node_power_watt,1116.0,
311,2022-08-17 11:12:13.000000,gemini-1,wattmetre_power_watt,1238.387,"['wattmetrev3-1-port0', 'wattmetrev3-1-port1', 'wattmetrev3-1-port2', 'wattmetrev3-1-port3']"
312,2022-08-17 11:12:14.000000,gemini-1,wattmetre_power_watt,1239.612,"['wattmetrev3-1-port0', 'wattmetrev3-1-port1', 'wattmetrev3-1-port2', 'wattmetrev3-1-port3']"
313,2022-08-17 11:12:15.000000,gemini-1,wattmetre_power_watt,1240.371,"['wattmetrev3-1-port0', 'wattmetrev3-1-port1', 'wattmetrev3-1-port2', 'wattmetrev3-1-port3']"
314,2022-08-17 11:12:16.000000,gemini-1,wattmetre_power_watt,1197.784,"['wattmetrev3-1-port0', 'wattmetrev3-1-port1', 'wattmetrev3-1-port2', 'wattmetrev3-1-port3']"
315,2022-08-17 11:12:17.000000,gemini-1,wattmetre_power_watt,1174.336,"['wattmetrev3-1-port0', 'wattmetrev3-1-port1', 'wattmetrev3-1-port2', 'wattmetrev3-1-port3']"
316,2022-08-17 11:12:17.842848,gemini-1,bmc_node_power_watt,1044.0,
317,2022-08-17 11:12:18.000000,gemini-1,wattmetre_power_watt,1175.194,"['wattmetrev3-1-port0', 'wattmetrev3-1-port1', 'wattmetrev3-1-port2', 'wattmetrev3-1-port3']"
318,2022-08-17 11:12:19.000000,gemini-1,wattmetre_power_watt,1174.605,"['wattmetrev3-1-port0', 'wattmetrev3-1-port1', 'wattmetrev3-1-port2', 'wattmetrev3-1-port3']"
319,2022-08-17 11:12:20.000000,gemini-1,wattmetre_power_watt,1174.181,"['wattmetrev3-1-port0', 'wattmetrev3-1-port1', 'wattmetrev3-1-port2', 'wattmetrev3-1-port3']"
320,2022-08-17 11:12:21.000000,gemini-1,wattmetre_power_watt,1175.797,"['wattmetrev3-1-port0', 'wattmetrev3-1-port1', 'wattmetrev3-1-port2', 'wattmetrev3-1-port3']"
321,2022-08-17 11:12:22.000000,gemini-1,wattmetre_power_watt,1175.149,"['wattmetrev3-1-port0', 'wattmetrev3-1-port1', 'wattmetrev3-1-port2', 'wattmetrev3-1-port3']"
322,2022-08-17 11:12:22.847810,gemini-1,bmc_node_power_watt,1044.0,
323,2022-08-17 11:12:23.000000,gemini-1,wattmetre_power_watt,1174.164,"['wattmetrev3-1-port0', 'wattmetrev3-1-port1', 'wattmetrev3-1-port2', 'wattmetrev3-1-port3']"
324,2022-08-17 11:12:24.000000,gemini-1,wattmetre_power_watt,1175.029,"['wattmetrev3-1-port0', 'wattmetrev3-1-port1', 'wattmetrev3-1-port2', 'wattmetrev3-1-port3']"
325,2022-08-17 11:12:25.000000,gemini-1,wattmetre_power_watt,1173.831,"['wattmetrev3-1-port0', 'wattmetrev3-1-port1', 'wattmetrev3-1-port2', 'wattmetrev3-1-port3']"
326,2022-08-17 11:12:26.000000,gemini-1,wattmetre_power_watt,1174.3,"['wattmetrev3-1-port0', 'wattmetrev3-1-port1', 'wattmetrev3-1-port2', 'wattmetrev3-1-port3']"
327,2022-08-17 11:12:27.000000,gemini-1,wattmetre_power_watt,1176.255,"['wattmetrev3-1-port0', 'wattmetrev3-1-port1', 'wattmetrev3-1-port2', 'wattmetrev3-1-port3']"
328,2022-08-17 11:12:27.849698,gemini-1,bmc_node_power_watt,1044.0,
329,2022-08-17 11:12:28.000000,gemini-1,wattmetre_power_watt,1175.701,"['wattmetrev3-1-port0', 'wattmetrev3-1-port1', 'wattmetrev3-1-port2', 'wattmetrev3-1-port3']"
330,2022-08-17 11:12:29.000000,gemini-1,wattmetre_power_watt,1173.929,"['wattmetrev3-1-port0', 'wattmetrev3-1-port1', 'wattmetrev3-1-port2', 'wattmetrev3-1-port3']"
331,2022-08-17 11:12:30.000000,gemini-1,wattmetre_power_watt,1173.926,"['wattmetrev3-1-port0', 'wattmetrev3-1-port1', 'wattmetrev3-1-port2', 'wattmetrev3-1-port3']"
332,2022-08-17 11:12:31.000000,gemini-1,wattmetre_power_watt,1174.327,"['wattmetrev3-1-port0', 'wattmetrev3-1-port1', 'wattmetrev3-1-port2', 'wattmetrev3-1-port3']"
333,2022-08-17 11:12:32.000000,gemini-1,wattmetre_power_watt,1174.365,"['wattmetrev3-1-port0', 'wattmetrev3-1-port1', 'wattmetrev3-1-port2', 'wattmetrev3-1-port3']"
334,2022-08-17 11:12:32.852445,gemini-1,bmc_node_power_watt,1044.0,
335,2022-08-17 11:12:33.000000,gemini-1,wattmetre_power_watt,1175.613,"['wattmetrev3-1-port0', 'wattmetrev3-1-port1', 'wattmetrev3-1-port2', 'wattmetrev3-1-port3']"
336,2022-08-17 11:12:34.000000,gemini-1,wattmetre_power_watt,1175.129,"['wattmetrev3-1-port0', 'wattmetrev3-1-port1', 'wattmetrev3-1-port2', 'wattmetrev3-1-port3']"
337,2022-08-17 11:12:35.000000,gemini-1,wattmetre_power_watt,1174.425,"['wattmetrev3-1-port0', 'wattmetrev3-1-port1', 'wattmetrev3-1-port2', 'wattmetrev3-1-port3']"
338,2022-08-17 11:12:36.000000,gemini-1,wattmetre_power_watt,1174.158,"['wattmetrev3-1-port0', 'wattmetrev3-1-port1', 'wattmetrev3-1-port2', 'wattmetrev3-1-port3']"
339,2022-08-17 11:12:37.000000,gemini-1,wattmetre_power_watt,1173.669,"['wattmetrev3-1-port0', 'wattmetrev3-1-port1', 'wattmetrev3-1-port2', 'wattmetrev3-1-port3']"
340,2022-08-17 11:12:37.857247,gemini-1,bmc_node_power_watt,1044.0,
341,2022-08-17 11:12:38.000000,gemini-1,wattmetre_power_watt,1174.344,"['wattmetrev3-1-port0', 'wattmetrev3-1-port1', 'wattmetrev3-1-port2', 'wattmetrev3-1-port3']"
342,2022-08-17 11:12:39.000000,gemini-1,wattmetre_power_watt,1175.276,"['wattmetrev3-1-port0', 'wattmetrev3-1-port1', 'wattmetrev3-1-port2', 'wattmetrev3-1-port3']"
343,2022-08-17 11:12:40.000000,gemini-1,wattmetre_power_watt,1174.555,"['wattmetrev3-1-port0', 'wattmetrev3-1-port1', 'wattmetrev3-1-port2', 'wattmetrev3-1-port3']"
344,2022-08-17 11:12:41.000000,gemini-1,wattmetre_power_watt,1173.968,"['wattmetrev3-1-port0', 'wattmetrev3-1-port1', 'wattmetrev3-1-port2', 'wattmetrev3-1-port3']"
345,2022-08-17 11:12:42.000000,gemini-1,wattmetre_power_watt,1174.251,"['wattmetrev3-1-port0', 'wattmetrev3-1-port1', 'wattmetrev3-1-port2', 'wattmetrev3-1-port3']"
346,2022-08-17 11:12:42.852806,gemini-1,bmc_node_power_watt,1044.0,
347,2022-08-17 11:12:43.000000,gemini-1,wattmetre_power_watt,1174.267,"['wattmetrev3-1-port0', 'wattmetrev3-1-port1', 'wattmetrev3-1-port2', 'wattmetrev3-1-port3']"
348,2022-08-17 11:12:44.000000,gemini-1,wattmetre_power_watt,1174.181,"['wattmetrev3-1-port0', 'wattmetrev3-1-port1', 'wattmetrev3-1-port2', 'wattmetrev3-1-port3']"
349,2022-08-17 11:12:45.000000,gemini-1,wattmetre_power_watt,1174.975,"['wattmetrev3-1-port0', 'wattmetrev3-1-port1', 'wattmetrev3-1-port2', 'wattmetrev3-1-port3']"
350,2022-08-17 11:12:46.000000,gemini-1,wattmetre_power_watt,1174.95,"['wattmetrev3-1-port0', 'wattmetrev3-1-port1', 'wattmetrev3-1-port2', 'wattmetrev3-1-port3']"
351,2022-08-17 11:12:47.000000,gemini-1,wattmetre_power_watt,1173.719,"['wattmetrev3-1-port0', 'wattmetrev3-1-port1', 'wattmetrev3-1-port2', 'wattmetrev3-1-port3']"
352,2022-08-17 11:12:47.853291,gemini-1,bmc_node_power_watt,1044.0,
353,2022-08-17 11:12:48.000000,gemini-1,wattmetre_power_watt,1173.859,"['wattmetrev3-1-port0', 'wattmetrev3-1-port1', 'wattmetrev3-1-port2', 'wattmetrev3-1-port3']"
354,2022-08-17 11:12:49.000000,gemini-1,wattmetre_power_watt,1173.819,"['wattmetrev3-1-port0', 'wattmetrev3-1-port1', 'wattmetrev3-1-port2', 'wattmetrev3-1-port3']"
355,2022-08-17 11:12:50.000000,gemini-1,wattmetre_power_watt,1174.282,"['wattmetrev3-1-port0', 'wattmetrev3-1-port1', 'wattmetrev3-1-port2', 'wattmetrev3-1-port3']"
356,2022-08-17 11:12:51.000000,gemini-1,wattmetre_power_watt,1175.159,"['wattmetrev3-1-port0', 'wattmetrev3-1-port1', 'wattmetrev3-1-port2', 'wattmetrev3-1-port3']"
357,2022-08-17 11:12:52.000000,gemini-1,wattmetre_power_watt,1174.551,"['wattmetrev3-1-port0', 'wattmetrev3-1-port1', 'wattmetrev3-1-port2', 'wattmetrev3-1-port3']"
358,2022-08-17 11:12:52.856022,gemini-1,bmc_node_power_watt,1044.0,
359,2022-08-17 11:12:53.000000,gemini-1,wattmetre_power_watt,1174.21,"['wattmetrev3-1-port0', 'wattmetrev3-1-port1', 'wattmetrev3-1-port2', 'wattmetrev3-1-port3']"
360,2022-08-17 11:12:54.000000,gemini-1,wattmetre_power_watt,1173.753,"['wattmetrev3-1-port0', 'wattmetrev3-1-port1', 'wattmetrev3-1-port2', 'wattmetrev3-1-port3']"
361,2022-08-17 11:12:55.000000,gemini-1,wattmetre_power_watt,1173.939,"['wattmetrev3-1-port0', 'wattmetrev3-1-port1', 'wattmetrev3-1-port2', 'wattmetrev3-1-port3']"
362,2022-08-17 11:12:56.000000,gemini-1,wattmetre_power_watt,1173.936,"['wattmetrev3-1-port0', 'wattmetrev3-1-port1', 'wattmetrev3-1-port2', 'wattmetrev3-1-port3']"
363,2022-08-17 11:12:57.000000,gemini-1,wattmetre_power_watt,1175.199,"['wattmetrev3-1-port0', 'wattmetrev3-1-port1', 'wattmetrev3-1-port2', 'wattmetrev3-1-port3']"
364,2022-08-17 11:12:57.856859,gemini-1,bmc_node_power_watt,1044.0,
365,2022-08-17 11:12:58.000000,gemini-1,wattmetre_power_watt,1174.818,"['wattmetrev3-1-port0', 'wattmetrev3-1-port1', 'wattmetrev3-1-port2', 'wattmetrev3-1-port3']"
366,2022-08-17 11:12:59.000000,gemini-1,wattmetre_power_watt,1173.563,"['wattmetrev3-1-port0', 'wattmetrev3-1-port1', 'wattmetrev3-1-port2', 'wattmetrev3-1-port3']"
367,2022-08-17 11:13:00.000000,gemini-1,wattmetre_power_watt,1173.854,"['wattmetrev3-1-port0', 'wattmetrev3-1-port1', 'wattmetrev3-1-port2', 'wattmetrev3-1-port3']"
368,2022-08-17 11:13:01.000000,gemini-1,wattmetre_power_watt,1173.744,"['wattmetrev3-1-port0', 'wattmetrev3-1-port1', 'wattmetrev3-1-port2', 'wattmetrev3-1-port3']"
369,2022-08-17 11:13:02.000000,gemini-1,wattmetre_power_watt,1173.718,"['wattmetrev3-1-port0', 'wattmetrev3-1-port1', 'wattmetrev3-1-port2', 'wattmetrev3-1-port3']"
370,2022-08-17 11:13:02.857080,gemini-1,bmc_node_power_watt,1044.0,
371,2022-08-17 11:13:03.000000,gemini-1,wattmetre_power_watt,1175.54,"['wattmetrev3-1-port0', 'wattmetrev3-1-port1', 'wattmetrev3-1-port2', 'wattmetrev3-1-port3']"
372,2022-08-17 11:13:04.000000,gemini-1,wattmetre_power_watt,1174.641,"['wattmetrev3-1-port0', 'wattmetrev3-1-port1', 'wattmetrev3-1-port2', 'wattmetrev3-1-port3']"
373,2022-08-17 11:13:05.000000,gemini-1,wattmetre_power_watt,1174.038,"['wattmetrev3-1-port0', 'wattmetrev3-1-port1', 'wattmetrev3-1-port2', 'wattmetrev3-1-port3']"
374,2022-08-17 11:13:06.000000,gemini-1,wattmetre_power_watt,1174.236,"['wattmetrev3-1-port0', 'wattmetrev3-1-port1', 'wattmetrev3-1-port2', 'wattmetrev3-1-port3']"
375,2022-08-17 11:13:07.000000,gemini-1,wattmetre_power_watt,1174.623,"['wattmetrev3-1-port0', 'wattmetrev3-1-port1', 'wattmetrev3-1-port2', 'wattmetrev3-1-port3']"
376,2022-08-17 11:13:07.863199,gemini-1,bmc_node_power_watt,1044.0,
377,2022-08-17 11:13:08.000000,gemini-1,wattmetre_power_watt,1175.75050505051,"['wattmetrev3-1-port0', 'wattmetrev3-1-port1', 'wattmetrev3-1-port2', 'wattmetrev3-1-port3']"
378,2022-08-17 11:13:09.000000,gemini-1,wattmetre_power_watt,1179.865,"['wattmetrev3-1-port0', 'wattmetrev3-1-port1', 'wattmetrev3-1-port2', 'wattmetrev3-1-port3']"
379,2022-08-17 11:13:10.000000,gemini-1,wattmetre_power_watt,1180.449,"['wattmetrev3-1-port0', 'wattmetrev3-1-port1', 'wattmetrev3-1-port2', 'wattmetrev3-1-port3']"
380,2022-08-17 11:13:11.000000,gemini-1,wattmetre_power_watt,1179.548,"['wattmetrev3-1-port0', 'wattmetrev3-1-port1', 'wattmetrev3-1-port2', 'wattmetrev3-1-port3']"
381,2022-08-17 11:13:12.000000,gemini-1,wattmetre_power_watt,1179.334,"['wattmetrev3-1-port0', 'wattmetrev3-1-port1', 'wattmetrev3-1-port2', 'wattmetrev3-1-port3']"
382,2022-08-17 11:13:12.864321,gemini-1,bmc_node_power_watt,1044.0,
383,2022-08-17 11:13:13.000000,gemini-1,wattmetre_power_watt,1179.013,"['wattmetrev3-1-port0', 'wattmetrev3-1-port1', 'wattmetrev3-1-port2', 'wattmetrev3-1-port3']"
384,2022-08-17 11:13:14.000000,gemini-1,wattmetre_power_watt,1178.784,"['wattmetrev3-1-port0', 'wattmetrev3-1-port1', 'wattmetrev3-1-port2', 'wattmetrev3-1-port3']"
385,2022-08-17 11:13:15.000000,gemini-1,wattmetre_power_watt,1178.804,"['wattmetrev3-1-port0', 'wattmetrev3-1-port1', 'wattmetrev3-1-port2', 'wattmetrev3-1-port3']"
386,2022-08-17 11:13:16.000000,gemini-1,wattmetre_power_watt,1175.281,"['wattmetrev3-1-port0', 'wattmetrev3-1-port1', 'wattmetrev3-1-port2', 'wattmetrev3-1-port3']"
387,2022-08-17 11:13:17.000000,gemini-1,wattmetre_power_watt,1174.11,"['wattmetrev3-1-port0', 'wattmetrev3-1-port1', 'wattmetrev3-1-port2', 'wattmetrev3-1-port3']"
388,2022-08-17 11:13:17.870280,gemini-1,bmc_node_power_watt,1044.0,
389,2022-08-17 11:13:18.000000,gemini-1,wattmetre_power_watt,1174.092,"['wattmetrev3-1-port0', 'wattmetrev3-1-port1', 'wattmetrev3-1-port2', 'wattmetrev3-1-port3']"
390,2022-08-17 11:13:19.000000,gemini-1,wattmetre_power_watt,1173.924,"['wattmetrev3-1-port0', 'wattmetrev3-1-port1', 'wattmetrev3-1-port2', 'wattmetrev3-1-port3']"
391,2022-08-17 11:13:20.000000,gemini-1,wattmetre_power_watt,1173.826,"['wattmetrev3-1-port0', 'wattmetrev3-1-port1', 'wattmetrev3-1-port2', 'wattmetrev3-1-port3']"
392,2022-08-17 11:13:21.000000,gemini-1,wattmetre_power_watt,1174.632,"['wattmetrev3-1-port0', 'wattmetrev3-1-port1', 'wattmetrev3-1-port2', 'wattmetrev3-1-port3']"
393,2022-08-17 11:13:22.000000,gemini-1,wattmetre_power_watt,1174.453,"['wattmetrev3-1-port0', 'wattmetrev3-1-port1', 'wattmetrev3-1-port2', 'wattmetrev3-1-port3']"
394,2022-08-17 11:13:22.868068,gemini-1,bmc_node_power_watt,1044.0,
395,2022-08-17 11:13:23.000000,gemini-1,wattmetre_power_watt,1174.428,"['wattmetrev3-1-port0', 'wattmetrev3-1-port1', 'wattmetrev3-1-port2', 'wattmetrev3-1-port3']"
396,2022-08-17 11:13:24.000000,gemini-1,wattmetre_power_watt,1173.606,"['wattmetrev3-1-port0', 'wattmetrev3-1-port1', 'wattmetrev3-1-port2', 'wattmetrev3-1-port3']"
397,2022-08-17 11:13:25.000000,gemini-1,wattmetre_power_watt,1173.637,"['wattmetrev3-1-port0', 'wattmetrev3-1-port1', 'wattmetrev3-1-port2', 'wattmetrev3-1-port3']"
398,2022-08-17 11:13:26.000000,gemini-1,wattmetre_power_watt,1173.953,"['wattmetrev3-1-port0', 'wattmetrev3-1-port1', 'wattmetrev3-1-port2', 'wattmetrev3-1-port3']"
399,2022-08-17 11:13:27.000000,gemini-1,wattmetre_power_watt,1175.121,"['wattmetrev3-1-port0', 'wattmetrev3-1-port1', 'wattmetrev3-1-port2', 'wattmetrev3-1-port3']"
400,2022-08-17 11:13:27.868628,gemini-1,bmc_node_power_watt,1044.0,
401,2022-08-17 11:13:28.000000,gemini-1,wattmetre_power_watt,1174.619,"['wattmetrev3-1-port0', 'wattmetrev3-1-port1', 'wattmetrev3-1-port2', 'wattmetrev3-1-port3']"
402,2022-08-17 11:13:29.000000,gemini-1,wattmetre_power_watt,1173.647,"['wattmetrev3-1-port0', 'wattmetrev3-1-port1', 'wattmetrev3-1-port2', 'wattmetrev3-1-port3']"
403,2022-08-17 11:13:30.000000,gemini-1,wattmetre_power_watt,1173.413,"['wattmetrev3-1-port0', 'wattmetrev3-1-port1', 'wattmetrev3-1-port2', 'wattmetrev3-1-port3']"
404,2022-08-17 11:13:31.000000,gemini-1,wattmetre_power_watt,1173.658,"['wattmetrev3-1-port0', 'wattmetrev3-1-port1', 'wattmetrev3-1-port2', 'wattmetrev3-1-port3']"
405,2022-08-17 11:13:32.000000,gemini-1,wattmetre_power_watt,1174.103,"['wattmetrev3-1-port0', 'wattmetrev3-1-port1', 'wattmetrev3-1-port2', 'wattmetrev3-1-port3']"
406,2022-08-17 11:13:32.877481,gemini-1,bmc_node_power_watt,1044.0,
407,2022-08-17 11:13:33.000000,gemini-1,wattmetre_power_watt,1174.704,"['wattmetrev3-1-port0', 'wattmetrev3-1-port1', 'wattmetrev3-1-port2', 'wattmetrev3-1-port3']"
408,2022-08-17 11:13:34.000000,gemini-1,wattmetre_power_watt,1174.324,"['wattmetrev3-1-port0', 'wattmetrev3-1-port1', 'wattmetrev3-1-port2', 'wattmetrev3-1-port3']"
409,2022-08-17 11:13:35.000000,gemini-1,wattmetre_power_watt,1173.233,"['wattmetrev3-1-port0', 'wattmetrev3-1-port1', 'wattmetrev3-1-port2', 'wattmetrev3-1-port3']"
410,2022-08-17 11:13:36.000000,gemini-1,wattmetre_power_watt,1173.798,"['wattmetrev3-1-port0', 'wattmetrev3-1-port1', 'wattmetrev3-1-port2', 'wattmetrev3-1-port3']"
411,2022-08-17 11:13:37.000000,gemini-1,wattmetre_power_watt,1173.31,"['wattmetrev3-1-port0', 'wattmetrev3-1-port1', 'wattmetrev3-1-port2', 'wattmetrev3-1-port3']"
412,2022-08-17 11:13:37.871227,gemini-1,bmc_node_power_watt,1044.0,
413,2022-08-17 11:13:38.000000,gemini-1,wattmetre_power_watt,1173.921,"['wattmetrev3-1-port0', 'wattmetrev3-1-port1', 'wattmetrev3-1-port2', 'wattmetrev3-1-port3']"
414,2022-08-17 11:13:39.000000,gemini-1,wattmetre_power_watt,1175.38,"['wattmetrev3-1-port0', 'wattmetrev3-1-port1', 'wattmetrev3-1-port2', 'wattmetrev3-1-port3']"
415,2022-08-17 11:13:40.000000,gemini-1,wattmetre_power_watt,1173.984,"['wattmetrev3-1-port0', 'wattmetrev3-1-port1', 'wattmetrev3-1-port2', 'wattmetrev3-1-port3']"
416,2022-08-17 11:13:41.000000,gemini-1,wattmetre_power_watt,1173.724,"['wattmetrev3-1-port0', 'wattmetrev3-1-port1', 'wattmetrev3-1-port2', 'wattmetrev3-1-port3']"
417,2022-08-17 11:13:42.000000,gemini-1,wattmetre_power_watt,1173.549,"['wattmetrev3-1-port0', 'wattmetrev3-1-port1', 'wattmetrev3-1-port2', 'wattmetrev3-1-port3']"
418,2022-08-17 11:13:42.872414,gemini-1,bmc_node_power_watt,1044.0,
419,2022-08-17 11:13:43.000000,gemini-1,wattmetre_power_watt,1173.979,"['wattmetrev3-1-port0', 'wattmetrev3-1-port1', 'wattmetrev3-1-port2', 'wattmetrev3-1-port3']"
420,2022-08-17 11:13:44.000000,gemini-1,wattmetre_power_watt,1174.102,"['wattmetrev3-1-port0', 'wattmetrev3-1-port1', 'wattmetrev3-1-port2', 'wattmetrev3-1-port3']"
421,2022-08-17 11:13:45.000000,gemini-1,wattmetre_power_watt,1174.313,"['wattmetrev3-1-port0', 'wattmetrev3-1-port1', 'wattmetrev3-1-port2', 'wattmetrev3-1-port3']"
422,2022-08-17 11:13:46.000000,gemini-1,wattmetre_power_watt,1175.039,"['wattmetrev3-1-port0', 'wattmetrev3-1-port1', 'wattmetrev3-1-port2', 'wattmetrev3-1-port3']"
423,2022-08-17 11:13:47.000000,gemini-1,wattmetre_power_watt,1173.53,"['wattmetrev3-1-port0', 'wattmetrev3-1-port1', 'wattmetrev3-1-port2', 'wattmetrev3-1-port3']"
424,2022-08-17 11:13:47.873160,gemini-1,bmc_node_power_watt,1044.0,
425,2022-08-17 11:13:48.000000,gemini-1,wattmetre_power_watt,1173.588,"['wattmetrev3-1-port0', 'wattmetrev3-1-port1', 'wattmetrev3-1-port2', 'wattmetrev3-1-port3']"
426,2022-08-17 11:13:49.000000,gemini-1,wattmetre_power_watt,1173.383,"['wattmetrev3-1-port0', 'wattmetrev3-1-port1', 'wattmetrev3-1-port2', 'wattmetrev3-1-port3']"
427,2022-08-17 11:13:50.000000,gemini-1,wattmetre_power_watt,1173.714,"['wattmetrev3-1-port0', 'wattmetrev3-1-port1', 'wattmetrev3-1-port2', 'wattmetrev3-1-port3']"
428,2022-08-17 11:13:51.000000,gemini-1,wattmetre_power_watt,1174.836,"['wattmetrev3-1-port0', 'wattmetrev3-1-port1', 'wattmetrev3-1-port2', 'wattmetrev3-1-port3']"
429,2022-08-17 11:13:52.000000,gemini-1,wattmetre_power_watt,1174.547,"['wattmetrev3-1-port0', 'wattmetrev3-1-port1', 'wattmetrev3-1-port2', 'wattmetrev3-1-port3']"
430,2022-08-17 11:13:52.874165,gemini-1,bmc_node_power_watt,1044.0,
431,2022-08-17 11:13:53.000000,gemini-1,wattmetre_power_watt,1174.145,"['wattmetrev3-1-port0', 'wattmetrev3-1-port1', 'wattmetrev3-1-port2', 'wattmetrev3-1-port3']"
432,2022-08-17 11:13:54.000000,gemini-1,wattmetre_power_watt,1173.451,"['wattmetrev3-1-port0', 'wattmetrev3-1-port1', 'wattmetrev3-1-port2', 'wattmetrev3-1-port3']"
433,2022-08-17 11:13:55.000000,gemini-1,wattmetre_power_watt,1173.87,"['wattmetrev3-1-port0', 'wattmetrev3-1-port1', 'wattmetrev3-1-port2', 'wattmetrev3-1-port3']"
434,2022-08-17 11:13:56.000000,gemini-1,wattmetre_power_watt,1173.355,"['wattmetrev3-1-port0', 'wattmetrev3-1-port1', 'wattmetrev3-1-port2', 'wattmetrev3-1-port3']"
435,2022-08-17 11:13:57.000000,gemini-1,wattmetre_power_watt,1174.76,"['wattmetrev3-1-port0', 'wattmetrev3-1-port1', 'wattmetrev3-1-port2', 'wattmetrev3-1-port3']"
436,2022-08-17 11:13:57.875101,gemini-1,bmc_node_power_watt,1044.0,
437,2022-08-17 11:13:58.000000,gemini-1,wattmetre_power_watt,1174.407,"['wattmetrev3-1-port0', 'wattmetrev3-1-port1', 'wattmetrev3-1-port2', 'wattmetrev3-1-port3']"
438,2022-08-17 11:13:59.000000,gemini-1,wattmetre_power_watt,1173.883,"['wattmetrev3-1-port0', 'wattmetrev3-1-port1', 'wattmetrev3-1-port2', 'wattmetrev3-1-port3']"
439,2022-08-17 11:14:00.000000,gemini-1,wattmetre_power_watt,1173.535,"['wattmetrev3-1-port0', 'wattmetrev3-1-port1', 'wattmetrev3-1-port2', 'wattmetrev3-1-port3']"
440,2022-08-17 11:14:01.000000,gemini-1,wattmetre_power_watt,1173.394,"['wattmetrev3-1-port0', 'wattmetrev3-1-port1', 'wattmetrev3-1-port2', 'wattmetrev3-1-port3']"
441,2022-08-17 11:14:02.000000,gemini-1,wattmetre_power_watt,1174.029,"['wattmetrev3-1-port0', 'wattmetrev3-1-port1', 'wattmetrev3-1-port2', 'wattmetrev3-1-port3']"
442,2022-08-17 11:14:02.880288,gemini-1,bmc_node_power_watt,1044.0,
443,2022-08-17 11:14:03.000000,gemini-1,wattmetre_power_watt,1175.027,"['wattmetrev3-1-port0', 'wattmetrev3-1-port1', 'wattmetrev3-1-port2', 'wattmetrev3-1-port3']"
444,2022-08-17 11:14:04.000000,gemini-1,wattmetre_power_watt,1174.55454545455,"['wattmetrev3-1-port0', 'wattmetrev3-1-port1', 'wattmetrev3-1-port2', 'wattmetrev3-1-port3']"
445,2022-08-17 11:14:05.000000,gemini-1,wattmetre_power_watt,1173.356,"['wattmetrev3-1-port0', 'wattmetrev3-1-port1', 'wattmetrev3-1-port2', 'wattmetrev3-1-port3']"
446,2022-08-17 11:14:06.000000,gemini-1,wattmetre_power_watt,1173.115,"['wattmetrev3-1-port0', 'wattmetrev3-1-port1', 'wattmetrev3-1-port2', 'wattmetrev3-1-port3']"
447,2022-08-17 11:14:07.000000,gemini-1,wattmetre_power_watt,1173.998,"['wattmetrev3-1-port0', 'wattmetrev3-1-port1', 'wattmetrev3-1-port2', 'wattmetrev3-1-port3']"
448,2022-08-17 11:14:07.879578,gemini-1,bmc_node_power_watt,1044.0,
449,2022-08-17 11:14:08.000000,gemini-1,wattmetre_power_watt,1173.982,"['wattmetrev3-1-port0', 'wattmetrev3-1-port1', 'wattmetrev3-1-port2', 'wattmetrev3-1-port3']"
450,2022-08-17 11:14:09.000000,gemini-1,wattmetre_power_watt,1174.585,"['wattmetrev3-1-port0', 'wattmetrev3-1-port1', 'wattmetrev3-1-port2', 'wattmetrev3-1-port3']"
451,2022-08-17 11:14:10.000000,gemini-1,wattmetre_power_watt,1174.598,"['wattmetrev3-1-port0', 'wattmetrev3-1-port1', 'wattmetrev3-1-port2', 'wattmetrev3-1-port3']"
452,2022-08-17 11:14:11.000000,gemini-1,wattmetre_power_watt,1173.561,"['wattmetrev3-1-port0', 'wattmetrev3-1-port1', 'wattmetrev3-1-port2', 'wattmetrev3-1-port3']"
453,2022-08-17 11:14:12.000000,gemini-1,wattmetre_power_watt,1172.822,"['wattmetrev3-1-port0', 'wattmetrev3-1-port1', 'wattmetrev3-1-port2', 'wattmetrev3-1-port3']"
454,2022-08-17 11:14:12.880942,gemini-1,bmc_node_power_watt,1044.0,
455,2022-08-17 11:14:13.000000,gemini-1,wattmetre_power_watt,1174.062,"['wattmetrev3-1-port0', 'wattmetrev3-1-port1', 'wattmetrev3-1-port2', 'wattmetrev3-1-port3']"
456,2022-08-17 11:14:14.000000,gemini-1,wattmetre_power_watt,1173.835,"['wattmetrev3-1-port0', 'wattmetrev3-1-port1', 'wattmetrev3-1-port2', 'wattmetrev3-1-port3']"
457,2022-08-17 11:14:15.000000,gemini-1,wattmetre_power_watt,1174.803,"['wattmetrev3-1-port0', 'wattmetrev3-1-port1', 'wattmetrev3-1-port2', 'wattmetrev3-1-port3']"
458,2022-08-17 11:14:16.000000,gemini-1,wattmetre_power_watt,1179.469,"['wattmetrev3-1-port0', 'wattmetrev3-1-port1', 'wattmetrev3-1-port2', 'wattmetrev3-1-port3']"
459,2022-08-17 11:14:17.000000,gemini-1,wattmetre_power_watt,1189.913,"['wattmetrev3-1-port0', 'wattmetrev3-1-port1', 'wattmetrev3-1-port2', 'wattmetrev3-1-port3']"
460,2022-08-17 11:14:17.881315,gemini-1,bmc_node_power_watt,1044.0,
461,2022-08-17 11:14:18.000000,gemini-1,wattmetre_power_watt,1241.423,"['wattmetrev3-1-port0', 'wattmetrev3-1-port1', 'wattmetrev3-1-port2', 'wattmetrev3-1-port3']"
462,2022-08-17 11:14:19.000000,gemini-1,wattmetre_power_watt,1239.704,"['wattmetrev3-1-port0', 'wattmetrev3-1-port1', 'wattmetrev3-1-port2', 'wattmetrev3-1-port3']"
463,2022-08-17 11:14:20.000000,gemini-1,wattmetre_power_watt,1255.571,"['wattmetrev3-1-port0', 'wattmetrev3-1-port1', 'wattmetrev3-1-port2', 'wattmetrev3-1-port3']"
464,2022-08-17 11:14:21.000000,gemini-1,wattmetre_power_watt,1250.986,"['wattmetrev3-1-port0', 'wattmetrev3-1-port1', 'wattmetrev3-1-port2', 'wattmetrev3-1-port3']"
465,2022-08-17 11:14:22.000000,gemini-1,wattmetre_power_watt,1226.894,"['wattmetrev3-1-port0', 'wattmetrev3-1-port1', 'wattmetrev3-1-port2', 'wattmetrev3-1-port3']"
466,2022-08-17 11:14:22.883590,gemini-1,bmc_node_power_watt,1044.0,
467,2022-08-17 11:14:23.000000,gemini-1,wattmetre_power_watt,1252.171,"['wattmetrev3-1-port0', 'wattmetrev3-1-port1', 'wattmetrev3-1-port2', 'wattmetrev3-1-port3']"
468,2022-08-17 11:14:24.000000,gemini-1,wattmetre_power_watt,1239.906,"['wattmetrev3-1-port0', 'wattmetrev3-1-port1', 'wattmetrev3-1-port2', 'wattmetrev3-1-port3']"
469,2022-08-17 11:14:25.000000,gemini-1,wattmetre_power_watt,1226.729,"['wattmetrev3-1-port0', 'wattmetrev3-1-port1', 'wattmetrev3-1-port2', 'wattmetrev3-1-port3']"
470,2022-08-17 11:14:26.000000,gemini-1,wattmetre_power_watt,1233.308,"['wattmetrev3-1-port0', 'wattmetrev3-1-port1', 'wattmetrev3-1-port2', 'wattmetrev3-1-port3']"
471,2022-08-17 11:14:27.000000,gemini-1,wattmetre_power_watt,1236.68,"['wattmetrev3-1-port0', 'wattmetrev3-1-port1', 'wattmetrev3-1-port2', 'wattmetrev3-1-port3']"
472,2022-08-17 11:14:27.895910,gemini-1,bmc_node_power_watt,1044.0,
473,2022-08-17 11:14:28.000000,gemini-1,wattmetre_power_watt,1226.7797979798,"['wattmetrev3-1-port0', 'wattmetrev3-1-port1', 'wattmetrev3-1-port2', 'wattmetrev3-1-port3']"
474,2022-08-17 11:14:29.000000,gemini-1,wattmetre_power_watt,1215.825,"['wattmetrev3-1-port0', 'wattmetrev3-1-port1', 'wattmetrev3-1-port2', 'wattmetrev3-1-port3']"
475,2022-08-17 11:14:30.000000,gemini-1,wattmetre_power_watt,1233.58,"['wattmetrev3-1-port0', 'wattmetrev3-1-port1', 'wattmetrev3-1-port2', 'wattmetrev3-1-port3']"
476,2022-08-17 11:14:31.000000,gemini-1,wattmetre_power_watt,1256.767,"['wattmetrev3-1-port0', 'wattmetrev3-1-port1', 'wattmetrev3-1-port2', 'wattmetrev3-1-port3']"
477,2022-08-17 11:14:32.000000,gemini-1,wattmetre_power_watt,1206.785,"['wattmetrev3-1-port0', 'wattmetrev3-1-port1', 'wattmetrev3-1-port2', 'wattmetrev3-1-port3']"
478,2022-08-17 11:14:32.896078,gemini-1,bmc_node_power_watt,1044.0,
479,2022-08-17 11:14:33.000000,gemini-1,wattmetre_power_watt,1247.758,"['wattmetrev3-1-port0', 'wattmetrev3-1-port1', 'wattmetrev3-1-port2', 'wattmetrev3-1-port3']"
480,2022-08-17 11:14:34.000000,gemini-1,wattmetre_power_watt,1222.979,"['wattmetrev3-1-port0', 'wattmetrev3-1-port1', 'wattmetrev3-1-port2', 'wattmetrev3-1-port3']"
481,2022-08-17 11:14:35.000000,gemini-1,wattmetre_power_watt,1218.983,"['wattmetrev3-1-port0', 'wattmetrev3-1-port1', 'wattmetrev3-1-port2', 'wattmetrev3-1-port3']"
482,2022-08-17 11:14:36.000000,gemini-1,wattmetre_power_watt,1260.96,"['wattmetrev3-1-port0', 'wattmetrev3-1-port1', 'wattmetrev3-1-port2', 'wattmetrev3-1-port3']"
483,2022-08-17 11:14:37.000000,gemini-1,wattmetre_power_watt,1229.102,"['wattmetrev3-1-port0', 'wattmetrev3-1-port1', 'wattmetrev3-1-port2', 'wattmetrev3-1-port3']"
484,2022-08-17 11:14:37.896343,gemini-1,bmc_node_power_watt,1044.0,
485,2022-08-17 11:14:38.000000,gemini-1,wattmetre_power_watt,1261.351,"['wattmetrev3-1-port0', 'wattmetrev3-1-port1', 'wattmetrev3-1-port2', 'wattmetrev3-1-port3']"
486,2022-08-17 11:14:39.000000,gemini-1,wattmetre_power_watt,1216.859,"['wattmetrev3-1-port0', 'wattmetrev3-1-port1', 'wattmetrev3-1-port2', 'wattmetrev3-1-port3']"
487,2022-08-17 11:14:40.000000,gemini-1,wattmetre_power_watt,1230.782,"['wattmetrev3-1-port0', 'wattmetrev3-1-port1', 'wattmetrev3-1-port2', 'wattmetrev3-1-port3']"
488,2022-08-17 11:14:41.000000,gemini-1,wattmetre_power_watt,1241.373,"['wattmetrev3-1-port0', 'wattmetrev3-1-port1', 'wattmetrev3-1-port2', 'wattmetrev3-1-port3']"
489,2022-08-17 11:14:42.000000,gemini-1,wattmetre_power_watt,1218.96,"['wattmetrev3-1-port0', 'wattmetrev3-1-port1', 'wattmetrev3-1-port2', 'wattmetrev3-1-port3']"
490,2022-08-17 11:14:42.896770,gemini-1,bmc_node_power_watt,1152.0,
491,2022-08-17 11:14:43.000000,gemini-1,wattmetre_power_watt,1245.444,"['wattmetrev3-1-port0', 'wattmetrev3-1-port1', 'wattmetrev3-1-port2', 'wattmetrev3-1-port3']"
492,2022-08-17 11:14:44.000000,gemini-1,wattmetre_power_watt,1222.845,"['wattmetrev3-1-port0', 'wattmetrev3-1-port1', 'wattmetrev3-1-port2', 'wattmetrev3-1-port3']"
493,2022-08-17 11:14:45.000000,gemini-1,wattmetre_power_watt,1245.764,"['wattmetrev3-1-port0', 'wattmetrev3-1-port1', 'wattmetrev3-1-port2', 'wattmetrev3-1-port3']"
494,2022-08-17 11:14:46.000000,gemini-1,wattmetre_power_watt,1269.921,"['wattmetrev3-1-port0', 'wattmetrev3-1-port1', 'wattmetrev3-1-port2', 'wattmetrev3-1-port3']"
495,2022-08-17 11:14:47.000000,gemini-1,wattmetre_power_watt,1257.651,"['wattmetrev3-1-port0', 'wattmetrev3-1-port1', 'wattmetrev3-1-port2', 'wattmetrev3-1-port3']"
496,2022-08-17 11:14:47.897537,gemini-1,bmc_node_power_watt,1152.0,
497,2022-08-17 11:14:48.000000,gemini-1,wattmetre_power_watt,1257.299,"['wattmetrev3-1-port0', 'wattmetrev3-1-port1', 'wattmetrev3-1-port2', 'wattmetrev3-1-port3']"
498,2022-08-17 11:14:49.000000,gemini-1,wattmetre_power_watt,1213.847,"['wattmetrev3-1-port0', 'wattmetrev3-1-port1', 'wattmetrev3-1-port2', 'wattmetrev3-1-port3']"
499,2022-08-17 11:14:50.000000,gemini-1,wattmetre_power_watt,1253.119,"['wattmetrev3-1-port0', 'wattmetrev3-1-port1', 'wattmetrev3-1-port2', 'wattmetrev3-1-port3']"
500,2022-08-17 11:14:51.000000,gemini-1,wattmetre_power_watt,1259.848,"['wattmetrev3-1-port0', 'wattmetrev3-1-port1', 'wattmetrev3-1-port2', 'wattmetrev3-1-port3']"
501,2022-08-17 11:14:52.000000,gemini-1,wattmetre_power_watt,1263.892,"['wattmetrev3-1-port0', 'wattmetrev3-1-port1', 'wattmetrev3-1-port2', 'wattmetrev3-1-port3']"
502,2022-08-17 11:14:52.897637,gemini-1,bmc_node_power_watt,1152.0,
503,2022-08-17 11:14:53.000000,gemini-1,wattmetre_power_watt,1258.995,"['wattmetrev3-1-port0', 'wattmetrev3-1-port1', 'wattmetrev3-1-port2', 'wattmetrev3-1-port3']"
504,2022-08-17 11:14:54.000000,gemini-1,wattmetre_power_watt,1262.907,"['wattmetrev3-1-port0', 'wattmetrev3-1-port1', 'wattmetrev3-1-port2', 'wattmetrev3-1-port3']"
505,2022-08-17 11:14:55.000000,gemini-1,wattmetre_power_watt,1256.416,"['wattmetrev3-1-port0', 'wattmetrev3-1-port1', 'wattmetrev3-1-port2', 'wattmetrev3-1-port3']"
506,2022-08-17 11:14:56.000000,gemini-1,wattmetre_power_watt,1235.755,"['wattmetrev3-1-port0', 'wattmetrev3-1-port1', 'wattmetrev3-1-port2', 'wattmetrev3-1-port3']"
507,2022-08-17 11:14:57.000000,gemini-1,wattmetre_power_watt,1267.842,"['wattmetrev3-1-port0', 'wattmetrev3-1-port1', 'wattmetrev3-1-port2', 'wattmetrev3-1-port3']"
508,2022-08-17 11:14:57.899023,gemini-1,bmc_node_power_watt,1080.0,
509,2022-08-17 11:14:58.000000,gemini-1,wattmetre_power_watt,1229.361,"['wattmetrev3-1-port0', 'wattmetrev3-1-port1', 'wattmetrev3-1-port2', 'wattmetrev3-1-port3']"
510,2022-08-17 11:14:59.000000,gemini-1,wattmetre_power_watt,1264.743,"['wattmetrev3-1-port0', 'wattmetrev3-1-port1', 'wattmetrev3-1-port2', 'wattmetrev3-1-port3']"
511,2022-08-17 11:15:00.000000,gemini-1,wattmetre_power_watt,1260.505,"['wattmetrev3-1-port0', 'wattmetrev3-1-port1', 'wattmetrev3-1-port2', 'wattmetrev3-1-port3']"
512,2022-08-17 11:15:01.000000,gemini-1,wattmetre_power_watt,1247.789,"['wattmetrev3-1-port0', 'wattmetrev3-1-port1', 'wattmetrev3-1-port2', 'wattmetrev3-1-port3']"
513,2022-08-17 11:15:02.000000,gemini-1,wattmetre_power_watt,1243.27,"['wattmetrev3-1-port0', 'wattmetrev3-1-port1', 'wattmetrev3-1-port2', 'wattmetrev3-1-port3']"
514,2022-08-17 11:15:02.899071,gemini-1,bmc_node_power_watt,1116.0,
515,2022-08-17 11:15:03.000000,gemini-1,wattmetre_power_watt,1229.506,"['wattmetrev3-1-port0', 'wattmetrev3-1-port1', 'wattmetrev3-1-port2', 'wattmetrev3-1-port3']"
516,2022-08-17 11:15:04.000000,gemini-1,wattmetre_power_watt,1253.414,"['wattmetrev3-1-port0', 'wattmetrev3-1-port1', 'wattmetrev3-1-port2', 'wattmetrev3-1-port3']"
517,2022-08-17 11:15:05.000000,gemini-1,wattmetre_power_watt,1221.518,"['wattmetrev3-1-port0', 'wattmetrev3-1-port1', 'wattmetrev3-1-port2', 'wattmetrev3-1-port3']"
518,2022-08-17 11:15:06.000000,gemini-1,wattmetre_power_watt,1255.859,"['wattmetrev3-1-port0', 'wattmetrev3-1-port1', 'wattmetrev3-1-port2', 'wattmetrev3-1-port3']"
519,2022-08-17 11:15:07.000000,gemini-1,wattmetre_power_watt,1228.041,"['wattmetrev3-1-port0', 'wattmetrev3-1-port1', 'wattmetrev3-1-port2', 'wattmetrev3-1-port3']"
520,2022-08-17 11:15:07.901398,gemini-1,bmc_node_power_watt,1116.0,
521,2022-08-17 11:15:08.000000,gemini-1,wattmetre_power_watt,1259.252,"['wattmetrev3-1-port0', 'wattmetrev3-1-port1', 'wattmetrev3-1-port2', 'wattmetrev3-1-port3']"
522,2022-08-17 11:15:09.000000,gemini-1,wattmetre_power_watt,1243.257,"['wattmetrev3-1-port0', 'wattmetrev3-1-port1', 'wattmetrev3-1-port2', 'wattmetrev3-1-port3']"
523,2022-08-17 11:15:10.000000,gemini-1,wattmetre_power_watt,1253.086,"['wattmetrev3-1-port0', 'wattmetrev3-1-port1', 'wattmetrev3-1-port2', 'wattmetrev3-1-port3']"
524,2022-08-17 11:15:11.000000,gemini-1,wattmetre_power_watt,1263.297,"['wattmetrev3-1-port0', 'wattmetrev3-1-port1', 'wattmetrev3-1-port2', 'wattmetrev3-1-port3']"
525,2022-08-17 11:15:12.000000,gemini-1,wattmetre_power_watt,1252.402,"['wattmetrev3-1-port0', 'wattmetrev3-1-port1', 'wattmetrev3-1-port2', 'wattmetrev3-1-port3']"
526,2022-08-17 11:15:12.901742,gemini-1,bmc_node_power_watt,1152.0,
527,2022-08-17 11:15:13.000000,gemini-1,wattmetre_power_watt,1252.253,"['wattmetrev3-1-port0', 'wattmetrev3-1-port1', 'wattmetrev3-1-port2', 'wattmetrev3-1-port3']"
528,2022-08-17 11:15:14.000000,gemini-1,wattmetre_power_watt,1267.105,"['wattmetrev3-1-port0', 'wattmetrev3-1-port1', 'wattmetrev3-1-port2', 'wattmetrev3-1-port3']"
529,2022-08-17 11:15:15.000000,gemini-1,wattmetre_power_watt,1267.552,"['wattmetrev3-1-port0', 'wattmetrev3-1-port1', 'wattmetrev3-1-port2', 'wattmetrev3-1-port3']"
530,2022-08-17 11:15:16.000000,gemini-1,wattmetre_power_watt,1259.13,"['wattmetrev3-1-port0', 'wattmetrev3-1-port1', 'wattmetrev3-1-port2', 'wattmetrev3-1-port3']"
531,2022-08-17 11:15:17.000000,gemini-1,wattmetre_power_watt,1261.928,"['wattmetrev3-1-port0', 'wattmetrev3-1-port1', 'wattmetrev3-1-port2', 'wattmetrev3-1-port3']"
532,2022-08-17 11:15:17.907026,gemini-1,bmc_node_power_watt,1152.0,
533,2022-08-17 11:15:18.000000,gemini-1,wattmetre_power_watt,1261.727,"['wattmetrev3-1-port0', 'wattmetrev3-1-port1', 'wattmetrev3-1-port2', 'wattmetrev3-1-port3']"
534,2022-08-17 11:15:19.000000,gemini-1,wattmetre_power_watt,1264.962,"['wattmetrev3-1-port0', 'wattmetrev3-1-port1', 'wattmetrev3-1-port2', 'wattmetrev3-1-port3']"
535,2022-08-17 11:15:20.000000,gemini-1,wattmetre_power_watt,1262.787,"['wattmetrev3-1-port0', 'wattmetrev3-1-port1', 'wattmetrev3-1-port2', 'wattmetrev3-1-port3']"
536,2022-08-17 11:15:21.000000,gemini-1,wattmetre_power_watt,1268.225,"['wattmetrev3-1-port0', 'wattmetrev3-1-port1', 'wattmetrev3-1-port2', 'wattmetrev3-1-port3']"
537,2022-08-17 11:15:22.000000,gemini-1,wattmetre_power_watt,1265.838,"['wattmetrev3-1-port0', 'wattmetrev3-1-port1', 'wattmetrev3-1-port2', 'wattmetrev3-1-port3']"
538,2022-08-17 11:15:22.907579,gemini-1,bmc_node_power_watt,1152.0,
539,2022-08-17 11:15:23.000000,gemini-1,wattmetre_power_watt,1264.826,"['wattmetrev3-1-port0', 'wattmetrev3-1-port1', 'wattmetrev3-1-port2', 'wattmetrev3-1-port3']"
540,2022-08-17 11:15:24.000000,gemini-1,wattmetre_power_watt,1267.274,"['wattmetrev3-1-port0', 'wattmetrev3-1-port1', 'wattmetrev3-1-port2', 'wattmetrev3-1-port3']"
541,2022-08-17 11:15:25.000000,gemini-1,wattmetre_power_watt,1253.784,"['wattmetrev3-1-port0', 'wattmetrev3-1-port1', 'wattmetrev3-1-port2', 'wattmetrev3-1-port3']"
542,2022-08-17 11:15:26.000000,gemini-1,wattmetre_power_watt,1262.61313131313,"['wattmetrev3-1-port0', 'wattmetrev3-1-port1', 'wattmetrev3-1-port2', 'wattmetrev3-1-port3']"
543,2022-08-17 11:15:27.000000,gemini-1,wattmetre_power_watt,1260.155,"['wattmetrev3-1-port0', 'wattmetrev3-1-port1', 'wattmetrev3-1-port2', 'wattmetrev3-1-port3']"
544,2022-08-17 11:15:27.909734,gemini-1,bmc_node_power_watt,1116.0,
545,2022-08-17 11:15:28.000000,gemini-1,wattmetre_power_watt,1258.964,"['wattmetrev3-1-port0', 'wattmetrev3-1-port1', 'wattmetrev3-1-port2', 'wattmetrev3-1-port3']"
546,2022-08-17 11:15:29.000000,gemini-1,wattmetre_power_watt,1263.178,"['wattmetrev3-1-port0', 'wattmetrev3-1-port1', 'wattmetrev3-1-port2', 'wattmetrev3-1-port3']"
547,2022-08-17 11:15:30.000000,gemini-1,wattmetre_power_watt,1262.677,"['wattmetrev3-1-port0', 'wattmetrev3-1-port1', 'wattmetrev3-1-port2', 'wattmetrev3-1-port3']"
548,2022-08-17 11:15:31.000000,gemini-1,wattmetre_power_watt,1268.302,"['wattmetrev3-1-port0', 'wattmetrev3-1-port1', 'wattmetrev3-1-port2', 'wattmetrev3-1-port3']"
549,2022-08-17 11:15:32.000000,gemini-1,wattmetre_power_watt,1251.414,"['wattmetrev3-1-port0', 'wattmetrev3-1-port1', 'wattmetrev3-1-port2', 'wattmetrev3-1-port3']"
550,2022-08-17 11:15:32.912779,gemini-1,bmc_node_power_watt,1152.0,
551,2022-08-17 11:15:33.000000,gemini-1,wattmetre_power_watt,1264.427,"['wattmetrev3-1-port0', 'wattmetrev3-1-port1', 'wattmetrev3-1-port2', 'wattmetrev3-1-port3']"
552,2022-08-17 11:15:34.000000,gemini-1,wattmetre_power_watt,1260.898,"['wattmetrev3-1-port0', 'wattmetrev3-1-port1', 'wattmetrev3-1-port2', 'wattmetrev3-1-port3']"
553,2022-08-17 11:15:35.000000,gemini-1,wattmetre_power_watt,1263.331,"['wattmetrev3-1-port0', 'wattmetrev3-1-port1', 'wattmetrev3-1-port2', 'wattmetrev3-1-port3']"
554,2022-08-17 11:15:36.000000,gemini-1,wattmetre_power_watt,1257.186,"['wattmetrev3-1-port0', 'wattmetrev3-1-port1', 'wattmetrev3-1-port2', 'wattmetrev3-1-port3']"
555,2022-08-17 11:15:37.000000,gemini-1,wattmetre_power_watt,1260.529,"['wattmetrev3-1-port0', 'wattmetrev3-1-port1', 'wattmetrev3-1-port2', 'wattmetrev3-1-port3']"
556,2022-08-17 11:15:37.913429,gemini-1,bmc_node_power_watt,1152.0,
557,2022-08-17 11:15:38.000000,gemini-1,wattmetre_power_watt,1255.634,"['wattmetrev3-1-port0', 'wattmetrev3-1-port1', 'wattmetrev3-1-port2', 'wattmetrev3-1-port3']"
558,2022-08-17 11:15:39.000000,gemini-1,wattmetre_power_watt,1271.653,"['wattmetrev3-1-port0', 'wattmetrev3-1-port1', 'wattmetrev3-1-port2', 'wattmetrev3-1-port3']"
559,2022-08-17 11:15:40.000000,gemini-1,wattmetre_power_watt,1267.515,"['wattmetrev3-1-port0', 'wattmetrev3-1-port1', 'wattmetrev3-1-port2', 'wattmetrev3-1-port3']"
560,2022-08-17 11:15:41.000000,gemini-1,wattmetre_power_watt,1266.472,"['wattmetrev3-1-port0', 'wattmetrev3-1-port1', 'wattmetrev3-1-port2', 'wattmetrev3-1-port3']"
561,2022-08-17 11:15:42.000000,gemini-1,wattmetre_power_watt,1259.745,"['wattmetrev3-1-port0', 'wattmetrev3-1-port1', 'wattmetrev3-1-port2', 'wattmetrev3-1-port3']"
562,2022-08-17 11:15:42.914293,gemini-1,bmc_node_power_watt,1152.0,
563,2022-08-17 11:15:43.000000,gemini-1,wattmetre_power_watt,1262.933,"['wattmetrev3-1-port0', 'wattmetrev3-1-port1', 'wattmetrev3-1-port2', 'wattmetrev3-1-port3']"
564,2022-08-17 11:15:44.000000,gemini-1,wattmetre_power_watt,1265.139,"['wattmetrev3-1-port0', 'wattmetrev3-1-port1', 'wattmetrev3-1-port2', 'wattmetrev3-1-port3']"
565,2022-08-17 11:15:45.000000,gemini-1,wattmetre_power_watt,1266.735,"['wattmetrev3-1-port0', 'wattmetrev3-1-port1', 'wattmetrev3-1-port2', 'wattmetrev3-1-port3']"
566,2022-08-17 11:15:46.000000,gemini-1,wattmetre_power_watt,1265.473,"['wattmetrev3-1-port0', 'wattmetrev3-1-port1', 'wattmetrev3-1-port2', 'wattmetrev3-1-port3']"
567,2022-08-17 11:15:47.000000,gemini-1,wattmetre_power_watt,1260.377,"['wattmetrev3-1-port0', 'wattmetrev3-1-port1', 'wattmetrev3-1-port2', 'wattmetrev3-1-port3']"
568,2022-08-17 11:15:47.914980,gemini-1,bmc_node_power_watt,1116.0,
569,2022-08-17 11:15:48.000000,gemini-1,wattmetre_power_watt,1252.447,"['wattmetrev3-1-port0', 'wattmetrev3-1-port1', 'wattmetrev3-1-port2', 'wattmetrev3-1-port3']"
570,2022-08-17 11:15:49.000000,gemini-1,wattmetre_power_watt,1265.679,"['wattmetrev3-1-port0', 'wattmetrev3-1-port1', 'wattmetrev3-1-port2', 'wattmetrev3-1-port3']"
571,2022-08-17 11:15:50.000000,gemini-1,wattmetre_power_watt,1265.01,"['wattmetrev3-1-port0', 'wattmetrev3-1-port1', 'wattmetrev3-1-port2', 'wattmetrev3-1-port3']"
572,2022-08-17 11:15:51.000000,gemini-1,wattmetre_power_watt,1256.658,"['wattmetrev3-1-port0', 'wattmetrev3-1-port1', 'wattmetrev3-1-port2', 'wattmetrev3-1-port3']"
573,2022-08-17 11:15:52.000000,gemini-1,wattmetre_power_watt,1250.52,"['wattmetrev3-1-port0', 'wattmetrev3-1-port1', 'wattmetrev3-1-port2', 'wattmetrev3-1-port3']"
574,2022-08-17 11:15:52.916393,gemini-1,bmc_node_power_watt,1116.0,
575,2022-08-17 11:15:53.000000,gemini-1,wattmetre_power_watt,1265.774,"['wattmetrev3-1-port0', 'wattmetrev3-1-port1', 'wattmetrev3-1-port2', 'wattmetrev3-1-port3']"
576,2022-08-17 11:15:54.000000,gemini-1,wattmetre_power_watt,1253.277,"['wattmetrev3-1-port0', 'wattmetrev3-1-port1', 'wattmetrev3-1-port2', 'wattmetrev3-1-port3']"
577,2022-08-17 11:15:55.000000,gemini-1,wattmetre_power_watt,1259.381,"['wattmetrev3-1-port0', 'wattmetrev3-1-port1', 'wattmetrev3-1-port2', 'wattmetrev3-1-port3']"
578,2022-08-17 11:15:56.000000,gemini-1,wattmetre_power_watt,1258.893,"['wattmetrev3-1-port0', 'wattmetrev3-1-port1', 'wattmetrev3-1-port2', 'wattmetrev3-1-port3']"
579,2022-08-17 11:15:57.000000,gemini-1,wattmetre_power_watt,1255.125,"['wattmetrev3-1-port0', 'wattmetrev3-1-port1', 'wattmetrev3-1-port2', 'wattmetrev3-1-port3']"
580,2022-08-17 11:15:57.916047,gemini-1,bmc_node_power_watt,1080.0,
581,2022-08-17 11:15:58.000000,gemini-1,wattmetre_power_watt,1255.653,"['wattmetrev3-1-port0', 'wattmetrev3-1-port1', 'wattmetrev3-1-port2', 'wattmetrev3-1-port3']"
582,2022-08-17 11:15:59.000000,gemini-1,wattmetre_power_watt,1265.356,"['wattmetrev3-1-port0', 'wattmetrev3-1-port1', 'wattmetrev3-1-port2', 'wattmetrev3-1-port3']"
583,2022-08-17 11:16:00.000000,gemini-1,wattmetre_power_watt,1262.309,"['wattmetrev3-1-port0', 'wattmetrev3-1-port1', 'wattmetrev3-1-port2', 'wattmetrev3-1-port3']"
584,2022-08-17 11:16:01.000000,gemini-1,wattmetre_power_watt,1258.127,"['wattmetrev3-1-port0', 'wattmetrev3-1-port1', 'wattmetrev3-1-port2', 'wattmetrev3-1-port3']"
585,2022-08-17 11:16:02.000000,gemini-1,wattmetre_power_watt,1264.96060606061,"['wattmetrev3-1-port0', 'wattmetrev3-1-port1', 'wattmetrev3-1-port2', 'wattmetrev3-1-port3']"
586,2022-08-17 11:16:02.929592,gemini-1,bmc_node_power_watt,1152.0,
587,2022-08-17 11:16:03.000000,gemini-1,wattmetre_power_watt,1267.834,"['wattmetrev3-1-port0', 'wattmetrev3-1-port1', 'wattmetrev3-1-port2', 'wattmetrev3-1-port3']"
588,2022-08-17 11:16:04.000000,gemini-1,wattmetre_power_watt,1267.053,"['wattmetrev3-1-port0', 'wattmetrev3-1-port1', 'wattmetrev3-1-port2', 'wattmetrev3-1-port3']"
589,2022-08-17 11:16:05.000000,gemini-1,wattmetre_power_watt,1266.055,"['wattmetrev3-1-port0', 'wattmetrev3-1-port1', 'wattmetrev3-1-port2', 'wattmetrev3-1-port3']"
590,2022-08-17 11:16:06.000000,gemini-1,wattmetre_power_watt,1262.447,"['wattmetrev3-1-port0', 'wattmetrev3-1-port1', 'wattmetrev3-1-port2', 'wattmetrev3-1-port3']"
591,2022-08-17 11:16:07.000000,gemini-1,wattmetre_power_watt,1264.596,"['wattmetrev3-1-port0', 'wattmetrev3-1-port1', 'wattmetrev3-1-port2', 'wattmetrev3-1-port3']"
592,2022-08-17 11:16:07.926893,gemini-1,bmc_node_power_watt,1152.0,
593,2022-08-17 11:16:08.000000,gemini-1,wattmetre_power_watt,1265.242,"['wattmetrev3-1-port0', 'wattmetrev3-1-port1', 'wattmetrev3-1-port2', 'wattmetrev3-1-port3']"
594,2022-08-17 11:16:09.000000,gemini-1,wattmetre_power_watt,1242.987,"['wattmetrev3-1-port0', 'wattmetrev3-1-port1', 'wattmetrev3-1-port2', 'wattmetrev3-1-port3']"
595,2022-08-17 11:16:10.000000,gemini-1,wattmetre_power_watt,1264.967,"['wattmetrev3-1-port0', 'wattmetrev3-1-port1', 'wattmetrev3-1-port2', 'wattmetrev3-1-port3']"
596,2022-08-17 11:16:11.000000,gemini-1,wattmetre_power_watt,1262.007,"['wattmetrev3-1-port0', 'wattmetrev3-1-port1', 'wattmetrev3-1-port2', 'wattmetrev3-1-port3']"
597,2022-08-17 11:16:12.000000,gemini-1,wattmetre_power_watt,1264.083,"['wattmetrev3-1-port0', 'wattmetrev3-1-port1', 'wattmetrev3-1-port2', 'wattmetrev3-1-port3']"
598,2022-08-17 11:16:12.927350,gemini-1,bmc_node_power_watt,1116.0,
599,2022-08-17 11:16:13.000000,gemini-1,wattmetre_power_watt,1231.591,"['wattmetrev3-1-port0', 'wattmetrev3-1-port1', 'wattmetrev3-1-port2', 'wattmetrev3-1-port3']"
600,2022-08-17 11:16:14.000000,gemini-1,wattmetre_power_watt,1177.84,"['wattmetrev3-1-port0', 'wattmetrev3-1-port1', 'wattmetrev3-1-port2', 'wattmetrev3-1-port3']"
601,2022-08-17 11:16:15.000000,gemini-1,wattmetre_power_watt,1176.229,"['wattmetrev3-1-port0', 'wattmetrev3-1-port1', 'wattmetrev3-1-port2', 'wattmetrev3-1-port3']"
602,2022-08-17 11:16:16.000000,gemini-1,wattmetre_power_watt,1176.918,"['wattmetrev3-1-port0', 'wattmetrev3-1-port1', 'wattmetrev3-1-port2', 'wattmetrev3-1-port3']"
603,2022-08-17 11:16:17.000000,gemini-1,wattmetre_power_watt,1175.198,"['wattmetrev3-1-port0', 'wattmetrev3-1-port1', 'wattmetrev3-1-port2', 'wattmetrev3-1-port3']"
604,2022-08-17 11:16:17.928377,gemini-1,bmc_node_power_watt,1044.0,
605,2022-08-17 11:16:18.000000,gemini-1,wattmetre_power_watt,1175.935,"['wattmetrev3-1-port0', 'wattmetrev3-1-port1', 'wattmetrev3-1-port2', 'wattmetrev3-1-port3']"
606,2022-08-17 11:16:19.000000,gemini-1,wattmetre_power_watt,1175.156,"['wattmetrev3-1-port0', 'wattmetrev3-1-port1', 'wattmetrev3-1-port2', 'wattmetrev3-1-port3']"
607,2022-08-17 11:16:20.000000,gemini-1,wattmetre_power_watt,1175.001,"['wattmetrev3-1-port0', 'wattmetrev3-1-port1', 'wattmetrev3-1-port2', 'wattmetrev3-1-port3']"
608,2022-08-17 11:16:21.000000,gemini-1,wattmetre_power_watt,1176.926,"['wattmetrev3-1-port0', 'wattmetrev3-1-port1', 'wattmetrev3-1-port2', 'wattmetrev3-1-port3']"
609,2022-08-17 11:16:22.000000,gemini-1,wattmetre_power_watt,1176.904,"['wattmetrev3-1-port0', 'wattmetrev3-1-port1', 'wattmetrev3-1-port2', 'wattmetrev3-1-port3']"
610,2022-08-17 11:16:22.930395,gemini-1,bmc_node_power_watt,1044.0,
611,2022-08-17 11:16:23.000000,gemini-1,wattmetre_power_watt,1176.351,"['wattmetrev3-1-port0', 'wattmetrev3-1-port1', 'wattmetrev3-1-port2', 'wattmetrev3-1-port3']"
612,2022-08-17 11:16:24.000000,gemini-1,wattmetre_power_watt,1176.877,"['wattmetrev3-1-port0', 'wattmetrev3-1-port1', 'wattmetrev3-1-port2', 'wattmetrev3-1-port3']"
613,2022-08-17 11:16:25.000000,gemini-1,wattmetre_power_watt,1180.04,"['wattmetrev3-1-port0', 'wattmetrev3-1-port1', 'wattmetrev3-1-port2', 'wattmetrev3-1-port3']"
614,2022-08-17 11:16:26.000000,gemini-1,wattmetre_power_watt,1180.865,"['wattmetrev3-1-port0', 'wattmetrev3-1-port1', 'wattmetrev3-1-port2', 'wattmetrev3-1-port3']"
615,2022-08-17 11:16:27.000000,gemini-1,wattmetre_power_watt,1181.628,"['wattmetrev3-1-port0', 'wattmetrev3-1-port1', 'wattmetrev3-1-port2', 'wattmetrev3-1-port3']"
616,2022-08-17 11:16:27.933396,gemini-1,bmc_node_power_watt,1044.0,
617,2022-08-17 11:16:28.000000,gemini-1,wattmetre_power_watt,1181.93,"['wattmetrev3-1-port0', 'wattmetrev3-1-port1', 'wattmetrev3-1-port2', 'wattmetrev3-1-port3']"
618,2022-08-17 11:16:29.000000,gemini-1,wattmetre_power_watt,1180.262,"['wattmetrev3-1-port0', 'wattmetrev3-1-port1', 'wattmetrev3-1-port2', 'wattmetrev3-1-port3']"
619,2022-08-17 11:16:30.000000,gemini-1,wattmetre_power_watt,1180.751,"['wattmetrev3-1-port0', 'wattmetrev3-1-port1', 'wattmetrev3-1-port2', 'wattmetrev3-1-port3']"
620,2022-08-17 11:16:31.000000,gemini-1,wattmetre_power_watt,1180.267,"['wattmetrev3-1-port0', 'wattmetrev3-1-port1', 'wattmetrev3-1-port2', 'wattmetrev3-1-port3']"
621,2022-08-17 11:16:32.000000,gemini-1,wattmetre_power_watt,1179.368,"['wattmetrev3-1-port0', 'wattmetrev3-1-port1', 'wattmetrev3-1-port2', 'wattmetrev3-1-port3']"
622,2022-08-17 11:16:32.933767,gemini-1,bmc_node_power_watt,1044.0,
623,2022-08-17 11:16:33.000000,gemini-1,wattmetre_power_watt,1176.471,"['wattmetrev3-1-port0', 'wattmetrev3-1-port1', 'wattmetrev3-1-port2', 'wattmetrev3-1-port3']"
624,2022-08-17 11:16:34.000000,gemini-1,wattmetre_power_watt,1177.002,"['wattmetrev3-1-port0', 'wattmetrev3-1-port1', 'wattmetrev3-1-port2', 'wattmetrev3-1-port3']"
625,2022-08-17 11:16:35.000000,gemini-1,wattmetre_power_watt,1174.93131313131,"['wattmetrev3-1-port0', 'wattmetrev3-1-port1', 'wattmetrev3-1-port2', 'wattmetrev3-1-port3']"
626,2022-08-17 11:16:36.000000,gemini-1,wattmetre_power_watt,1174.918,"['wattmetrev3-1-port0', 'wattmetrev3-1-port1', 'wattmetrev3-1-port2', 'wattmetrev3-1-port3']"
627,2022-08-17 11:16:37.000000,gemini-1,wattmetre_power_watt,1175.902,"['wattmetrev3-1-port0', 'wattmetrev3-1-port1', 'wattmetrev3-1-port2', 'wattmetrev3-1-port3']"
628,2022-08-17 11:16:37.937740,gemini-1,bmc_node_power_watt,1044.0,
629,2022-08-17 11:16:38.000000,gemini-1,wattmetre_power_watt,1175.342,"['wattmetrev3-1-port0', 'wattmetrev3-1-port1', 'wattmetrev3-1-port2', 'wattmetrev3-1-port3']"
630,2022-08-17 11:16:39.000000,gemini-1,wattmetre_power_watt,1175.48,"['wattmetrev3-1-port0', 'wattmetrev3-1-port1', 'wattmetrev3-1-port2', 'wattmetrev3-1-port3']"
631,2022-08-17 11:16:40.000000,gemini-1,wattmetre_power_watt,1176.074,"['wattmetrev3-1-port0', 'wattmetrev3-1-port1', 'wattmetrev3-1-port2', 'wattmetrev3-1-port3']"
632,2022-08-17 11:16:41.000000,gemini-1,wattmetre_power_watt,1174.867,"['wattmetrev3-1-port0', 'wattmetrev3-1-port1', 'wattmetrev3-1-port2', 'wattmetrev3-1-port3']"
633,2022-08-17 11:16:42.000000,gemini-1,wattmetre_power_watt,1174.923,"['wattmetrev3-1-port0', 'wattmetrev3-1-port1', 'wattmetrev3-1-port2', 'wattmetrev3-1-port3']"
634,2022-08-17 11:16:42.938011,gemini-1,bmc_node_power_watt,1044.0,
635,2022-08-17 11:16:43.000000,gemini-1,wattmetre_power_watt,1175.186,"['wattmetrev3-1-port0', 'wattmetrev3-1-port1', 'wattmetrev3-1-port2', 'wattmetrev3-1-port3']"
636,2022-08-17 11:16:44.000000,gemini-1,wattmetre_power_watt,1174.761,"['wattmetrev3-1-port0', 'wattmetrev3-1-port1', 'wattmetrev3-1-port2', 'wattmetrev3-1-port3']"
637,2022-08-17 11:16:45.000000,gemini-1,wattmetre_power_watt,1175.698,"['wattmetrev3-1-port0', 'wattmetrev3-1-port1', 'wattmetrev3-1-port2', 'wattmetrev3-1-port3']"
638,2022-08-17 11:16:46.000000,gemini-1,wattmetre_power_watt,1176.206,"['wattmetrev3-1-port0', 'wattmetrev3-1-port1', 'wattmetrev3-1-port2', 'wattmetrev3-1-port3']"
639,2022-08-17 11:16:47.000000,gemini-1,wattmetre_power_watt,1174.793,"['wattmetrev3-1-port0', 'wattmetrev3-1-port1', 'wattmetrev3-1-port2', 'wattmetrev3-1-port3']"
640,2022-08-17 11:16:47.938483,gemini-1,bmc_node_power_watt,1044.0,
641,2022-08-17 11:16:48.000000,gemini-1,wattmetre_power_watt,1174.85,"['wattmetrev3-1-port0', 'wattmetrev3-1-port1', 'wattmetrev3-1-port2', 'wattmetrev3-1-port3']"
642,2022-08-17 11:16:49.000000,gemini-1,wattmetre_power_watt,1174.711,"['wattmetrev3-1-port0', 'wattmetrev3-1-port1', 'wattmetrev3-1-port2', 'wattmetrev3-1-port3']"
643,2022-08-17 11:16:50.000000,gemini-1,wattmetre_power_watt,1174.592,"['wattmetrev3-1-port0', 'wattmetrev3-1-port1', 'wattmetrev3-1-port2', 'wattmetrev3-1-port3']"
644,2022-08-17 11:16:51.000000,gemini-1,wattmetre_power_watt,1175.356,"['wattmetrev3-1-port0', 'wattmetrev3-1-port1', 'wattmetrev3-1-port2', 'wattmetrev3-1-port3']"
645,2022-08-17 11:16:52.000000,gemini-1,wattmetre_power_watt,1176.052,"['wattmetrev3-1-port0', 'wattmetrev3-1-port1', 'wattmetrev3-1-port2', 'wattmetrev3-1-port3']"
646,2022-08-17 11:16:52.938694,gemini-1,bmc_node_power_watt,1044.0,
647,2022-08-17 11:16:53.000000,gemini-1,wattmetre_power_watt,1174.788,"['wattmetrev3-1-port0', 'wattmetrev3-1-port1', 'wattmetrev3-1-port2', 'wattmetrev3-1-port3']"
648,2022-08-17 11:16:54.000000,gemini-1,wattmetre_power_watt,1174.121,"['wattmetrev3-1-port0', 'wattmetrev3-1-port1', 'wattmetrev3-1-port2', 'wattmetrev3-1-port3']"
649,2022-08-17 11:16:55.000000,gemini-1,wattmetre_power_watt,1174.596,"['wattmetrev3-1-port0', 'wattmetrev3-1-port1', 'wattmetrev3-1-port2', 'wattmetrev3-1-port3']"
650,2022-08-17 11:16:56.000000,gemini-1,wattmetre_power_watt,1174.715,"['wattmetrev3-1-port0', 'wattmetrev3-1-port1', 'wattmetrev3-1-port2', 'wattmetrev3-1-port3']"
651,2022-08-17 11:16:57.000000,gemini-1,wattmetre_power_watt,1175.239,"['wattmetrev3-1-port0', 'wattmetrev3-1-port1', 'wattmetrev3-1-port2', 'wattmetrev3-1-port3']"
652,2022-08-17 11:16:57.939012,gemini-1,bmc_node_power_watt,1044.0,
653,2022-08-17 11:16:58.000000,gemini-1,wattmetre_power_watt,1175.969,"['wattmetrev3-1-port0', 'wattmetrev3-1-port1', 'wattmetrev3-1-port2', 'wattmetrev3-1-port3']"
654,2022-08-17 11:16:59.000000,gemini-1,wattmetre_power_watt,1174.459,"['wattmetrev3-1-port0', 'wattmetrev3-1-port1', 'wattmetrev3-1-port2', 'wattmetrev3-1-port3']"
655,2022-08-17 11:17:00.000000,gemini-1,wattmetre_power_watt,1174.346,"['wattmetrev3-1-port0', 'wattmetrev3-1-port1', 'wattmetrev3-1-port2', 'wattmetrev3-1-port3']"
656,2022-08-17 11:17:01.000000,gemini-1,wattmetre_power_watt,1174.901,"['wattmetrev3-1-port0', 'wattmetrev3-1-port1', 'wattmetrev3-1-port2', 'wattmetrev3-1-port3']"
657,2022-08-17 11:17:02.000000,gemini-1,wattmetre_power_watt,1174.167,"['wattmetrev3-1-port0', 'wattmetrev3-1-port1', 'wattmetrev3-1-port2', 'wattmetrev3-1-port3']"
658,2022-08-17 11:17:02.939970,gemini-1,bmc_node_power_watt,1044.0,
659,2022-08-17 11:17:03.000000,gemini-1,wattmetre_power_watt,1174.773,"['wattmetrev3-1-port0', 'wattmetrev3-1-port1', 'wattmetrev3-1-port2', 'wattmetrev3-1-port3']"
660,2022-08-17 11:17:04.000000,gemini-1,wattmetre_power_watt,1176.138,"['wattmetrev3-1-port0', 'wattmetrev3-1-port1', 'wattmetrev3-1-port2', 'wattmetrev3-1-port3']"
661,2022-08-17 11:17:05.000000,gemini-1,wattmetre_power_watt,1174.535,"['wattmetrev3-1-port0', 'wattmetrev3-1-port1', 'wattmetrev3-1-port2', 'wattmetrev3-1-port3']"
662,2022-08-17 11:17:06.000000,gemini-1,wattmetre_power_watt,1174.422,"['wattmetrev3-1-port0', 'wattmetrev3-1-port1', 'wattmetrev3-1-port2', 'wattmetrev3-1-port3']"
663,2022-08-17 11:17:07.000000,gemini-1,wattmetre_power_watt,1174.338,"['wattmetrev3-1-port0', 'wattmetrev3-1-port1', 'wattmetrev3-1-port2', 'wattmetrev3-1-port3']"
664,2022-08-17 11:17:07.945128,gemini-1,bmc_node_power_watt,1044.0,
665,2022-08-17 11:17:08.000000,gemini-1,wattmetre_power_watt,1174.341,"['wattmetrev3-1-port0', 'wattmetrev3-1-port1', 'wattmetrev3-1-port2', 'wattmetrev3-1-port3']"
666,2022-08-17 11:17:09.000000,gemini-1,wattmetre_power_watt,1174.926,"['wattmetrev3-1-port0', 'wattmetrev3-1-port1', 'wattmetrev3-1-port2', 'wattmetrev3-1-port3']"
667,2022-08-17 11:17:10.000000,gemini-1,wattmetre_power_watt,1175.711,"['wattmetrev3-1-port0', 'wattmetrev3-1-port1', 'wattmetrev3-1-port2', 'wattmetrev3-1-port3']"
668,2022-08-17 11:17:11.000000,gemini-1,wattmetre_power_watt,1174.674,"['wattmetrev3-1-port0', 'wattmetrev3-1-port1', 'wattmetrev3-1-port2', 'wattmetrev3-1-port3']"
669,2022-08-17 11:17:12.000000,gemini-1,wattmetre_power_watt,1173.327,"['wattmetrev3-1-port0', 'wattmetrev3-1-port1', 'wattmetrev3-1-port2', 'wattmetrev3-1-port3']"
670,2022-08-17 11:17:12.945804,gemini-1,bmc_node_power_watt,1044.0,
671,2022-08-17 11:17:13.000000,gemini-1,wattmetre_power_watt,1174.466,"['wattmetrev3-1-port0', 'wattmetrev3-1-port1', 'wattmetrev3-1-port2', 'wattmetrev3-1-port3']"
672,2022-08-17 11:17:14.000000,gemini-1,wattmetre_power_watt,1174.877,"['wattmetrev3-1-port0', 'wattmetrev3-1-port1', 'wattmetrev3-1-port2', 'wattmetrev3-1-port3']"
