,timestamp,target,power,scope,socket,formula,ratio,predict
0,2023-02-01 11:28:51.177,rapl,70.4967041015625,cpu,0,RAPL_ENERGY_PKG,1.0,0.0
1,2023-02-01 11:28:51.177,rapl,69.52923583984375,cpu,1,RAPL_ENERGY_PKG,1.0,0.0
2,2023-02-01 11:28:51.177,rapl,12.737350463867188,dram,0,RAPL_ENERGY_DRAM,1.0,0.0
3,2023-02-01 11:28:51.177,rapl,13.022613525390625,dram,1,RAPL_ENERGY_DRAM,1.0,0.0
4,2023-02-01 11:28:52.177,rapl,70.53179931640625,cpu,0,RAPL_ENERGY_PKG,1.0,0.0
5,2023-02-01 11:28:52.177,rapl,69.55523681640625,cpu,1,RAPL_ENERGY_PKG,1.0,0.0
6,2023-02-01 11:28:52.177,rapl,12.676956176757812,dram,0,RAPL_ENERGY_DRAM,1.0,0.0
7,2023-02-01 11:28:52.177,rapl,13.097320556640625,dram,1,RAPL_ENERGY_DRAM,1.0,0.0
8,2023-02-01 11:28:53.177,rapl,70.392822265625,cpu,0,RAPL_ENERGY_PKG,1.0,0.0
9,2023-02-01 11:28:53.177,rapl,69.5528564453125,cpu,1,RAPL_ENERGY_PKG,1.0,0.0
10,2023-02-01 11:28:53.177,rapl,12.678955078125,dram,0,RAPL_ENERGY_DRAM,1.0,0.0
11,2023-02-01 11:28:53.177,rapl,12.95599365234375,dram,1,RAPL_ENERGY_DRAM,1.0,0.0
12,2023-02-01 11:28:54.177,rapl,70.4979248046875,cpu,0,RAPL_ENERGY_PKG,1.0,0.0
13,2023-02-01 11:28:54.177,rapl,69.58306884765625,cpu,1,RAPL_ENERGY_PKG,1.0,0.0
14,2023-02-01 11:28:54.177,rapl,12.640899658203125,dram,0,RAPL_ENERGY_DRAM,1.0,0.0
15,2023-02-01 11:28:54.177,rapl,13.029052734375,dram,1,RAPL_ENERGY_DRAM,1.0,0.0
16,2023-02-01 11:28:55.177,rapl,70.430419921875,cpu,0,RAPL_ENERGY_PKG,1.0,0.0
17,2023-02-01 11:28:55.177,rapl,69.663818359375,cpu,1,RAPL_ENERGY_PKG,1.0,0.0
18,2023-02-01 11:28:55.177,rapl,12.66888427734375,dram,0,RAPL_ENERGY_DRAM,1.0,0.0
19,2023-02-01 11:28:55.177,rapl,13.03656005859375,dram,1,RAPL_ENERGY_DRAM,1.0,0.0
20,2023-02-01 11:28:56.178,rapl,70.56488037109375,cpu,0,RAPL_ENERGY_PKG,1.0,0.0
21,2023-02-01 11:28:56.178,rapl,69.43914794921875,cpu,1,RAPL_ENERGY_PKG,1.0,0.0
22,2023-02-01 11:28:56.178,rapl,12.697586059570312,dram,0,RAPL_ENERGY_DRAM,1.0,0.0
23,2023-02-01 11:28:56.178,rapl,12.986541748046875,dram,1,RAPL_ENERGY_DRAM,1.0,0.0
24,2023-02-01 11:28:57.178,rapl,70.46282958984375,cpu,0,RAPL_ENERGY_PKG,1.0,0.0
25,2023-02-01 11:28:57.178,rapl,69.58941650390625,cpu,1,RAPL_ENERGY_PKG,1.0,0.0
26,2023-02-01 11:28:57.178,rapl,12.689987182617188,dram,0,RAPL_ENERGY_DRAM,1.0,0.0
27,2023-02-01 11:28:57.178,rapl,13.059463500976562,dram,1,RAPL_ENERGY_DRAM,1.0,0.0
28,2023-02-01 11:28:58.178,rapl,70.62451171875,cpu,0,RAPL_ENERGY_PKG,1.0,0.0
29,2023-02-01 11:28:58.178,rapl,69.43951416015625,cpu,1,RAPL_ENERGY_PKG,1.0,0.0
30,2023-02-01 11:28:58.178,rapl,12.700485229492188,dram,0,RAPL_ENERGY_DRAM,1.0,0.0
31,2023-02-01 11:28:58.178,rapl,13.027481079101562,dram,1,RAPL_ENERGY_DRAM,1.0,0.0
32,2023-02-01 11:28:59.178,rapl,70.61181640625,cpu,0,RAPL_ENERGY_PKG,1.0,0.0
33,2023-02-01 11:28:59.178,rapl,69.5496826171875,cpu,1,RAPL_ENERGY_PKG,1.0,0.0
34,2023-02-01 11:28:59.178,rapl,12.610427856445312,dram,0,RAPL_ENERGY_DRAM,1.0,0.0
35,2023-02-01 11:28:59.178,rapl,13.066177368164062,dram,1,RAPL_ENERGY_DRAM,1.0,0.0
36,2023-02-01 11:29:00.178,rapl,70.4951171875,cpu,0,RAPL_ENERGY_PKG,1.0,0.0
37,2023-02-01 11:29:00.178,global,0.0,cpu,0,247a763202a08dc5a5a5463576bbb4b19ecdeca1,1.0,0.0
38,2023-02-01 11:29:00.178,/benchmark3,0.0,cpu,0,247a763202a08dc5a5a5463576bbb4b19ecdeca1,0.0,0.0
39,2023-02-01 11:29:00.178,/benchmark2,0.0,cpu,0,247a763202a08dc5a5a5463576bbb4b19ecdeca1,0.0,0.0
40,2023-02-01 11:29:00.178,/benchmark1,0.0,cpu,0,247a763202a08dc5a5a5463576bbb4b19ecdeca1,0.0,0.0
41,2023-02-01 11:29:00.178,/benchmark4,0.0,cpu,0,247a763202a08dc5a5a5463576bbb4b19ecdeca1,0.0,0.0
42,2023-02-01 11:29:00.178,rapl,69.50396728515625,cpu,1,RAPL_ENERGY_PKG,1.0,0.0
43,2023-02-01 11:29:00.178,global,0.0,cpu,1,247a763202a08dc5a5a5463576bbb4b19ecdeca1,1.0,0.0
44,2023-02-01 11:29:00.178,/benchmark3,0.0,cpu,1,247a763202a08dc5a5a5463576bbb4b19ecdeca1,0.0,0.0
45,2023-02-01 11:29:00.178,/benchmark2,0.0,cpu,1,247a763202a08dc5a5a5463576bbb4b19ecdeca1,0.0,0.0
46,2023-02-01 11:29:00.178,/benchmark1,0.0,cpu,1,247a763202a08dc5a5a5463576bbb4b19ecdeca1,0.0,0.0
47,2023-02-01 11:29:00.178,/benchmark4,0.0,cpu,1,247a763202a08dc5a5a5463576bbb4b19ecdeca1,0.0,0.0
48,2023-02-01 11:29:00.178,rapl,12.662872314453125,dram,0,RAPL_ENERGY_DRAM,1.0,0.0
49,2023-02-01 11:29:00.178,global,0.0,dram,0,247a763202a08dc5a5a5463576bbb4b19ecdeca1,1.0,0.0
50,2023-02-01 11:29:00.178,/benchmark3,0.0,dram,0,247a763202a08dc5a5a5463576bbb4b19ecdeca1,0.0,0.0
51,2023-02-01 11:29:00.178,/benchmark2,0.0,dram,0,247a763202a08dc5a5a5463576bbb4b19ecdeca1,0.0,0.0
52,2023-02-01 11:29:00.178,/benchmark1,0.0,dram,0,247a763202a08dc5a5a5463576bbb4b19ecdeca1,0.0,0.0
53,2023-02-01 11:29:00.178,/benchmark4,0.0,dram,0,247a763202a08dc5a5a5463576bbb4b19ecdeca1,0.0,0.0
54,2023-02-01 11:29:00.178,rapl,13.097808837890625,dram,1,RAPL_ENERGY_DRAM,1.0,0.0
55,2023-02-01 11:29:00.178,global,0.0,dram,1,247a763202a08dc5a5a5463576bbb4b19ecdeca1,1.0,0.0
56,2023-02-01 11:29:00.178,/benchmark3,0.0,dram,1,247a763202a08dc5a5a5463576bbb4b19ecdeca1,0.0,0.0
57,2023-02-01 11:29:00.178,/benchmark2,0.0,dram,1,247a763202a08dc5a5a5463576bbb4b19ecdeca1,0.0,0.0
58,2023-02-01 11:29:00.178,/benchmark1,0.0,dram,1,247a763202a08dc5a5a5463576bbb4b19ecdeca1,0.0,0.0
59,2023-02-01 11:29:00.178,/benchmark4,0.0,dram,1,247a763202a08dc5a5a5463576bbb4b19ecdeca1,0.0,0.0
60,2023-02-01 11:29:01.179,rapl,70.46551513671875,cpu,0,RAPL_ENERGY_PKG,1.0,0.0
61,2023-02-01 11:29:01.179,global,0.0,cpu,0,247a763202a08dc5a5a5463576bbb4b19ecdeca1,1.0,0.0
62,2023-02-01 11:29:01.179,/benchmark2,0.0,cpu,0,247a763202a08dc5a5a5463576bbb4b19ecdeca1,0.0,0.0
63,2023-02-01 11:29:01.179,/benchmark3,0.0,cpu,0,247a763202a08dc5a5a5463576bbb4b19ecdeca1,0.0,0.0
64,2023-02-01 11:29:01.179,/benchmark1,0.0,cpu,0,247a763202a08dc5a5a5463576bbb4b19ecdeca1,0.0,0.0
65,2023-02-01 11:29:01.179,/benchmark4,0.0,cpu,0,247a763202a08dc5a5a5463576bbb4b19ecdeca1,0.0,0.0
66,2023-02-01 11:29:01.179,rapl,69.607421875,cpu,1,RAPL_ENERGY_PKG,1.0,0.0
67,2023-02-01 11:29:01.179,global,0.0,cpu,1,247a763202a08dc5a5a5463576bbb4b19ecdeca1,1.0,0.0
68,2023-02-01 11:29:01.179,/benchmark2,0.0,cpu,1,247a763202a08dc5a5a5463576bbb4b19ecdeca1,0.0,0.0
69,2023-02-01 11:29:01.179,/benchmark3,0.0,cpu,1,247a763202a08dc5a5a5463576bbb4b19ecdeca1,0.0,0.0
70,2023-02-01 11:29:01.179,/benchmark1,0.0,cpu,1,247a763202a08dc5a5a5463576bbb4b19ecdeca1,0.0,0.0
71,2023-02-01 11:29:01.179,/benchmark4,0.0,cpu,1,247a763202a08dc5a5a5463576bbb4b19ecdeca1,0.0,0.0
72,2023-02-01 11:29:01.179,rapl,12.709365844726562,dram,0,RAPL_ENERGY_DRAM,1.0,0.0
73,2023-02-01 11:29:01.179,global,0.0,dram,0,247a763202a08dc5a5a5463576bbb4b19ecdeca1,1.0,0.0
74,2023-02-01 11:29:01.179,/benchmark2,0.0,dram,0,247a763202a08dc5a5a5463576bbb4b19ecdeca1,0.0,0.0
75,2023-02-01 11:29:01.179,/benchmark3,0.0,dram,0,247a763202a08dc5a5a5463576bbb4b19ecdeca1,0.0,0.0
76,2023-02-01 11:29:01.179,/benchmark1,0.0,dram,0,247a763202a08dc5a5a5463576bbb4b19ecdeca1,0.0,0.0
77,2023-02-01 11:29:01.179,/benchmark4,0.0,dram,0,247a763202a08dc5a5a5463576bbb4b19ecdeca1,0.0,0.0
78,2023-02-01 11:29:01.179,rapl,13.067489624023438,dram,1,RAPL_ENERGY_DRAM,1.0,0.0
79,2023-02-01 11:29:01.179,global,0.0,dram,1,247a763202a08dc5a5a5463576bbb4b19ecdeca1,1.0,0.0
80,2023-02-01 11:29:01.179,/benchmark2,0.0,dram,1,247a763202a08dc5a5a5463576bbb4b19ecdeca1,0.0,0.0
81,2023-02-01 11:29:01.179,/benchmark3,0.0,dram,1,247a763202a08dc5a5a5463576bbb4b19ecdeca1,0.0,0.0
82,2023-02-01 11:29:01.179,/benchmark1,0.0,dram,1,247a763202a08dc5a5a5463576bbb4b19ecdeca1,0.0,0.0
83,2023-02-01 11:29:01.179,/benchmark4,0.0,dram,1,247a763202a08dc5a5a5463576bbb4b19ecdeca1,0.0,0.0
84,2023-02-01 11:29:02.179,rapl,70.73504638671875,cpu,0,RAPL_ENERGY_PKG,1.0,0.0
85,2023-02-01 11:29:02.179,global,0.0,cpu,0,247a763202a08dc5a5a5463576bbb4b19ecdeca1,1.0,0.0
86,2023-02-01 11:29:02.179,/benchmark3,0.0,cpu,0,247a763202a08dc5a5a5463576bbb4b19ecdeca1,0.0,0.0
87,2023-02-01 11:29:02.179,/benchmark2,0.0,cpu,0,247a763202a08dc5a5a5463576bbb4b19ecdeca1,0.0,0.0
88,2023-02-01 11:29:02.179,/benchmark1,0.0,cpu,0,247a763202a08dc5a5a5463576bbb4b19ecdeca1,0.0,0.0
89,2023-02-01 11:29:02.179,/benchmark4,0.0,cpu,0,247a763202a08dc5a5a5463576bbb4b19ecdeca1,0.0,0.0
90,2023-02-01 11:29:02.179,rapl,69.48211669921875,cpu,1,RAPL_ENERGY_PKG,1.0,0.0
91,2023-02-01 11:29:02.179,global,0.0,cpu,1,247a763202a08dc5a5a5463576bbb4b19ecdeca1,1.0,0.0
92,2023-02-01 11:29:02.179,/benchmark3,0.0,cpu,1,247a763202a08dc5a5a5463576bbb4b19ecdeca1,0.0,0.0
93,2023-02-01 11:29:02.179,/benchmark2,0.0,cpu,1,247a763202a08dc5a5a5463576bbb4b19ecdeca1,0.0,0.0
94,2023-02-01 11:29:02.179,/benchmark1,0.0,cpu,1,247a763202a08dc5a5a5463576bbb4b19ecdeca1,0.0,0.0
95,2023-02-01 11:29:02.179,/benchmark4,0.0,cpu,1,247a763202a08dc5a5a5463576bbb4b19ecdeca1,0.0,0.0
96,2023-02-01 11:29:02.179,rapl,12.704452514648438,dram,0,RAPL_ENERGY_DRAM,1.0,0.0
97,2023-02-01 11:29:02.179,global,0.0,dram,0,247a763202a08dc5a5a5463576bbb4b19ecdeca1,1.0,0.0
98,2023-02-01 11:29:02.179,/benchmark3,0.0,dram,0,247a763202a08dc5a5a5463576bbb4b19ecdeca1,0.0,0.0
99,2023-02-01 11:29:02.179,/benchmark2,0.0,dram,0,247a763202a08dc5a5a5463576bbb4b19ecdeca1,0.0,0.0
100,2023-02-01 11:29:02.179,/benchmark1,0.0,dram,0,247a763202a08dc5a5a5463576bbb4b19ecdeca1,0.0,0.0
101,2023-02-01 11:29:02.179,/benchmark4,0.0,dram,0,247a763202a08dc5a5a5463576bbb4b19ecdeca1,0.0,0.0
102,2023-02-01 11:29:02.179,rapl,13.0750732421875,dram,1,RAPL_ENERGY_DRAM,1.0,0.0
103,2023-02-01 11:29:02.179,global,0.0,dram,1,247a763202a08dc5a5a5463576bbb4b19ecdeca1,1.0,0.0
104,2023-02-01 11:29:02.179,/benchmark3,0.0,dram,1,247a763202a08dc5a5a5463576bbb4b19ecdeca1,0.0,0.0
105,2023-02-01 11:29:02.179,/benchmark2,0.0,dram,1,247a763202a08dc5a5a5463576bbb4b19ecdeca1,0.0,0.0
106,2023-02-01 11:29:02.179,/benchmark1,0.0,dram,1,247a763202a08dc5a5a5463576bbb4b19ecdeca1,0.0,0.0
107,2023-02-01 11:29:02.179,/benchmark4,0.0,dram,1,247a763202a08dc5a5a5463576bbb4b19ecdeca1,0.0,0.0
108,2023-02-01 11:29:03.179,rapl,70.63848876953125,cpu,0,RAPL_ENERGY_PKG,1.0,0.0
109,2023-02-01 11:29:03.179,global,0.0,cpu,0,247a763202a08dc5a5a5463576bbb4b19ecdeca1,1.0,0.0
110,2023-02-01 11:29:03.179,/benchmark2,0.0,cpu,0,247a763202a08dc5a5a5463576bbb4b19ecdeca1,0.0,0.0
111,2023-02-01 11:29:03.179,/benchmark3,0.0,cpu,0,247a763202a08dc5a5a5463576bbb4b19ecdeca1,0.0,0.0
112,2023-02-01 11:29:03.179,/benchmark1,0.0,cpu,0,247a763202a08dc5a5a5463576bbb4b19ecdeca1,0.0,0.0
113,2023-02-01 11:29:03.179,/benchmark4,0.0,cpu,0,247a763202a08dc5a5a5463576bbb4b19ecdeca1,0.0,0.0
114,2023-02-01 11:29:03.179,rapl,69.611083984375,cpu,1,RAPL_ENERGY_PKG,1.0,0.0
115,2023-02-01 11:29:03.179,global,0.0,cpu,1,247a763202a08dc5a5a5463576bbb4b19ecdeca1,1.0,0.0
116,2023-02-01 11:29:03.179,/benchmark2,0.0,cpu,1,247a763202a08dc5a5a5463576bbb4b19ecdeca1,0.0,0.0
117,2023-02-01 11:29:03.179,/benchmark3,0.0,cpu,1,247a763202a08dc5a5a5463576bbb4b19ecdeca1,0.0,0.0
118,2023-02-01 11:29:03.179,/benchmark1,0.0,cpu,1,247a763202a08dc5a5a5463576bbb4b19ecdeca1,0.0,0.0
119,2023-02-01 11:29:03.179,/benchmark4,0.0,cpu,1,247a763202a08dc5a5a5463576bbb4b19ecdeca1,0.0,0.0
120,2023-02-01 11:29:03.179,rapl,12.706817626953125,dram,0,RAPL_ENERGY_DRAM,1.0,0.0
121,2023-02-01 11:29:03.179,global,0.0,dram,0,247a763202a08dc5a5a5463576bbb4b19ecdeca1,1.0,0.0
122,2023-02-01 11:29:03.179,/benchmark2,0.0,dram,0,247a763202a08dc5a5a5463576bbb4b19ecdeca1,0.0,0.0
123,2023-02-01 11:29:03.179,/benchmark3,0.0,dram,0,247a763202a08dc5a5a5463576bbb4b19ecdeca1,0.0,0.0
124,2023-02-01 11:29:03.179,/benchmark1,0.0,dram,0,247a763202a08dc5a5a5463576bbb4b19ecdeca1,0.0,0.0
125,2023-02-01 11:29:03.179,/benchmark4,0.0,dram,0,247a763202a08dc5a5a5463576bbb4b19ecdeca1,0.0,0.0
126,2023-02-01 11:29:03.179,rapl,13.034210205078125,dram,1,RAPL_ENERGY_DRAM,1.0,0.0
127,2023-02-01 11:29:03.179,global,0.0,dram,1,247a763202a08dc5a5a5463576bbb4b19ecdeca1,1.0,0.0
128,2023-02-01 11:29:03.179,/benchmark2,0.0,dram,1,247a763202a08dc5a5a5463576bbb4b19ecdeca1,0.0,0.0
129,2023-02-01 11:29:03.179,/benchmark3,0.0,dram,1,247a763202a08dc5a5a5463576bbb4b19ecdeca1,0.0,0.0
130,2023-02-01 11:29:03.179,/benchmark1,0.0,dram,1,247a763202a08dc5a5a5463576bbb4b19ecdeca1,0.0,0.0
131,2023-02-01 11:29:03.179,/benchmark4,0.0,dram,1,247a763202a08dc5a5a5463576bbb4b19ecdeca1,0.0,0.0
132,2023-02-01 11:29:04.179,rapl,70.56427001953125,cpu,0,RAPL_ENERGY_PKG,1.0,0.0
133,2023-02-01 11:29:04.179,global,0.0,cpu,0,247a763202a08dc5a5a5463576bbb4b19ecdeca1,1.0,0.0
134,2023-02-01 11:29:04.179,/benchmark3,0.0,cpu,0,247a763202a08dc5a5a5463576bbb4b19ecdeca1,0.0,0.0
135,2023-02-01 11:29:04.179,/benchmark2,0.0,cpu,0,247a763202a08dc5a5a5463576bbb4b19ecdeca1,0.0,0.0
136,2023-02-01 11:29:04.179,/benchmark1,0.0,cpu,0,247a763202a08dc5a5a5463576bbb4b19ecdeca1,0.0,0.0
137,2023-02-01 11:29:04.179,/benchmark4,0.0,cpu,0,247a763202a08dc5a5a5463576bbb4b19ecdeca1,0.0,0.0
138,2023-02-01 11:29:04.179,rapl,69.5330810546875,cpu,1,RAPL_ENERGY_PKG,1.0,0.0
139,2023-02-01 11:29:04.179,global,0.0,cpu,1,247a763202a08dc5a5a5463576bbb4b19ecdeca1,1.0,0.0
140,2023-02-01 11:29:04.179,/benchmark3,0.0,cpu,1,247a763202a08dc5a5a5463576bbb4b19ecdeca1,0.0,0.0
141,2023-02-01 11:29:04.179,/benchmark2,0.0,cpu,1,247a763202a08dc5a5a5463576bbb4b19ecdeca1,0.0,0.0
142,2023-02-01 11:29:04.179,/benchmark1,0.0,cpu,1,247a763202a08dc5a5a5463576bbb4b19ecdeca1,0.0,0.0
143,2023-02-01 11:29:04.179,/benchmark4,0.0,cpu,1,247a763202a08dc5a5a5463576bbb4b19ecdeca1,0.0,0.0
144,2023-02-01 11:29:04.179,rapl,12.740966796875,dram,0,RAPL_ENERGY_DRAM,1.0,0.0
145,2023-02-01 11:29:04.179,global,0.0,dram,0,247a763202a08dc5a5a5463576bbb4b19ecdeca1,1.0,0.0
146,2023-02-01 11:29:04.179,/benchmark3,0.0,dram,0,247a763202a08dc5a5a5463576bbb4b19ecdeca1,0.0,0.0
147,2023-02-01 11:29:04.179,/benchmark2,0.0,dram,0,247a763202a08dc5a5a5463576bbb4b19ecdeca1,0.0,0.0
148,2023-02-01 11:29:04.179,/benchmark1,0.0,dram,0,247a763202a08dc5a5a5463576bbb4b19ecdeca1,0.0,0.0
149,2023-02-01 11:29:04.179,/benchmark4,0.0,dram,0,247a763202a08dc5a5a5463576bbb4b19ecdeca1,0.0,0.0
150,2023-02-01 11:29:04.179,rapl,13.02264404296875,dram,1,RAPL_ENERGY_DRAM,1.0,0.0
151,2023-02-01 11:29:04.179,global,0.0,dram,1,247a763202a08dc5a5a5463576bbb4b19ecdeca1,1.0,0.0
152,2023-02-01 11:29:04.179,/benchmark3,0.0,dram,1,247a763202a08dc5a5a5463576bbb4b19ecdeca1,0.0,0.0
153,2023-02-01 11:29:04.179,/benchmark2,0.0,dram,1,247a763202a08dc5a5a5463576bbb4b19ecdeca1,0.0,0.0
154,2023-02-01 11:29:04.179,/benchmark1,0.0,dram,1,247a763202a08dc5a5a5463576bbb4b19ecdeca1,0.0,0.0
155,2023-02-01 11:29:04.179,/benchmark4,0.0,dram,1,247a763202a08dc5a5a5463576bbb4b19ecdeca1,0.0,0.0
156,2023-02-01 11:29:05.179,rapl,70.67138671875,cpu,0,RAPL_ENERGY_PKG,1.0,0.0
157,2023-02-01 11:29:05.179,global,0.0,cpu,0,247a763202a08dc5a5a5463576bbb4b19ecdeca1,1.0,0.0
158,2023-02-01 11:29:05.179,/benchmark2,0.0,cpu,0,247a763202a08dc5a5a5463576bbb4b19ecdeca1,0.0,0.0
159,2023-02-01 11:29:05.179,/benchmark3,0.0,cpu,0,247a763202a08dc5a5a5463576bbb4b19ecdeca1,0.0,0.0
160,2023-02-01 11:29:05.179,/benchmark1,0.0,cpu,0,247a763202a08dc5a5a5463576bbb4b19ecdeca1,0.0,0.0
161,2023-02-01 11:29:05.179,/benchmark4,0.0,cpu,0,247a763202a08dc5a5a5463576bbb4b19ecdeca1,0.0,0.0
162,2023-02-01 11:29:05.179,rapl,69.6485595703125,cpu,1,RAPL_ENERGY_PKG,1.0,0.0
163,2023-02-01 11:29:05.179,global,0.0,cpu,1,247a763202a08dc5a5a5463576bbb4b19ecdeca1,1.0,0.0
164,2023-02-01 11:29:05.179,/benchmark2,0.0,cpu,1,247a763202a08dc5a5a5463576bbb4b19ecdeca1,0.0,0.0
165,2023-02-01 11:29:05.179,/benchmark3,0.0,cpu,1,247a763202a08dc5a5a5463576bbb4b19ecdeca1,0.0,0.0
166,2023-02-01 11:29:05.179,/benchmark1,0.0,cpu,1,247a763202a08dc5a5a5463576bbb4b19ecdeca1,0.0,0.0
167,2023-02-01 11:29:05.179,/benchmark4,0.0,cpu,1,247a763202a08dc5a5a5463576bbb4b19ecdeca1,0.0,0.0
168,2023-02-01 11:29:05.179,rapl,12.627761840820312,dram,0,RAPL_ENERGY_DRAM,1.0,0.0
169,2023-02-01 11:29:05.179,global,0.0,dram,0,247a763202a08dc5a5a5463576bbb4b19ecdeca1,1.0,0.0
170,2023-02-01 11:29:05.179,/benchmark2,0.0,dram,0,247a763202a08dc5a5a5463576bbb4b19ecdeca1,0.0,0.0
171,2023-02-01 11:29:05.179,/benchmark3,0.0,dram,0,247a763202a08dc5a5a5463576bbb4b19ecdeca1,0.0,0.0
172,2023-02-01 11:29:05.179,/benchmark1,0.0,dram,0,247a763202a08dc5a5a5463576bbb4b19ecdeca1,0.0,0.0
173,2023-02-01 11:29:05.179,/benchmark4,0.0,dram,0,247a763202a08dc5a5a5463576bbb4b19ecdeca1,0.0,0.0
174,2023-02-01 11:29:05.179,rapl,13.123703002929688,dram,1,RAPL_ENERGY_DRAM,1.0,0.0
175,2023-02-01 11:29:05.179,global,0.0,dram,1,247a763202a08dc5a5a5463576bbb4b19ecdeca1,1.0,0.0
176,2023-02-01 11:29:05.179,/benchmark2,0.0,dram,1,247a763202a08dc5a5a5463576bbb4b19ecdeca1,0.0,0.0
177,2023-02-01 11:29:05.179,/benchmark3,0.0,dram,1,247a763202a08dc5a5a5463576bbb4b19ecdeca1,0.0,0.0
178,2023-02-01 11:29:05.179,/benchmark1,0.0,dram,1,247a763202a08dc5a5a5463576bbb4b19ecdeca1,0.0,0.0
179,2023-02-01 11:29:05.179,/benchmark4,0.0,dram,1,247a763202a08dc5a5a5463576bbb4b19ecdeca1,0.0,0.0
180,2023-02-01 11:29:06.180,rapl,70.64056396484375,cpu,0,RAPL_ENERGY_PKG,1.0,0.0
181,2023-02-01 11:29:06.180,global,0.0,cpu,0,247a763202a08dc5a5a5463576bbb4b19ecdeca1,1.0,0.0
182,2023-02-01 11:29:06.180,/benchmark3,0.0,cpu,0,247a763202a08dc5a5a5463576bbb4b19ecdeca1,0.0,0.0
183,2023-02-01 11:29:06.180,/benchmark2,0.0,cpu,0,247a763202a08dc5a5a5463576bbb4b19ecdeca1,0.0,0.0
184,2023-02-01 11:29:06.180,/benchmark1,0.0,cpu,0,247a763202a08dc5a5a5463576bbb4b19ecdeca1,0.0,0.0
185,2023-02-01 11:29:06.180,/benchmark4,0.0,cpu,0,247a763202a08dc5a5a5463576bbb4b19ecdeca1,0.0,0.0
186,2023-02-01 11:29:06.180,rapl,69.54107666015625,cpu,1,RAPL_ENERGY_PKG,1.0,0.0
187,2023-02-01 11:29:06.180,global,0.0,cpu,1,247a763202a08dc5a5a5463576bbb4b19ecdeca1,1.0,0.0
188,2023-02-01 11:29:06.180,/benchmark3,0.0,cpu,1,247a763202a08dc5a5a5463576bbb4b19ecdeca1,0.0,0.0
189,2023-02-01 11:29:06.180,/benchmark2,0.0,cpu,1,247a763202a08dc5a5a5463576bbb4b19ecdeca1,0.0,0.0
190,2023-02-01 11:29:06.180,/benchmark1,0.0,cpu,1,247a763202a08dc5a5a5463576bbb4b19ecdeca1,0.0,0.0
191,2023-02-01 11:29:06.180,/benchmark4,0.0,cpu,1,247a763202a08dc5a5a5463576bbb4b19ecdeca1,0.0,0.0
192,2023-02-01 11:29:06.180,rapl,12.687576293945312,dram,0,RAPL_ENERGY_DRAM,1.0,0.0
193,2023-02-01 11:29:06.180,global,0.0,dram,0,247a763202a08dc5a5a5463576bbb4b19ecdeca1,1.0,0.0
194,2023-02-01 11:29:06.180,/benchmark3,0.0,dram,0,247a763202a08dc5a5a5463576bbb4b19ecdeca1,0.0,0.0
195,2023-02-01 11:29:06.180,/benchmark2,0.0,dram,0,247a763202a08dc5a5a5463576bbb4b19ecdeca1,0.0,0.0
196,2023-02-01 11:29:06.180,/benchmark1,0.0,dram,0,247a763202a08dc5a5a5463576bbb4b19ecdeca1,0.0,0.0
197,2023-02-01 11:29:06.180,/benchmark4,0.0,dram,0,247a763202a08dc5a5a5463576bbb4b19ecdeca1,0.0,0.0
198,2023-02-01 11:29:06.180,rapl,13.058364868164062,dram,1,RAPL_ENERGY_DRAM,1.0,0.0
199,2023-02-01 11:29:06.180,global,0.0,dram,1,247a763202a08dc5a5a5463576bbb4b19ecdeca1,1.0,0.0
200,2023-02-01 11:29:06.180,/benchmark3,0.0,dram,1,247a763202a08dc5a5a5463576bbb4b19ecdeca1,0.0,0.0
201,2023-02-01 11:29:06.180,/benchmark2,0.0,dram,1,247a763202a08dc5a5a5463576bbb4b19ecdeca1,0.0,0.0
202,2023-02-01 11:29:06.180,/benchmark1,0.0,dram,1,247a763202a08dc5a5a5463576bbb4b19ecdeca1,0.0,0.0
203,2023-02-01 11:29:06.180,/benchmark4,0.0,dram,1,247a763202a08dc5a5a5463576bbb4b19ecdeca1,0.0,0.0
204,2023-02-01 11:29:07.180,rapl,70.6568603515625,cpu,0,RAPL_ENERGY_PKG,1.0,0.0
205,2023-02-01 11:29:07.180,global,0.0,cpu,0,247a763202a08dc5a5a5463576bbb4b19ecdeca1,1.0,0.0
206,2023-02-01 11:29:07.180,/benchmark2,0.0,cpu,0,247a763202a08dc5a5a5463576bbb4b19ecdeca1,0.0,0.0
207,2023-02-01 11:29:07.180,/benchmark3,0.0,cpu,0,247a763202a08dc5a5a5463576bbb4b19ecdeca1,0.0,0.0
208,2023-02-01 11:29:07.180,/benchmark1,0.0,cpu,0,247a763202a08dc5a5a5463576bbb4b19ecdeca1,0.0,0.0
209,2023-02-01 11:29:07.180,/benchmark4,0.0,cpu,0,247a763202a08dc5a5a5463576bbb4b19ecdeca1,0.0,0.0
210,2023-02-01 11:29:07.180,rapl,69.69647216796875,cpu,1,RAPL_ENERGY_PKG,1.0,0.0
211,2023-02-01 11:29:07.180,global,0.0,cpu,1,247a763202a08dc5a5a5463576bbb4b19ecdeca1,1.0,0.0
212,2023-02-01 11:29:07.180,/benchmark2,0.0,cpu,1,247a763202a08dc5a5a5463576bbb4b19ecdeca1,0.0,0.0
213,2023-02-01 11:29:07.180,/benchmark3,0.0,cpu,1,247a763202a08dc5a5a5463576bbb4b19ecdeca1,0.0,0.0
214,2023-02-01 11:29:07.180,/benchmark1,0.0,cpu,1,247a763202a08dc5a5a5463576bbb4b19ecdeca1,0.0,0.0
215,2023-02-01 11:29:07.180,/benchmark4,0.0,cpu,1,247a763202a08dc5a5a5463576bbb4b19ecdeca1,0.0,0.0
216,2023-02-01 11:29:07.180,rapl,12.657485961914062,dram,0,RAPL_ENERGY_DRAM,1.0,0.0
217,2023-02-01 11:29:07.180,global,0.0,dram,0,247a763202a08dc5a5a5463576bbb4b19ecdeca1,1.0,0.0
218,2023-02-01 11:29:07.180,/benchmark2,0.0,dram,0,247a763202a08dc5a5a5463576bbb4b19ecdeca1,0.0,0.0
219,2023-02-01 11:29:07.180,/benchmark3,0.0,dram,0,247a763202a08dc5a5a5463576bbb4b19ecdeca1,0.0,0.0
220,2023-02-01 11:29:07.180,/benchmark1,0.0,dram,0,247a763202a08dc5a5a5463576bbb4b19ecdeca1,0.0,0.0
221,2023-02-01 11:29:07.180,/benchmark4,0.0,dram,0,247a763202a08dc5a5a5463576bbb4b19ecdeca1,0.0,0.0
222,2023-02-01 11:29:07.180,rapl,13.013839721679688,dram,1,RAPL_ENERGY_DRAM,1.0,0.0
223,2023-02-01 11:29:07.180,global,0.0,dram,1,247a763202a08dc5a5a5463576bbb4b19ecdeca1,1.0,0.0
224,2023-02-01 11:29:07.180,/benchmark2,0.0,dram,1,247a763202a08dc5a5a5463576bbb4b19ecdeca1,0.0,0.0
225,2023-02-01 11:29:07.180,/benchmark3,0.0,dram,1,247a763202a08dc5a5a5463576bbb4b19ecdeca1,0.0,0.0
226,2023-02-01 11:29:07.180,/benchmark1,0.0,dram,1,247a763202a08dc5a5a5463576bbb4b19ecdeca1,0.0,0.0
227,2023-02-01 11:29:07.180,/benchmark4,0.0,dram,1,247a763202a08dc5a5a5463576bbb4b19ecdeca1,0.0,0.0
228,2023-02-01 11:29:08.180,rapl,70.6556396484375,cpu,0,RAPL_ENERGY_PKG,1.0,0.0
229,2023-02-01 11:29:08.180,global,0.0,cpu,0,247a763202a08dc5a5a5463576bbb4b19ecdeca1,1.0,0.0
230,2023-02-01 11:29:08.180,/benchmark3,0.0,cpu,0,247a763202a08dc5a5a5463576bbb4b19ecdeca1,0.0,0.0
231,2023-02-01 11:29:08.180,/benchmark2,0.0,cpu,0,247a763202a08dc5a5a5463576bbb4b19ecdeca1,0.0,0.0
232,2023-02-01 11:29:08.180,/benchmark1,0.0,cpu,0,247a763202a08dc5a5a5463576bbb4b19ecdeca1,0.0,0.0
233,2023-02-01 11:29:08.180,/benchmark4,0.0,cpu,0,247a763202a08dc5a5a5463576bbb4b19ecdeca1,0.0,0.0
234,2023-02-01 11:29:08.180,rapl,69.638427734375,cpu,1,RAPL_ENERGY_PKG,1.0,0.0
235,2023-02-01 11:29:08.180,global,0.0,cpu,1,247a763202a08dc5a5a5463576bbb4b19ecdeca1,1.0,0.0
236,2023-02-01 11:29:08.180,/benchmark3,0.0,cpu,1,247a763202a08dc5a5a5463576bbb4b19ecdeca1,0.0,0.0
237,2023-02-01 11:29:08.180,/benchmark2,0.0,cpu,1,247a763202a08dc5a5a5463576bbb4b19ecdeca1,0.0,0.0
238,2023-02-01 11:29:08.180,/benchmark1,0.0,cpu,1,247a763202a08dc5a5a5463576bbb4b19ecdeca1,0.0,0.0
239,2023-02-01 11:29:08.180,/benchmark4,0.0,cpu,1,247a763202a08dc5a5a5463576bbb4b19ecdeca1,0.0,0.0
240,2023-02-01 11:29:08.180,rapl,12.636398315429688,dram,0,RAPL_ENERGY_DRAM,1.0,0.0
241,2023-02-01 11:29:08.180,global,0.0,dram,0,247a763202a08dc5a5a5463576bbb4b19ecdeca1,1.0,0.0
242,2023-02-01 11:29:08.180,/benchmark3,0.0,dram,0,247a763202a08dc5a5a5463576bbb4b19ecdeca1,0.0,0.0
243,2023-02-01 11:29:08.180,/benchmark2,0.0,dram,0,247a763202a08dc5a5a5463576bbb4b19ecdeca1,0.0,0.0
244,2023-02-01 11:29:08.180,/benchmark1,0.0,dram,0,247a763202a08dc5a5a5463576bbb4b19ecdeca1,0.0,0.0
245,2023-02-01 11:29:08.180,/benchmark4,0.0,dram,0,247a763202a08dc5a5a5463576bbb4b19ecdeca1,0.0,0.0
246,2023-02-01 11:29:08.180,rapl,13.035964965820312,dram,1,RAPL_ENERGY_DRAM,1.0,0.0
247,2023-02-01 11:29:08.180,global,0.0,dram,1,247a763202a08dc5a5a5463576bbb4b19ecdeca1,1.0,0.0
248,2023-02-01 11:29:08.180,/benchmark3,0.0,dram,1,247a763202a08dc5a5a5463576bbb4b19ecdeca1,0.0,0.0
249,2023-02-01 11:29:08.180,/benchmark2,0.0,dram,1,247a763202a08dc5a5a5463576bbb4b19ecdeca1,0.0,0.0
250,2023-02-01 11:29:08.180,/benchmark1,0.0,dram,1,247a763202a08dc5a5a5463576bbb4b19ecdeca1,0.0,0.0
251,2023-02-01 11:29:08.180,/benchmark4,0.0,dram,1,247a763202a08dc5a5a5463576bbb4b19ecdeca1,0.0,0.0
252,2023-02-01 11:29:09.180,rapl,70.78607177734375,cpu,0,RAPL_ENERGY_PKG,1.0,0.0
253,2023-02-01 11:29:09.180,global,0.0,cpu,0,247a763202a08dc5a5a5463576bbb4b19ecdeca1,1.0,0.0
254,2023-02-01 11:29:09.180,/benchmark2,0.0,cpu,0,247a763202a08dc5a5a5463576bbb4b19ecdeca1,0.0,0.0
255,2023-02-01 11:29:09.180,/benchmark3,0.0,cpu,0,247a763202a08dc5a5a5463576bbb4b19ecdeca1,0.0,0.0
256,2023-02-01 11:29:09.180,/benchmark1,0.0,cpu,0,247a763202a08dc5a5a5463576bbb4b19ecdeca1,0.0,0.0
257,2023-02-01 11:29:09.180,/benchmark4,0.0,cpu,0,247a763202a08dc5a5a5463576bbb4b19ecdeca1,0.0,0.0
258,2023-02-01 11:29:09.180,rapl,69.58392333984375,cpu,1,RAPL_ENERGY_PKG,1.0,0.0
259,2023-02-01 11:29:09.180,global,0.0,cpu,1,247a763202a08dc5a5a5463576bbb4b19ecdeca1,1.0,0.0
260,2023-02-01 11:29:09.180,/benchmark2,0.0,cpu,1,247a763202a08dc5a5a5463576bbb4b19ecdeca1,0.0,0.0
261,2023-02-01 11:29:09.180,/benchmark3,0.0,cpu,1,247a763202a08dc5a5a5463576bbb4b19ecdeca1,0.0,0.0
262,2023-02-01 11:29:09.180,/benchmark1,0.0,cpu,1,247a763202a08dc5a5a5463576bbb4b19ecdeca1,0.0,0.0
263,2023-02-01 11:29:09.180,/benchmark4,0.0,cpu,1,247a763202a08dc5a5a5463576bbb4b19ecdeca1,0.0,0.0
264,2023-02-01 11:29:09.180,rapl,12.655288696289062,dram,0,RAPL_ENERGY_DRAM,1.0,0.0
265,2023-02-01 11:29:09.180,global,0.0,dram,0,247a763202a08dc5a5a5463576bbb4b19ecdeca1,1.0,0.0
266,2023-02-01 11:29:09.180,/benchmark2,0.0,dram,0,247a763202a08dc5a5a5463576bbb4b19ecdeca1,0.0,0.0
267,2023-02-01 11:29:09.180,/benchmark3,0.0,dram,0,247a763202a08dc5a5a5463576bbb4b19ecdeca1,0.0,0.0
268,2023-02-01 11:29:09.180,/benchmark1,0.0,dram,0,247a763202a08dc5a5a5463576bbb4b19ecdeca1,0.0,0.0
269,2023-02-01 11:29:09.180,/benchmark4,0.0,dram,0,247a763202a08dc5a5a5463576bbb4b19ecdeca1,0.0,0.0
270,2023-02-01 11:29:09.180,rapl,13.084884643554688,dram,1,RAPL_ENERGY_DRAM,1.0,0.0
271,2023-02-01 11:29:09.180,global,0.0,dram,1,247a763202a08dc5a5a5463576bbb4b19ecdeca1,1.0,0.0
272,2023-02-01 11:29:09.180,/benchmark2,0.0,dram,1,247a763202a08dc5a5a5463576bbb4b19ecdeca1,0.0,0.0
273,2023-02-01 11:29:09.180,/benchmark3,0.0,dram,1,247a763202a08dc5a5a5463576bbb4b19ecdeca1,0.0,0.0
274,2023-02-01 11:29:09.180,/benchmark1,0.0,dram,1,247a763202a08dc5a5a5463576bbb4b19ecdeca1,0.0,0.0
275,2023-02-01 11:29:09.180,/benchmark4,0.0,dram,1,247a763202a08dc5a5a5463576bbb4b19ecdeca1,0.0,0.0
276,2023-02-01 11:29:10.180,rapl,70.7978515625,cpu,0,RAPL_ENERGY_PKG,1.0,0.0
277,2023-02-01 11:29:10.180,global,0.0,cpu,0,247a763202a08dc5a5a5463576bbb4b19ecdeca1,1.0,0.0
278,2023-02-01 11:29:10.180,/benchmark3,0.0,cpu,0,247a763202a08dc5a5a5463576bbb4b19ecdeca1,0.0,0.0
279,2023-02-01 11:29:10.180,/benchmark2,0.0,cpu,0,247a763202a08dc5a5a5463576bbb4b19ecdeca1,0.0,0.0
280,2023-02-01 11:29:10.180,/benchmark1,0.0,cpu,0,247a763202a08dc5a5a5463576bbb4b19ecdeca1,0.0,0.0
281,2023-02-01 11:29:10.180,/benchmark4,0.0,cpu,0,247a763202a08dc5a5a5463576bbb4b19ecdeca1,0.0,0.0
282,2023-02-01 11:29:10.180,rapl,69.61968994140625,cpu,1,RAPL_ENERGY_PKG,1.0,0.0
283,2023-02-01 11:29:10.180,global,0.0,cpu,1,247a763202a08dc5a5a5463576bbb4b19ecdeca1,1.0,0.0
284,2023-02-01 11:29:10.180,/benchmark3,0.0,cpu,1,247a763202a08dc5a5a5463576bbb4b19ecdeca1,0.0,0.0
285,2023-02-01 11:29:10.180,/benchmark2,0.0,cpu,1,247a763202a08dc5a5a5463576bbb4b19ecdeca1,0.0,0.0
286,2023-02-01 11:29:10.180,/benchmark1,0.0,cpu,1,247a763202a08dc5a5a5463576bbb4b19ecdeca1,0.0,0.0
287,2023-02-01 11:29:10.180,/benchmark4,0.0,cpu,1,247a763202a08dc5a5a5463576bbb4b19ecdeca1,0.0,0.0
288,2023-02-01 11:29:10.180,rapl,12.633834838867188,dram,0,RAPL_ENERGY_DRAM,1.0,0.0
289,2023-02-01 11:29:10.180,global,0.0,dram,0,247a763202a08dc5a5a5463576bbb4b19ecdeca1,1.0,0.0
290,2023-02-01 11:29:10.180,/benchmark3,0.0,dram,0,247a763202a08dc5a5a5463576bbb4b19ecdeca1,0.0,0.0
291,2023-02-01 11:29:10.180,/benchmark2,0.0,dram,0,247a763202a08dc5a5a5463576bbb4b19ecdeca1,0.0,0.0
292,2023-02-01 11:29:10.180,/benchmark1,0.0,dram,0,247a763202a08dc5a5a5463576bbb4b19ecdeca1,0.0,0.0
293,2023-02-01 11:29:10.180,/benchmark4,0.0,dram,0,247a763202a08dc5a5a5463576bbb4b19ecdeca1,0.0,0.0
294,2023-02-01 11:29:10.180,rapl,12.999374389648438,dram,1,RAPL_ENERGY_DRAM,1.0,0.0
295,2023-02-01 11:29:10.180,global,0.0,dram,1,247a763202a08dc5a5a5463576bbb4b19ecdeca1,1.0,0.0
296,2023-02-01 11:29:10.180,/benchmark3,0.0,dram,1,247a763202a08dc5a5a5463576bbb4b19ecdeca1,0.0,0.0
297,2023-02-01 11:29:10.180,/benchmark2,0.0,dram,1,247a763202a08dc5a5a5463576bbb4b19ecdeca1,0.0,0.0
298,2023-02-01 11:29:10.180,/benchmark1,0.0,dram,1,247a763202a08dc5a5a5463576bbb4b19ecdeca1,0.0,0.0
299,2023-02-01 11:29:10.180,/benchmark4,0.0,dram,1,247a763202a08dc5a5a5463576bbb4b19ecdeca1,0.0,0.0
300,2023-02-01 11:29:11.181,rapl,70.72027587890625,cpu,0,RAPL_ENERGY_PKG,1.0,0.0
301,2023-02-01 11:29:11.181,global,0.0,cpu,0,247a763202a08dc5a5a5463576bbb4b19ecdeca1,1.0,0.0
302,2023-02-01 11:29:11.181,/benchmark3,0.0,cpu,0,247a763202a08dc5a5a5463576bbb4b19ecdeca1,0.0,0.0
303,2023-02-01 11:29:11.181,/benchmark2,0.0,cpu,0,247a763202a08dc5a5a5463576bbb4b19ecdeca1,0.0,0.0
304,2023-02-01 11:29:11.181,/benchmark1,0.0,cpu,0,247a763202a08dc5a5a5463576bbb4b19ecdeca1,0.0,0.0
305,2023-02-01 11:29:11.181,/benchmark4,0.0,cpu,0,247a763202a08dc5a5a5463576bbb4b19ecdeca1,0.0,0.0
306,2023-02-01 11:29:11.181,rapl,69.61505126953125,cpu,1,RAPL_ENERGY_PKG,1.0,0.0
307,2023-02-01 11:29:11.181,global,0.0,cpu,1,247a763202a08dc5a5a5463576bbb4b19ecdeca1,1.0,0.0
308,2023-02-01 11:29:11.181,/benchmark3,0.0,cpu,1,247a763202a08dc5a5a5463576bbb4b19ecdeca1,0.0,0.0
309,2023-02-01 11:29:11.181,/benchmark2,0.0,cpu,1,247a763202a08dc5a5a5463576bbb4b19ecdeca1,0.0,0.0
310,2023-02-01 11:29:11.181,/benchmark1,0.0,cpu,1,247a763202a08dc5a5a5463576bbb4b19ecdeca1,0.0,0.0
311,2023-02-01 11:29:11.181,/benchmark4,0.0,cpu,1,247a763202a08dc5a5a5463576bbb4b19ecdeca1,0.0,0.0
312,2023-02-01 11:29:11.181,rapl,12.72650146484375,dram,0,RAPL_ENERGY_DRAM,1.0,0.0
313,2023-02-01 11:29:11.181,global,0.0,dram,0,247a763202a08dc5a5a5463576bbb4b19ecdeca1,1.0,0.0
314,2023-02-01 11:29:11.181,/benchmark3,0.0,dram,0,247a763202a08dc5a5a5463576bbb4b19ecdeca1,0.0,0.0
315,2023-02-01 11:29:11.181,/benchmark2,0.0,dram,0,247a763202a08dc5a5a5463576bbb4b19ecdeca1,0.0,0.0
316,2023-02-01 11:29:11.181,/benchmark1,0.0,dram,0,247a763202a08dc5a5a5463576bbb4b19ecdeca1,0.0,0.0
317,2023-02-01 11:29:11.181,/benchmark4,0.0,dram,0,247a763202a08dc5a5a5463576bbb4b19ecdeca1,0.0,0.0
318,2023-02-01 11:29:11.181,rapl,13.05126953125,dram,1,RAPL_ENERGY_DRAM,1.0,0.0
319,2023-02-01 11:29:11.181,global,0.0,dram,1,247a763202a08dc5a5a5463576bbb4b19ecdeca1,1.0,0.0
320,2023-02-01 11:29:11.181,/benchmark3,0.0,dram,1,247a763202a08dc5a5a5463576bbb4b19ecdeca1,0.0,0.0
321,2023-02-01 11:29:11.181,/benchmark2,0.0,dram,1,247a763202a08dc5a5a5463576bbb4b19ecdeca1,0.0,0.0
322,2023-02-01 11:29:11.181,/benchmark1,0.0,dram,1,247a763202a08dc5a5a5463576bbb4b19ecdeca1,0.0,0.0
323,2023-02-01 11:29:11.181,/benchmark4,0.0,dram,1,247a763202a08dc5a5a5463576bbb4b19ecdeca1,0.0,0.0
324,2023-02-01 11:29:12.181,rapl,70.8062744140625,cpu,0,RAPL_ENERGY_PKG,1.0,0.0
325,2023-02-01 11:29:12.181,global,0.0,cpu,0,247a763202a08dc5a5a5463576bbb4b19ecdeca1,1.0,0.0
326,2023-02-01 11:29:12.181,/benchmark2,0.0,cpu,0,247a763202a08dc5a5a5463576bbb4b19ecdeca1,0.0,0.0
327,2023-02-01 11:29:12.181,/benchmark3,0.0,cpu,0,247a763202a08dc5a5a5463576bbb4b19ecdeca1,0.0,0.0
328,2023-02-01 11:29:12.181,/benchmark1,0.0,cpu,0,247a763202a08dc5a5a5463576bbb4b19ecdeca1,0.0,0.0
329,2023-02-01 11:29:12.181,/benchmark4,0.0,cpu,0,247a763202a08dc5a5a5463576bbb4b19ecdeca1,0.0,0.0
330,2023-02-01 11:29:12.181,rapl,69.6329345703125,cpu,1,RAPL_ENERGY_PKG,1.0,0.0
331,2023-02-01 11:29:12.181,global,0.0,cpu,1,247a763202a08dc5a5a5463576bbb4b19ecdeca1,1.0,0.0
332,2023-02-01 11:29:12.181,/benchmark2,0.0,cpu,1,247a763202a08dc5a5a5463576bbb4b19ecdeca1,0.0,0.0
333,2023-02-01 11:29:12.181,/benchmark3,0.0,cpu,1,247a763202a08dc5a5a5463576bbb4b19ecdeca1,0.0,0.0
334,2023-02-01 11:29:12.181,/benchmark1,0.0,cpu,1,247a763202a08dc5a5a5463576bbb4b19ecdeca1,0.0,0.0
335,2023-02-01 11:29:12.181,/benchmark4,0.0,cpu,1,247a763202a08dc5a5a5463576bbb4b19ecdeca1,0.0,0.0
336,2023-02-01 11:29:12.181,rapl,12.705245971679688,dram,0,RAPL_ENERGY_DRAM,1.0,0.0
337,2023-02-01 11:29:12.181,global,0.0,dram,0,247a763202a08dc5a5a5463576bbb4b19ecdeca1,1.0,0.0
338,2023-02-01 11:29:12.181,/benchmark2,0.0,dram,0,247a763202a08dc5a5a5463576bbb4b19ecdeca1,0.0,0.0
339,2023-02-01 11:29:12.181,/benchmark3,0.0,dram,0,247a763202a08dc5a5a5463576bbb4b19ecdeca1,0.0,0.0
340,2023-02-01 11:29:12.181,/benchmark1,0.0,dram,0,247a763202a08dc5a5a5463576bbb4b19ecdeca1,0.0,0.0
341,2023-02-01 11:29:12.181,/benchmark4,0.0,dram,0,247a763202a08dc5a5a5463576bbb4b19ecdeca1,0.0,0.0
342,2023-02-01 11:29:12.181,rapl,12.922943115234375,dram,1,RAPL_ENERGY_DRAM,1.0,0.0
343,2023-02-01 11:29:12.181,global,0.0,dram,1,247a763202a08dc5a5a5463576bbb4b19ecdeca1,1.0,0.0
344,2023-02-01 11:29:12.181,/benchmark2,0.0,dram,1,247a763202a08dc5a5a5463576bbb4b19ecdeca1,0.0,0.0
345,2023-02-01 11:29:12.181,/benchmark3,0.0,dram,1,247a763202a08dc5a5a5463576bbb4b19ecdeca1,0.0,0.0
346,2023-02-01 11:29:12.181,/benchmark1,0.0,dram,1,247a763202a08dc5a5a5463576bbb4b19ecdeca1,0.0,0.0
347,2023-02-01 11:29:12.181,/benchmark4,0.0,dram,1,247a763202a08dc5a5a5463576bbb4b19ecdeca1,0.0,0.0
348,2023-02-01 11:29:13.181,rapl,70.8240966796875,cpu,0,RAPL_ENERGY_PKG,1.0,0.0
349,2023-02-01 11:29:13.181,global,0.0,cpu,0,247a763202a08dc5a5a5463576bbb4b19ecdeca1,1.0,0.0
350,2023-02-01 11:29:13.181,/benchmark3,0.0,cpu,0,247a763202a08dc5a5a5463576bbb4b19ecdeca1,0.0,0.0
351,2023-02-01 11:29:13.181,/benchmark2,0.0,cpu,0,247a763202a08dc5a5a5463576bbb4b19ecdeca1,0.0,0.0
352,2023-02-01 11:29:13.181,/benchmark1,0.0,cpu,0,247a763202a08dc5a5a5463576bbb4b19ecdeca1,0.0,0.0
353,2023-02-01 11:29:13.181,/benchmark4,0.0,cpu,0,247a763202a08dc5a5a5463576bbb4b19ecdeca1,0.0,0.0
354,2023-02-01 11:29:13.181,rapl,69.4508056640625,cpu,1,RAPL_ENERGY_PKG,1.0,0.0
355,2023-02-01 11:29:13.181,global,0.0,cpu,1,247a763202a08dc5a5a5463576bbb4b19ecdeca1,1.0,0.0
356,2023-02-01 11:29:13.181,/benchmark3,0.0,cpu,1,247a763202a08dc5a5a5463576bbb4b19ecdeca1,0.0,0.0
357,2023-02-01 11:29:13.181,/benchmark2,0.0,cpu,1,247a763202a08dc5a5a5463576bbb4b19ecdeca1,0.0,0.0
358,2023-02-01 11:29:13.181,/benchmark1,0.0,cpu,1,247a763202a08dc5a5a5463576bbb4b19ecdeca1,0.0,0.0
359,2023-02-01 11:29:13.181,/benchmark4,0.0,cpu,1,247a763202a08dc5a5a5463576bbb4b19ecdeca1,0.0,0.0
360,2023-02-01 11:29:13.181,rapl,12.694183349609375,dram,0,RAPL_ENERGY_DRAM,1.0,0.0
361,2023-02-01 11:29:13.181,global,0.0,dram,0,247a763202a08dc5a5a5463576bbb4b19ecdeca1,1.0,0.0
362,2023-02-01 11:29:13.181,/benchmark3,0.0,dram,0,247a763202a08dc5a5a5463576bbb4b19ecdeca1,0.0,0.0
363,2023-02-01 11:29:13.181,/benchmark2,0.0,dram,0,247a763202a08dc5a5a5463576bbb4b19ecdeca1,0.0,0.0
364,2023-02-01 11:29:13.181,/benchmark1,0.0,dram,0,247a763202a08dc5a5a5463576bbb4b19ecdeca1,0.0,0.0
365,2023-02-01 11:29:13.181,/benchmark4,0.0,dram,0,247a763202a08dc5a5a5463576bbb4b19ecdeca1,0.0,0.0
366,2023-02-01 11:29:13.181,rapl,13.018051147460938,dram,1,RAPL_ENERGY_DRAM,1.0,0.0
367,2023-02-01 11:29:13.181,global,0.0,dram,1,247a763202a08dc5a5a5463576bbb4b19ecdeca1,1.0,0.0
368,2023-02-01 11:29:13.181,/benchmark3,0.0,dram,1,247a763202a08dc5a5a5463576bbb4b19ecdeca1,0.0,0.0
369,2023-02-01 11:29:13.181,/benchmark2,0.0,dram,1,247a763202a08dc5a5a5463576bbb4b19ecdeca1,0.0,0.0
370,2023-02-01 11:29:13.181,/benchmark1,0.0,dram,1,247a763202a08dc5a5a5463576bbb4b19ecdeca1,0.0,0.0
371,2023-02-01 11:29:13.181,/benchmark4,0.0,dram,1,247a763202a08dc5a5a5463576bbb4b19ecdeca1,0.0,0.0
372,2023-02-01 11:29:14.181,rapl,70.71405029296875,cpu,0,RAPL_ENERGY_PKG,1.0,0.0
373,2023-02-01 11:29:14.181,global,0.0,cpu,0,247a763202a08dc5a5a5463576bbb4b19ecdeca1,1.0,0.0
374,2023-02-01 11:29:14.181,/benchmark3,0.0,cpu,0,247a763202a08dc5a5a5463576bbb4b19ecdeca1,0.0,0.0
375,2023-02-01 11:29:14.181,/benchmark2,0.0,cpu,0,247a763202a08dc5a5a5463576bbb4b19ecdeca1,0.0,0.0
376,2023-02-01 11:29:14.181,/benchmark1,0.0,cpu,0,247a763202a08dc5a5a5463576bbb4b19ecdeca1,0.0,0.0
377,2023-02-01 11:29:14.181,/benchmark4,0.0,cpu,0,247a763202a08dc5a5a5463576bbb4b19ecdeca1,0.0,0.0
378,2023-02-01 11:29:14.181,rapl,69.4744873046875,cpu,1,RAPL_ENERGY_PKG,1.0,0.0
379,2023-02-01 11:29:14.181,global,0.0,cpu,1,247a763202a08dc5a5a5463576bbb4b19ecdeca1,1.0,0.0
380,2023-02-01 11:29:14.181,/benchmark3,0.0,cpu,1,247a763202a08dc5a5a5463576bbb4b19ecdeca1,0.0,0.0
381,2023-02-01 11:29:14.181,/benchmark2,0.0,cpu,1,247a763202a08dc5a5a5463576bbb4b19ecdeca1,0.0,0.0
382,2023-02-01 11:29:14.181,/benchmark1,0.0,cpu,1,247a763202a08dc5a5a5463576bbb4b19ecdeca1,0.0,0.0
383,2023-02-01 11:29:14.181,/benchmark4,0.0,cpu,1,247a763202a08dc5a5a5463576bbb4b19ecdeca1,0.0,0.0
384,2023-02-01 11:29:14.181,rapl,12.719863891601562,dram,0,RAPL_ENERGY_DRAM,1.0,0.0
385,2023-02-01 11:29:14.181,global,0.0,dram,0,247a763202a08dc5a5a5463576bbb4b19ecdeca1,1.0,0.0
386,2023-02-01 11:29:14.181,/benchmark3,0.0,dram,0,247a763202a08dc5a5a5463576bbb4b19ecdeca1,0.0,0.0
387,2023-02-01 11:29:14.181,/benchmark2,0.0,dram,0,247a763202a08dc5a5a5463576bbb4b19ecdeca1,0.0,0.0
388,2023-02-01 11:29:14.181,/benchmark1,0.0,dram,0,247a763202a08dc5a5a5463576bbb4b19ecdeca1,0.0,0.0
389,2023-02-01 11:29:14.181,/benchmark4,0.0,dram,0,247a763202a08dc5a5a5463576bbb4b19ecdeca1,0.0,0.0
390,2023-02-01 11:29:14.181,rapl,13.0152587890625,dram,1,RAPL_ENERGY_DRAM,1.0,0.0
391,2023-02-01 11:29:14.181,global,0.0,dram,1,247a763202a08dc5a5a5463576bbb4b19ecdeca1,1.0,0.0
392,2023-02-01 11:29:14.181,/benchmark3,0.0,dram,1,247a763202a08dc5a5a5463576bbb4b19ecdeca1,0.0,0.0
393,2023-02-01 11:29:14.181,/benchmark2,0.0,dram,1,247a763202a08dc5a5a5463576bbb4b19ecdeca1,0.0,0.0
394,2023-02-01 11:29:14.181,/benchmark1,0.0,dram,1,247a763202a08dc5a5a5463576bbb4b19ecdeca1,0.0,0.0
395,2023-02-01 11:29:14.181,/benchmark4,0.0,dram,1,247a763202a08dc5a5a5463576bbb4b19ecdeca1,0.0,0.0
396,2023-02-01 11:29:15.182,rapl,70.74591064453125,cpu,0,RAPL_ENERGY_PKG,1.0,0.0
397,2023-02-01 11:29:15.182,global,0.0,cpu,0,247a763202a08dc5a5a5463576bbb4b19ecdeca1,1.0,0.0
398,2023-02-01 11:29:15.182,/benchmark3,0.0,cpu,0,247a763202a08dc5a5a5463576bbb4b19ecdeca1,0.0,0.0
399,2023-02-01 11:29:15.182,/benchmark2,0.0,cpu,0,247a763202a08dc5a5a5463576bbb4b19ecdeca1,0.0,0.0
400,2023-02-01 11:29:15.182,/benchmark1,0.0,cpu,0,247a763202a08dc5a5a5463576bbb4b19ecdeca1,0.0,0.0
401,2023-02-01 11:29:15.182,/benchmark4,0.0,cpu,0,247a763202a08dc5a5a5463576bbb4b19ecdeca1,0.0,0.0
402,2023-02-01 11:29:15.182,rapl,69.40814208984375,cpu,1,RAPL_ENERGY_PKG,1.0,0.0
403,2023-02-01 11:29:15.182,global,0.0,cpu,1,247a763202a08dc5a5a5463576bbb4b19ecdeca1,1.0,0.0
404,2023-02-01 11:29:15.182,/benchmark3,0.0,cpu,1,247a763202a08dc5a5a5463576bbb4b19ecdeca1,0.0,0.0
405,2023-02-01 11:29:15.182,/benchmark2,0.0,cpu,1,247a763202a08dc5a5a5463576bbb4b19ecdeca1,0.0,0.0
406,2023-02-01 11:29:15.182,/benchmark1,0.0,cpu,1,247a763202a08dc5a5a5463576bbb4b19ecdeca1,0.0,0.0
407,2023-02-01 11:29:15.182,/benchmark4,0.0,cpu,1,247a763202a08dc5a5a5463576bbb4b19ecdeca1,0.0,0.0
408,2023-02-01 11:29:15.182,rapl,12.708770751953125,dram,0,RAPL_ENERGY_DRAM,1.0,0.0
409,2023-02-01 11:29:15.182,global,0.0,dram,0,247a763202a08dc5a5a5463576bbb4b19ecdeca1,1.0,0.0
410,2023-02-01 11:29:15.182,/benchmark3,0.0,dram,0,247a763202a08dc5a5a5463576bbb4b19ecdeca1,0.0,0.0
411,2023-02-01 11:29:15.182,/benchmark2,0.0,dram,0,247a763202a08dc5a5a5463576bbb4b19ecdeca1,0.0,0.0
412,2023-02-01 11:29:15.182,/benchmark1,0.0,dram,0,247a763202a08dc5a5a5463576bbb4b19ecdeca1,0.0,0.0
413,2023-02-01 11:29:15.182,/benchmark4,0.0,dram,0,247a763202a08dc5a5a5463576bbb4b19ecdeca1,0.0,0.0
414,2023-02-01 11:29:15.182,rapl,13.047714233398438,dram,1,RAPL_ENERGY_DRAM,1.0,0.0
415,2023-02-01 11:29:15.182,global,0.0,dram,1,247a763202a08dc5a5a5463576bbb4b19ecdeca1,1.0,0.0
416,2023-02-01 11:29:15.182,/benchmark3,0.0,dram,1,247a763202a08dc5a5a5463576bbb4b19ecdeca1,0.0,0.0
417,2023-02-01 11:29:15.182,/benchmark2,0.0,dram,1,247a763202a08dc5a5a5463576bbb4b19ecdeca1,0.0,0.0
418,2023-02-01 11:29:15.182,/benchmark1,0.0,dram,1,247a763202a08dc5a5a5463576bbb4b19ecdeca1,0.0,0.0
419,2023-02-01 11:29:15.182,/benchmark4,0.0,dram,1,247a763202a08dc5a5a5463576bbb4b19ecdeca1,0.0,0.0
420,2023-02-01 11:29:16.182,rapl,70.69036865234375,cpu,0,RAPL_ENERGY_PKG,1.0,0.0
421,2023-02-01 11:29:16.182,global,0.0,cpu,0,247a763202a08dc5a5a5463576bbb4b19ecdeca1,1.0,0.0
422,2023-02-01 11:29:16.182,/benchmark1,0.0,cpu,0,247a763202a08dc5a5a5463576bbb4b19ecdeca1,0.0,0.0
423,2023-02-01 11:29:16.182,/benchmark3,0.0,cpu,0,247a763202a08dc5a5a5463576bbb4b19ecdeca1,0.0,0.0
424,2023-02-01 11:29:16.182,/benchmark2,0.0,cpu,0,247a763202a08dc5a5a5463576bbb4b19ecdeca1,0.0,0.0
425,2023-02-01 11:29:16.182,/benchmark4,0.0,cpu,0,247a763202a08dc5a5a5463576bbb4b19ecdeca1,0.0,0.0
426,2023-02-01 11:29:16.182,rapl,69.35540771484375,cpu,1,RAPL_ENERGY_PKG,1.0,0.0
427,2023-02-01 11:29:16.182,global,0.0,cpu,1,247a763202a08dc5a5a5463576bbb4b19ecdeca1,1.0,0.0
428,2023-02-01 11:29:16.182,/benchmark1,0.0,cpu,1,247a763202a08dc5a5a5463576bbb4b19ecdeca1,0.0,0.0
429,2023-02-01 11:29:16.182,/benchmark3,0.0,cpu,1,247a763202a08dc5a5a5463576bbb4b19ecdeca1,0.0,0.0
430,2023-02-01 11:29:16.182,/benchmark2,0.0,cpu,1,247a763202a08dc5a5a5463576bbb4b19ecdeca1,0.0,0.0
431,2023-02-01 11:29:16.182,/benchmark4,0.0,cpu,1,247a763202a08dc5a5a5463576bbb4b19ecdeca1,0.0,0.0
432,2023-02-01 11:29:16.182,rapl,12.641403198242188,dram,0,RAPL_ENERGY_DRAM,1.0,0.0
433,2023-02-01 11:29:16.182,global,0.0,dram,0,247a763202a08dc5a5a5463576bbb4b19ecdeca1,1.0,0.0
434,2023-02-01 11:29:16.182,/benchmark1,0.0,dram,0,247a763202a08dc5a5a5463576bbb4b19ecdeca1,0.0,0.0
435,2023-02-01 11:29:16.182,/benchmark3,0.0,dram,0,247a763202a08dc5a5a5463576bbb4b19ecdeca1,0.0,0.0
436,2023-02-01 11:29:16.182,/benchmark2,0.0,dram,0,247a763202a08dc5a5a5463576bbb4b19ecdeca1,0.0,0.0
437,2023-02-01 11:29:16.182,/benchmark4,0.0,dram,0,247a763202a08dc5a5a5463576bbb4b19ecdeca1,0.0,0.0
438,2023-02-01 11:29:16.182,rapl,13.006729125976562,dram,1,RAPL_ENERGY_DRAM,1.0,0.0
439,2023-02-01 11:29:16.182,global,0.0,dram,1,247a763202a08dc5a5a5463576bbb4b19ecdeca1,1.0,0.0
440,2023-02-01 11:29:16.182,/benchmark1,0.0,dram,1,247a763202a08dc5a5a5463576bbb4b19ecdeca1,0.0,0.0
441,2023-02-01 11:29:16.182,/benchmark3,0.0,dram,1,247a763202a08dc5a5a5463576bbb4b19ecdeca1,0.0,0.0
442,2023-02-01 11:29:16.182,/benchmark2,0.0,dram,1,247a763202a08dc5a5a5463576bbb4b19ecdeca1,0.0,0.0
443,2023-02-01 11:29:16.182,/benchmark4,0.0,dram,1,247a763202a08dc5a5a5463576bbb4b19ecdeca1,0.0,0.0
444,2023-02-01 11:29:17.182,rapl,70.6702880859375,cpu,0,RAPL_ENERGY_PKG,1.0,0.0
445,2023-02-01 11:29:17.182,global,0.0,cpu,0,247a763202a08dc5a5a5463576bbb4b19ecdeca1,1.0,0.0
446,2023-02-01 11:29:17.182,/benchmark1,0.0,cpu,0,247a763202a08dc5a5a5463576bbb4b19ecdeca1,0.0,0.0
447,2023-02-01 11:29:17.182,/benchmark3,0.0,cpu,0,247a763202a08dc5a5a5463576bbb4b19ecdeca1,0.0,0.0
448,2023-02-01 11:29:17.182,/benchmark2,0.0,cpu,0,247a763202a08dc5a5a5463576bbb4b19ecdeca1,0.0,0.0
449,2023-02-01 11:29:17.182,/benchmark4,0.0,cpu,0,247a763202a08dc5a5a5463576bbb4b19ecdeca1,0.0,0.0
450,2023-02-01 11:29:17.182,rapl,69.323974609375,cpu,1,RAPL_ENERGY_PKG,1.0,0.0
451,2023-02-01 11:29:17.182,global,0.0,cpu,1,247a763202a08dc5a5a5463576bbb4b19ecdeca1,1.0,0.0
452,2023-02-01 11:29:17.182,/benchmark1,0.0,cpu,1,247a763202a08dc5a5a5463576bbb4b19ecdeca1,0.0,0.0
453,2023-02-01 11:29:17.182,/benchmark3,0.0,cpu,1,247a763202a08dc5a5a5463576bbb4b19ecdeca1,0.0,0.0
454,2023-02-01 11:29:17.182,/benchmark2,0.0,cpu,1,247a763202a08dc5a5a5463576bbb4b19ecdeca1,0.0,0.0
455,2023-02-01 11:29:17.182,/benchmark4,0.0,cpu,1,247a763202a08dc5a5a5463576bbb4b19ecdeca1,0.0,0.0
456,2023-02-01 11:29:17.182,rapl,12.647933959960938,dram,0,RAPL_ENERGY_DRAM,1.0,0.0
457,2023-02-01 11:29:17.182,global,0.0,dram,0,247a763202a08dc5a5a5463576bbb4b19ecdeca1,1.0,0.0
458,2023-02-01 11:29:17.182,/benchmark1,0.0,dram,0,247a763202a08dc5a5a5463576bbb4b19ecdeca1,0.0,0.0
459,2023-02-01 11:29:17.182,/benchmark3,0.0,dram,0,247a763202a08dc5a5a5463576bbb4b19ecdeca1,0.0,0.0
460,2023-02-01 11:29:17.182,/benchmark2,0.0,dram,0,247a763202a08dc5a5a5463576bbb4b19ecdeca1,0.0,0.0
461,2023-02-01 11:29:17.182,/benchmark4,0.0,dram,0,247a763202a08dc5a5a5463576bbb4b19ecdeca1,0.0,0.0
462,2023-02-01 11:29:17.182,rapl,13.048614501953125,dram,1,RAPL_ENERGY_DRAM,1.0,0.0
463,2023-02-01 11:29:17.182,global,0.0,dram,1,247a763202a08dc5a5a5463576bbb4b19ecdeca1,1.0,0.0
464,2023-02-01 11:29:17.182,/benchmark1,0.0,dram,1,247a763202a08dc5a5a5463576bbb4b19ecdeca1,0.0,0.0
465,2023-02-01 11:29:17.182,/benchmark3,0.0,dram,1,247a763202a08dc5a5a5463576bbb4b19ecdeca1,0.0,0.0
466,2023-02-01 11:29:17.182,/benchmark2,0.0,dram,1,247a763202a08dc5a5a5463576bbb4b19ecdeca1,0.0,0.0
467,2023-02-01 11:29:17.182,/benchmark4,0.0,dram,1,247a763202a08dc5a5a5463576bbb4b19ecdeca1,0.0,0.0
468,2023-02-01 11:29:18.182,rapl,70.7392578125,cpu,0,RAPL_ENERGY_PKG,1.0,0.0
469,2023-02-01 11:29:18.182,global,0.0,cpu,0,247a763202a08dc5a5a5463576bbb4b19ecdeca1,1.0,0.0
470,2023-02-01 11:29:18.182,/benchmark1,0.0,cpu,0,247a763202a08dc5a5a5463576bbb4b19ecdeca1,0.0,0.0
471,2023-02-01 11:29:18.182,/benchmark3,0.0,cpu,0,247a763202a08dc5a5a5463576bbb4b19ecdeca1,0.0,0.0
472,2023-02-01 11:29:18.182,/benchmark2,0.0,cpu,0,247a763202a08dc5a5a5463576bbb4b19ecdeca1,0.0,0.0
473,2023-02-01 11:29:18.182,/benchmark4,0.0,cpu,0,247a763202a08dc5a5a5463576bbb4b19ecdeca1,0.0,0.0
474,2023-02-01 11:29:18.182,rapl,69.38226318359375,cpu,1,RAPL_ENERGY_PKG,1.0,0.0
475,2023-02-01 11:29:18.182,global,0.0,cpu,1,247a763202a08dc5a5a5463576bbb4b19ecdeca1,1.0,0.0
476,2023-02-01 11:29:18.182,/benchmark1,0.0,cpu,1,247a763202a08dc5a5a5463576bbb4b19ecdeca1,0.0,0.0
477,2023-02-01 11:29:18.182,/benchmark3,0.0,cpu,1,247a763202a08dc5a5a5463576bbb4b19ecdeca1,0.0,0.0
478,2023-02-01 11:29:18.182,/benchmark2,0.0,cpu,1,247a763202a08dc5a5a5463576bbb4b19ecdeca1,0.0,0.0
479,2023-02-01 11:29:18.182,/benchmark4,0.0,cpu,1,247a763202a08dc5a5a5463576bbb4b19ecdeca1,0.0,0.0
480,2023-02-01 11:29:18.182,rapl,12.700592041015625,dram,0,RAPL_ENERGY_DRAM,1.0,0.0
481,2023-02-01 11:29:18.182,global,0.0,dram,0,247a763202a08dc5a5a5463576bbb4b19ecdeca1,1.0,0.0
482,2023-02-01 11:29:18.182,/benchmark1,0.0,dram,0,247a763202a08dc5a5a5463576bbb4b19ecdeca1,0.0,0.0
483,2023-02-01 11:29:18.182,/benchmark3,0.0,dram,0,247a763202a08dc5a5a5463576bbb4b19ecdeca1,0.0,0.0
484,2023-02-01 11:29:18.182,/benchmark2,0.0,dram,0,247a763202a08dc5a5a5463576bbb4b19ecdeca1,0.0,0.0
485,2023-02-01 11:29:18.182,/benchmark4,0.0,dram,0,247a763202a08dc5a5a5463576bbb4b19ecdeca1,0.0,0.0
486,2023-02-01 11:29:18.182,rapl,13.020675659179688,dram,1,RAPL_ENERGY_DRAM,1.0,0.0
487,2023-02-01 11:29:18.182,global,0.0,dram,1,247a763202a08dc5a5a5463576bbb4b19ecdeca1,1.0,0.0
488,2023-02-01 11:29:18.182,/benchmark1,0.0,dram,1,247a763202a08dc5a5a5463576bbb4b19ecdeca1,0.0,0.0
489,2023-02-01 11:29:18.182,/benchmark3,0.0,dram,1,247a763202a08dc5a5a5463576bbb4b19ecdeca1,0.0,0.0
490,2023-02-01 11:29:18.182,/benchmark2,0.0,dram,1,247a763202a08dc5a5a5463576bbb4b19ecdeca1,0.0,0.0
491,2023-02-01 11:29:18.182,/benchmark4,0.0,dram,1,247a763202a08dc5a5a5463576bbb4b19ecdeca1,0.0,0.0
492,2023-02-01 11:29:19.182,rapl,70.78472900390625,cpu,0,RAPL_ENERGY_PKG,1.0,0.0
493,2023-02-01 11:29:19.182,global,0.0,cpu,0,247a763202a08dc5a5a5463576bbb4b19ecdeca1,1.0,0.0
494,2023-02-01 11:29:19.182,/benchmark1,0.0,cpu,0,247a763202a08dc5a5a5463576bbb4b19ecdeca1,0.0,0.0
495,2023-02-01 11:29:19.182,/benchmark3,0.0,cpu,0,247a763202a08dc5a5a5463576bbb4b19ecdeca1,0.0,0.0
496,2023-02-01 11:29:19.182,/benchmark2,0.0,cpu,0,247a763202a08dc5a5a5463576bbb4b19ecdeca1,0.0,0.0
497,2023-02-01 11:29:19.182,/benchmark4,0.0,cpu,0,247a763202a08dc5a5a5463576bbb4b19ecdeca1,0.0,0.0
498,2023-02-01 11:29:19.182,rapl,69.43792724609375,cpu,1,RAPL_ENERGY_PKG,1.0,0.0
499,2023-02-01 11:29:19.182,global,0.0,cpu,1,247a763202a08dc5a5a5463576bbb4b19ecdeca1,1.0,0.0
500,2023-02-01 11:29:19.182,/benchmark1,0.0,cpu,1,247a763202a08dc5a5a5463576bbb4b19ecdeca1,0.0,0.0
501,2023-02-01 11:29:19.182,/benchmark3,0.0,cpu,1,247a763202a08dc5a5a5463576bbb4b19ecdeca1,0.0,0.0
502,2023-02-01 11:29:19.182,/benchmark2,0.0,cpu,1,247a763202a08dc5a5a5463576bbb4b19ecdeca1,0.0,0.0
503,2023-02-01 11:29:19.182,/benchmark4,0.0,cpu,1,247a763202a08dc5a5a5463576bbb4b19ecdeca1,0.0,0.0
504,2023-02-01 11:29:19.182,rapl,12.643798828125,dram,0,RAPL_ENERGY_DRAM,1.0,0.0
505,2023-02-01 11:29:19.182,global,0.0,dram,0,247a763202a08dc5a5a5463576bbb4b19ecdeca1,1.0,0.0
506,2023-02-01 11:29:19.182,/benchmark1,0.0,dram,0,247a763202a08dc5a5a5463576bbb4b19ecdeca1,0.0,0.0
507,2023-02-01 11:29:19.182,/benchmark3,0.0,dram,0,247a763202a08dc5a5a5463576bbb4b19ecdeca1,0.0,0.0
508,2023-02-01 11:29:19.182,/benchmark2,0.0,dram,0,247a763202a08dc5a5a5463576bbb4b19ecdeca1,0.0,0.0
509,2023-02-01 11:29:19.182,/benchmark4,0.0,dram,0,247a763202a08dc5a5a5463576bbb4b19ecdeca1,0.0,0.0
510,2023-02-01 11:29:19.182,rapl,13.027511596679688,dram,1,RAPL_ENERGY_DRAM,1.0,0.0
511,2023-02-01 11:29:19.182,global,0.0,dram,1,247a763202a08dc5a5a5463576bbb4b19ecdeca1,1.0,0.0
512,2023-02-01 11:29:19.182,/benchmark1,0.0,dram,1,247a763202a08dc5a5a5463576bbb4b19ecdeca1,0.0,0.0
513,2023-02-01 11:29:19.182,/benchmark3,0.0,dram,1,247a763202a08dc5a5a5463576bbb4b19ecdeca1,0.0,0.0
514,2023-02-01 11:29:19.182,/benchmark2,0.0,dram,1,247a763202a08dc5a5a5463576bbb4b19ecdeca1,0.0,0.0
515,2023-02-01 11:29:19.182,/benchmark4,0.0,dram,1,247a763202a08dc5a5a5463576bbb4b19ecdeca1,0.0,0.0
516,2023-02-01 11:29:20.183,rapl,70.83001708984375,cpu,0,RAPL_ENERGY_PKG,1.0,0.0
517,2023-02-01 11:29:20.183,global,0.0,cpu,0,247a763202a08dc5a5a5463576bbb4b19ecdeca1,1.0,0.0
518,2023-02-01 11:29:20.183,/benchmark1,0.0,cpu,0,247a763202a08dc5a5a5463576bbb4b19ecdeca1,0.0,0.0
519,2023-02-01 11:29:20.183,/benchmark3,0.0,cpu,0,247a763202a08dc5a5a5463576bbb4b19ecdeca1,0.0,0.0
520,2023-02-01 11:29:20.183,/benchmark2,0.0,cpu,0,247a763202a08dc5a5a5463576bbb4b19ecdeca1,0.0,0.0
521,2023-02-01 11:29:20.183,/benchmark4,0.0,cpu,0,247a763202a08dc5a5a5463576bbb4b19ecdeca1,0.0,0.0
522,2023-02-01 11:29:20.183,rapl,69.4747314453125,cpu,1,RAPL_ENERGY_PKG,1.0,0.0
523,2023-02-01 11:29:20.183,global,0.0,cpu,1,247a763202a08dc5a5a5463576bbb4b19ecdeca1,1.0,0.0
524,2023-02-01 11:29:20.183,/benchmark1,0.0,cpu,1,247a763202a08dc5a5a5463576bbb4b19ecdeca1,0.0,0.0
525,2023-02-01 11:29:20.183,/benchmark3,0.0,cpu,1,247a763202a08dc5a5a5463576bbb4b19ecdeca1,0.0,0.0
526,2023-02-01 11:29:20.183,/benchmark2,0.0,cpu,1,247a763202a08dc5a5a5463576bbb4b19ecdeca1,0.0,0.0
527,2023-02-01 11:29:20.183,/benchmark4,0.0,cpu,1,247a763202a08dc5a5a5463576bbb4b19ecdeca1,0.0,0.0
528,2023-02-01 11:29:20.183,rapl,12.623626708984375,dram,0,RAPL_ENERGY_DRAM,1.0,0.0
529,2023-02-01 11:29:20.183,global,0.0,dram,0,247a763202a08dc5a5a5463576bbb4b19ecdeca1,1.0,0.0
530,2023-02-01 11:29:20.183,/benchmark1,0.0,dram,0,247a763202a08dc5a5a5463576bbb4b19ecdeca1,0.0,0.0
531,2023-02-01 11:29:20.183,/benchmark3,0.0,dram,0,247a763202a08dc5a5a5463576bbb4b19ecdeca1,0.0,0.0
532,2023-02-01 11:29:20.183,/benchmark2,0.0,dram,0,247a763202a08dc5a5a5463576bbb4b19ecdeca1,0.0,0.0
533,2023-02-01 11:29:20.183,/benchmark4,0.0,dram,0,247a763202a08dc5a5a5463576bbb4b19ecdeca1,0.0,0.0
534,2023-02-01 11:29:20.183,rapl,12.922348022460938,dram,1,RAPL_ENERGY_DRAM,1.0,0.0
535,2023-02-01 11:29:20.183,global,0.0,dram,1,247a763202a08dc5a5a5463576bbb4b19ecdeca1,1.0,0.0
536,2023-02-01 11:29:20.183,/benchmark1,0.0,dram,1,247a763202a08dc5a5a5463576bbb4b19ecdeca1,0.0,0.0
537,2023-02-01 11:29:20.183,/benchmark3,0.0,dram,1,247a763202a08dc5a5a5463576bbb4b19ecdeca1,0.0,0.0
538,2023-02-01 11:29:20.183,/benchmark2,0.0,dram,1,247a763202a08dc5a5a5463576bbb4b19ecdeca1,0.0,0.0
539,2023-02-01 11:29:20.183,/benchmark4,0.0,dram,1,247a763202a08dc5a5a5463576bbb4b19ecdeca1,0.0,0.0
540,2023-02-01 11:29:21.183,rapl,70.8055419921875,cpu,0,RAPL_ENERGY_PKG,1.0,0.0
541,2023-02-01 11:29:21.183,global,0.0,cpu,0,247a763202a08dc5a5a5463576bbb4b19ecdeca1,1.0,0.0
542,2023-02-01 11:29:21.183,/benchmark1,0.0,cpu,0,247a763202a08dc5a5a5463576bbb4b19ecdeca1,0.0,0.0
543,2023-02-01 11:29:21.183,/benchmark3,0.0,cpu,0,247a763202a08dc5a5a5463576bbb4b19ecdeca1,0.0,0.0
544,2023-02-01 11:29:21.183,/benchmark2,0.0,cpu,0,247a763202a08dc5a5a5463576bbb4b19ecdeca1,0.0,0.0
545,2023-02-01 11:29:21.183,/benchmark4,0.0,cpu,0,247a763202a08dc5a5a5463576bbb4b19ecdeca1,0.0,0.0
546,2023-02-01 11:29:21.183,rapl,69.43634033203125,cpu,1,RAPL_ENERGY_PKG,1.0,0.0
547,2023-02-01 11:29:21.183,global,0.0,cpu,1,247a763202a08dc5a5a5463576bbb4b19ecdeca1,1.0,0.0
548,2023-02-01 11:29:21.183,/benchmark1,0.0,cpu,1,247a763202a08dc5a5a5463576bbb4b19ecdeca1,0.0,0.0
549,2023-02-01 11:29:21.183,/benchmark3,0.0,cpu,1,247a763202a08dc5a5a5463576bbb4b19ecdeca1,0.0,0.0
550,2023-02-01 11:29:21.183,/benchmark2,0.0,cpu,1,247a763202a08dc5a5a5463576bbb4b19ecdeca1,0.0,0.0
551,2023-02-01 11:29:21.183,/benchmark4,0.0,cpu,1,247a763202a08dc5a5a5463576bbb4b19ecdeca1,0.0,0.0
552,2023-02-01 11:29:21.183,rapl,12.59466552734375,dram,0,RAPL_ENERGY_DRAM,1.0,0.0
553,2023-02-01 11:29:21.183,global,0.0,dram,0,247a763202a08dc5a5a5463576bbb4b19ecdeca1,1.0,0.0
554,2023-02-01 11:29:21.183,/benchmark1,0.0,dram,0,247a763202a08dc5a5a5463576bbb4b19ecdeca1,0.0,0.0
555,2023-02-01 11:29:21.183,/benchmark3,0.0,dram,0,247a763202a08dc5a5a5463576bbb4b19ecdeca1,0.0,0.0
556,2023-02-01 11:29:21.183,/benchmark2,0.0,dram,0,247a763202a08dc5a5a5463576bbb4b19ecdeca1,0.0,0.0
557,2023-02-01 11:29:21.183,/benchmark4,0.0,dram,0,247a763202a08dc5a5a5463576bbb4b19ecdeca1,0.0,0.0
558,2023-02-01 11:29:21.183,rapl,13.032089233398438,dram,1,RAPL_ENERGY_DRAM,1.0,0.0
559,2023-02-01 11:29:21.183,global,0.0,dram,1,247a763202a08dc5a5a5463576bbb4b19ecdeca1,1.0,0.0
560,2023-02-01 11:29:21.183,/benchmark1,0.0,dram,1,247a763202a08dc5a5a5463576bbb4b19ecdeca1,0.0,0.0
561,2023-02-01 11:29:21.183,/benchmark3,0.0,dram,1,247a763202a08dc5a5a5463576bbb4b19ecdeca1,0.0,0.0
562,2023-02-01 11:29:21.183,/benchmark2,0.0,dram,1,247a763202a08dc5a5a5463576bbb4b19ecdeca1,0.0,0.0
563,2023-02-01 11:29:21.183,/benchmark4,0.0,dram,1,247a763202a08dc5a5a5463576bbb4b19ecdeca1,0.0,0.0
564,2023-02-01 11:29:22.183,rapl,70.7105712890625,cpu,0,RAPL_ENERGY_PKG,1.0,0.0
565,2023-02-01 11:29:22.183,global,0.0,cpu,0,247a763202a08dc5a5a5463576bbb4b19ecdeca1,1.0,0.0
566,2023-02-01 11:29:22.183,/benchmark1,0.0,cpu,0,247a763202a08dc5a5a5463576bbb4b19ecdeca1,0.0,0.0
567,2023-02-01 11:29:22.183,/benchmark3,0.0,cpu,0,247a763202a08dc5a5a5463576bbb4b19ecdeca1,0.0,0.0
568,2023-02-01 11:29:22.183,/benchmark2,0.0,cpu,0,247a763202a08dc5a5a5463576bbb4b19ecdeca1,0.0,0.0
569,2023-02-01 11:29:22.183,/benchmark4,0.0,cpu,0,247a763202a08dc5a5a5463576bbb4b19ecdeca1,0.0,0.0
570,2023-02-01 11:29:22.183,rapl,69.4837646484375,cpu,1,RAPL_ENERGY_PKG,1.0,0.0
571,2023-02-01 11:29:22.183,global,0.0,cpu,1,247a763202a08dc5a5a5463576bbb4b19ecdeca1,1.0,0.0
572,2023-02-01 11:29:22.183,/benchmark1,0.0,cpu,1,247a763202a08dc5a5a5463576bbb4b19ecdeca1,0.0,0.0
573,2023-02-01 11:29:22.183,/benchmark3,0.0,cpu,1,247a763202a08dc5a5a5463576bbb4b19ecdeca1,0.0,0.0
574,2023-02-01 11:29:22.183,/benchmark2,0.0,cpu,1,247a763202a08dc5a5a5463576bbb4b19ecdeca1,0.0,0.0
575,2023-02-01 11:29:22.183,/benchmark4,0.0,cpu,1,247a763202a08dc5a5a5463576bbb4b19ecdeca1,0.0,0.0
576,2023-02-01 11:29:22.183,rapl,12.658477783203125,dram,0,RAPL_ENERGY_DRAM,1.0,0.0
577,2023-02-01 11:29:22.183,global,0.0,dram,0,247a763202a08dc5a5a5463576bbb4b19ecdeca1,1.0,0.0
578,2023-02-01 11:29:22.183,/benchmark1,0.0,dram,0,247a763202a08dc5a5a5463576bbb4b19ecdeca1,0.0,0.0
579,2023-02-01 11:29:22.183,/benchmark3,0.0,dram,0,247a763202a08dc5a5a5463576bbb4b19ecdeca1,0.0,0.0
580,2023-02-01 11:29:22.183,/benchmark2,0.0,dram,0,247a763202a08dc5a5a5463576bbb4b19ecdeca1,0.0,0.0
581,2023-02-01 11:29:22.183,/benchmark4,0.0,dram,0,247a763202a08dc5a5a5463576bbb4b19ecdeca1,0.0,0.0
582,2023-02-01 11:29:22.183,rapl,13.006103515625,dram,1,RAPL_ENERGY_DRAM,1.0,0.0
583,2023-02-01 11:29:22.183,global,0.0,dram,1,247a763202a08dc5a5a5463576bbb4b19ecdeca1,1.0,0.0
584,2023-02-01 11:29:22.183,/benchmark1,0.0,dram,1,247a763202a08dc5a5a5463576bbb4b19ecdeca1,0.0,0.0
585,2023-02-01 11:29:22.183,/benchmark3,0.0,dram,1,247a763202a08dc5a5a5463576bbb4b19ecdeca1,0.0,0.0
586,2023-02-01 11:29:22.183,/benchmark2,0.0,dram,1,247a763202a08dc5a5a5463576bbb4b19ecdeca1,0.0,0.0
587,2023-02-01 11:29:22.183,/benchmark4,0.0,dram,1,247a763202a08dc5a5a5463576bbb4b19ecdeca1,0.0,0.0
588,2023-02-01 11:29:23.183,rapl,70.65313720703125,cpu,0,RAPL_ENERGY_PKG,1.0,0.0
589,2023-02-01 11:29:23.183,global,0.0,cpu,0,247a763202a08dc5a5a5463576bbb4b19ecdeca1,1.0,0.0
590,2023-02-01 11:29:23.183,/benchmark1,0.0,cpu,0,247a763202a08dc5a5a5463576bbb4b19ecdeca1,0.0,0.0
591,2023-02-01 11:29:23.183,/benchmark3,0.0,cpu,0,247a763202a08dc5a5a5463576bbb4b19ecdeca1,0.0,0.0
592,2023-02-01 11:29:23.183,/benchmark2,0.0,cpu,0,247a763202a08dc5a5a5463576bbb4b19ecdeca1,0.0,0.0
593,2023-02-01 11:29:23.183,/benchmark4,0.0,cpu,0,247a763202a08dc5a5a5463576bbb4b19ecdeca1,0.0,0.0
594,2023-02-01 11:29:23.183,rapl,69.5157470703125,cpu,1,RAPL_ENERGY_PKG,1.0,0.0
595,2023-02-01 11:29:23.183,global,0.0,cpu,1,247a763202a08dc5a5a5463576bbb4b19ecdeca1,1.0,0.0
596,2023-02-01 11:29:23.183,/benchmark1,0.0,cpu,1,247a763202a08dc5a5a5463576bbb4b19ecdeca1,0.0,0.0
597,2023-02-01 11:29:23.183,/benchmark3,0.0,cpu,1,247a763202a08dc5a5a5463576bbb4b19ecdeca1,0.0,0.0
598,2023-02-01 11:29:23.183,/benchmark2,0.0,cpu,1,247a763202a08dc5a5a5463576bbb4b19ecdeca1,0.0,0.0
599,2023-02-01 11:29:23.183,/benchmark4,0.0,cpu,1,247a763202a08dc5a5a5463576bbb4b19ecdeca1,0.0,0.0
600,2023-02-01 11:29:23.183,rapl,12.664505004882812,dram,0,RAPL_ENERGY_DRAM,1.0,0.0
601,2023-02-01 11:29:23.183,global,0.0,dram,0,247a763202a08dc5a5a5463576bbb4b19ecdeca1,1.0,0.0
602,2023-02-01 11:29:23.183,/benchmark1,0.0,dram,0,247a763202a08dc5a5a5463576bbb4b19ecdeca1,0.0,0.0
603,2023-02-01 11:29:23.183,/benchmark3,0.0,dram,0,247a763202a08dc5a5a5463576bbb4b19ecdeca1,0.0,0.0
604,2023-02-01 11:29:23.183,/benchmark2,0.0,dram,0,247a763202a08dc5a5a5463576bbb4b19ecdeca1,0.0,0.0
605,2023-02-01 11:29:23.183,/benchmark4,0.0,dram,0,247a763202a08dc5a5a5463576bbb4b19ecdeca1,0.0,0.0
606,2023-02-01 11:29:23.183,rapl,12.969497680664062,dram,1,RAPL_ENERGY_DRAM,1.0,0.0
607,2023-02-01 11:29:23.183,global,0.0,dram,1,247a763202a08dc5a5a5463576bbb4b19ecdeca1,1.0,0.0
608,2023-02-01 11:29:23.183,/benchmark1,0.0,dram,1,247a763202a08dc5a5a5463576bbb4b19ecdeca1,0.0,0.0
609,2023-02-01 11:29:23.183,/benchmark3,0.0,dram,1,247a763202a08dc5a5a5463576bbb4b19ecdeca1,0.0,0.0
610,2023-02-01 11:29:23.183,/benchmark2,0.0,dram,1,247a763202a08dc5a5a5463576bbb4b19ecdeca1,0.0,0.0
611,2023-02-01 11:29:23.183,/benchmark4,0.0,dram,1,247a763202a08dc5a5a5463576bbb4b19ecdeca1,0.0,0.0
612,2023-02-01 11:29:24.183,rapl,70.65753173828125,cpu,0,RAPL_ENERGY_PKG,1.0,0.0
613,2023-02-01 11:29:24.183,global,0.0,cpu,0,247a763202a08dc5a5a5463576bbb4b19ecdeca1,1.0,0.0
614,2023-02-01 11:29:24.183,/benchmark1,0.0,cpu,0,247a763202a08dc5a5a5463576bbb4b19ecdeca1,0.0,0.0
615,2023-02-01 11:29:24.183,/benchmark3,0.0,cpu,0,247a763202a08dc5a5a5463576bbb4b19ecdeca1,0.0,0.0
616,2023-02-01 11:29:24.183,/benchmark2,0.0,cpu,0,247a763202a08dc5a5a5463576bbb4b19ecdeca1,0.0,0.0
617,2023-02-01 11:29:24.183,/benchmark4,0.0,cpu,0,247a763202a08dc5a5a5463576bbb4b19ecdeca1,0.0,0.0
618,2023-02-01 11:29:24.183,rapl,69.580078125,cpu,1,RAPL_ENERGY_PKG,1.0,0.0
619,2023-02-01 11:29:24.183,global,0.0,cpu,1,247a763202a08dc5a5a5463576bbb4b19ecdeca1,1.0,0.0
620,2023-02-01 11:29:24.183,/benchmark1,0.0,cpu,1,247a763202a08dc5a5a5463576bbb4b19ecdeca1,0.0,0.0
621,2023-02-01 11:29:24.183,/benchmark3,0.0,cpu,1,247a763202a08dc5a5a5463576bbb4b19ecdeca1,0.0,0.0
622,2023-02-01 11:29:24.183,/benchmark2,0.0,cpu,1,247a763202a08dc5a5a5463576bbb4b19ecdeca1,0.0,0.0
623,2023-02-01 11:29:24.183,/benchmark4,0.0,cpu,1,247a763202a08dc5a5a5463576bbb4b19ecdeca1,0.0,0.0
624,2023-02-01 11:29:24.183,rapl,12.727798461914062,dram,0,RAPL_ENERGY_DRAM,1.0,0.0
625,2023-02-01 11:29:24.183,global,0.0,dram,0,247a763202a08dc5a5a5463576bbb4b19ecdeca1,1.0,0.0
626,2023-02-01 11:29:24.183,/benchmark1,0.0,dram,0,247a763202a08dc5a5a5463576bbb4b19ecdeca1,0.0,0.0
627,2023-02-01 11:29:24.183,/benchmark3,0.0,dram,0,247a763202a08dc5a5a5463576bbb4b19ecdeca1,0.0,0.0
628,2023-02-01 11:29:24.183,/benchmark2,0.0,dram,0,247a763202a08dc5a5a5463576bbb4b19ecdeca1,0.0,0.0
629,2023-02-01 11:29:24.183,/benchmark4,0.0,dram,0,247a763202a08dc5a5a5463576bbb4b19ecdeca1,0.0,0.0
630,2023-02-01 11:29:24.183,rapl,13.004348754882812,dram,1,RAPL_ENERGY_DRAM,1.0,0.0
631,2023-02-01 11:29:24.183,global,0.0,dram,1,247a763202a08dc5a5a5463576bbb4b19ecdeca1,1.0,0.0
632,2023-02-01 11:29:24.183,/benchmark1,0.0,dram,1,247a763202a08dc5a5a5463576bbb4b19ecdeca1,0.0,0.0
633,2023-02-01 11:29:24.183,/benchmark3,0.0,dram,1,247a763202a08dc5a5a5463576bbb4b19ecdeca1,0.0,0.0
634,2023-02-01 11:29:24.183,/benchmark2,0.0,dram,1,247a763202a08dc5a5a5463576bbb4b19ecdeca1,0.0,0.0
635,2023-02-01 11:29:24.183,/benchmark4,0.0,dram,1,247a763202a08dc5a5a5463576bbb4b19ecdeca1,0.0,0.0
636,2023-02-01 11:29:25.184,rapl,70.49639892578125,cpu,0,RAPL_ENERGY_PKG,1.0,0.0
637,2023-02-01 11:29:25.184,global,0.0,cpu,0,247a763202a08dc5a5a5463576bbb4b19ecdeca1,1.0,0.0
638,2023-02-01 11:29:25.184,/benchmark1,0.0,cpu,0,247a763202a08dc5a5a5463576bbb4b19ecdeca1,0.0,0.0
639,2023-02-01 11:29:25.184,/benchmark3,0.0,cpu,0,247a763202a08dc5a5a5463576bbb4b19ecdeca1,0.0,0.0
640,2023-02-01 11:29:25.184,/benchmark2,0.0,cpu,0,247a763202a08dc5a5a5463576bbb4b19ecdeca1,0.0,0.0
641,2023-02-01 11:29:25.184,/benchmark4,0.0,cpu,0,247a763202a08dc5a5a5463576bbb4b19ecdeca1,0.0,0.0
642,2023-02-01 11:29:25.184,rapl,69.56689453125,cpu,1,RAPL_ENERGY_PKG,1.0,0.0
643,2023-02-01 11:29:25.184,global,0.0,cpu,1,247a763202a08dc5a5a5463576bbb4b19ecdeca1,1.0,0.0
644,2023-02-01 11:29:25.184,/benchmark1,0.0,cpu,1,247a763202a08dc5a5a5463576bbb4b19ecdeca1,0.0,0.0
645,2023-02-01 11:29:25.184,/benchmark3,0.0,cpu,1,247a763202a08dc5a5a5463576bbb4b19ecdeca1,0.0,0.0
646,2023-02-01 11:29:25.184,/benchmark2,0.0,cpu,1,247a763202a08dc5a5a5463576bbb4b19ecdeca1,0.0,0.0
647,2023-02-01 11:29:25.184,/benchmark4,0.0,cpu,1,247a763202a08dc5a5a5463576bbb4b19ecdeca1,0.0,0.0
648,2023-02-01 11:29:25.184,rapl,12.632537841796875,dram,0,RAPL_ENERGY_DRAM,1.0,0.0
649,2023-02-01 11:29:25.184,global,0.0,dram,0,247a763202a08dc5a5a5463576bbb4b19ecdeca1,1.0,0.0
650,2023-02-01 11:29:25.184,/benchmark1,0.0,dram,0,247a763202a08dc5a5a5463576bbb4b19ecdeca1,0.0,0.0
651,2023-02-01 11:29:25.184,/benchmark3,0.0,dram,0,247a763202a08dc5a5a5463576bbb4b19ecdeca1,0.0,0.0
652,2023-02-01 11:29:25.184,/benchmark2,0.0,dram,0,247a763202a08dc5a5a5463576bbb4b19ecdeca1,0.0,0.0
653,2023-02-01 11:29:25.184,/benchmark4,0.0,dram,0,247a763202a08dc5a5a5463576bbb4b19ecdeca1,0.0,0.0
654,2023-02-01 11:29:25.184,rapl,12.97357177734375,dram,1,RAPL_ENERGY_DRAM,1.0,0.0
655,2023-02-01 11:29:25.184,global,0.0,dram,1,247a763202a08dc5a5a5463576bbb4b19ecdeca1,1.0,0.0
656,2023-02-01 11:29:25.184,/benchmark1,0.0,dram,1,247a763202a08dc5a5a5463576bbb4b19ecdeca1,0.0,0.0
657,2023-02-01 11:29:25.184,/benchmark3,0.0,dram,1,247a763202a08dc5a5a5463576bbb4b19ecdeca1,0.0,0.0
658,2023-02-01 11:29:25.184,/benchmark2,0.0,dram,1,247a763202a08dc5a5a5463576bbb4b19ecdeca1,0.0,0.0
659,2023-02-01 11:29:25.184,/benchmark4,0.0,dram,1,247a763202a08dc5a5a5463576bbb4b19ecdeca1,0.0,0.0
660,2023-02-01 11:29:26.184,rapl,70.55572509765625,cpu,0,RAPL_ENERGY_PKG,1.0,0.0
661,2023-02-01 11:29:26.184,global,0.0,cpu,0,247a763202a08dc5a5a5463576bbb4b19ecdeca1,1.0,0.0
662,2023-02-01 11:29:26.184,/benchmark1,0.0,cpu,0,247a763202a08dc5a5a5463576bbb4b19ecdeca1,0.0,0.0
663,2023-02-01 11:29:26.184,/benchmark3,0.0,cpu,0,247a763202a08dc5a5a5463576bbb4b19ecdeca1,0.0,0.0
664,2023-02-01 11:29:26.184,/benchmark2,0.0,cpu,0,247a763202a08dc5a5a5463576bbb4b19ecdeca1,0.0,0.0
665,2023-02-01 11:29:26.184,/benchmark4,0.0,cpu,0,247a763202a08dc5a5a5463576bbb4b19ecdeca1,0.0,0.0
666,2023-02-01 11:29:26.184,rapl,69.55072021484375,cpu,1,RAPL_ENERGY_PKG,1.0,0.0
667,2023-02-01 11:29:26.184,global,0.0,cpu,1,247a763202a08dc5a5a5463576bbb4b19ecdeca1,1.0,0.0
668,2023-02-01 11:29:26.184,/benchmark1,0.0,cpu,1,247a763202a08dc5a5a5463576bbb4b19ecdeca1,0.0,0.0
669,2023-02-01 11:29:26.184,/benchmark3,0.0,cpu,1,247a763202a08dc5a5a5463576bbb4b19ecdeca1,0.0,0.0
670,2023-02-01 11:29:26.184,/benchmark2,0.0,cpu,1,247a763202a08dc5a5a5463576bbb4b19ecdeca1,0.0,0.0
671,2023-02-01 11:29:26.184,/benchmark4,0.0,cpu,1,247a763202a08dc5a5a5463576bbb4b19ecdeca1,0.0,0.0
672,2023-02-01 11:29:26.184,rapl,12.680679321289062,dram,0,RAPL_ENERGY_DRAM,1.0,0.0
673,2023-02-01 11:29:26.184,global,0.0,dram,0,247a763202a08dc5a5a5463576bbb4b19ecdeca1,1.0,0.0
674,2023-02-01 11:29:26.184,/benchmark1,0.0,dram,0,247a763202a08dc5a5a5463576bbb4b19ecdeca1,0.0,0.0
675,2023-02-01 11:29:26.184,/benchmark3,0.0,dram,0,247a763202a08dc5a5a5463576bbb4b19ecdeca1,0.0,0.0
676,2023-02-01 11:29:26.184,/benchmark2,0.0,dram,0,247a763202a08dc5a5a5463576bbb4b19ecdeca1,0.0,0.0
677,2023-02-01 11:29:26.184,/benchmark4,0.0,dram,0,247a763202a08dc5a5a5463576bbb4b19ecdeca1,0.0,0.0
678,2023-02-01 11:29:26.184,rapl,12.941925048828125,dram,1,RAPL_ENERGY_DRAM,1.0,0.0
679,2023-02-01 11:29:26.184,global,0.0,dram,1,247a763202a08dc5a5a5463576bbb4b19ecdeca1,1.0,0.0
680,2023-02-01 11:29:26.184,/benchmark1,0.0,dram,1,247a763202a08dc5a5a5463576bbb4b19ecdeca1,0.0,0.0
681,2023-02-01 11:29:26.184,/benchmark3,0.0,dram,1,247a763202a08dc5a5a5463576bbb4b19ecdeca1,0.0,0.0
682,2023-02-01 11:29:26.184,/benchmark2,0.0,dram,1,247a763202a08dc5a5a5463576bbb4b19ecdeca1,0.0,0.0
683,2023-02-01 11:29:26.184,/benchmark4,0.0,dram,1,247a763202a08dc5a5a5463576bbb4b19ecdeca1,0.0,0.0
684,2023-02-01 11:29:27.184,rapl,70.60638427734375,cpu,0,RAPL_ENERGY_PKG,1.0,0.0
685,2023-02-01 11:29:27.184,global,0.0,cpu,0,247a763202a08dc5a5a5463576bbb4b19ecdeca1,1.0,0.0
686,2023-02-01 11:29:27.184,/benchmark1,0.0,cpu,0,247a763202a08dc5a5a5463576bbb4b19ecdeca1,0.0,0.0
687,2023-02-01 11:29:27.184,/benchmark3,0.0,cpu,0,247a763202a08dc5a5a5463576bbb4b19ecdeca1,0.0,0.0
688,2023-02-01 11:29:27.184,/benchmark2,0.0,cpu,0,247a763202a08dc5a5a5463576bbb4b19ecdeca1,0.0,0.0
689,2023-02-01 11:29:27.184,/benchmark4,0.0,cpu,0,247a763202a08dc5a5a5463576bbb4b19ecdeca1,0.0,0.0
690,2023-02-01 11:29:27.184,rapl,69.6719970703125,cpu,1,RAPL_ENERGY_PKG,1.0,0.0
691,2023-02-01 11:29:27.184,global,0.0,cpu,1,247a763202a08dc5a5a5463576bbb4b19ecdeca1,1.0,0.0
692,2023-02-01 11:29:27.184,/benchmark1,0.0,cpu,1,247a763202a08dc5a5a5463576bbb4b19ecdeca1,0.0,0.0
693,2023-02-01 11:29:27.184,/benchmark3,0.0,cpu,1,247a763202a08dc5a5a5463576bbb4b19ecdeca1,0.0,0.0
694,2023-02-01 11:29:27.184,/benchmark2,0.0,cpu,1,247a763202a08dc5a5a5463576bbb4b19ecdeca1,0.0,0.0
695,2023-02-01 11:29:27.184,/benchmark4,0.0,cpu,1,247a763202a08dc5a5a5463576bbb4b19ecdeca1,0.0,0.0
696,2023-02-01 11:29:27.184,rapl,12.609664916992188,dram,0,RAPL_ENERGY_DRAM,1.0,0.0
697,2023-02-01 11:29:27.184,global,0.0,dram,0,247a763202a08dc5a5a5463576bbb4b19ecdeca1,1.0,0.0
698,2023-02-01 11:29:27.184,/benchmark1,0.0,dram,0,247a763202a08dc5a5a5463576bbb4b19ecdeca1,0.0,0.0
699,2023-02-01 11:29:27.184,/benchmark3,0.0,dram,0,247a763202a08dc5a5a5463576bbb4b19ecdeca1,0.0,0.0
700,2023-02-01 11:29:27.184,/benchmark2,0.0,dram,0,247a763202a08dc5a5a5463576bbb4b19ecdeca1,0.0,0.0
701,2023-02-01 11:29:27.184,/benchmark4,0.0,dram,0,247a763202a08dc5a5a5463576bbb4b19ecdeca1,0.0,0.0
702,2023-02-01 11:29:27.184,rapl,12.995437622070312,dram,1,RAPL_ENERGY_DRAM,1.0,0.0
703,2023-02-01 11:29:27.184,global,0.0,dram,1,247a763202a08dc5a5a5463576bbb4b19ecdeca1,1.0,0.0
704,2023-02-01 11:29:27.184,/benchmark1,0.0,dram,1,247a763202a08dc5a5a5463576bbb4b19ecdeca1,0.0,0.0
705,2023-02-01 11:29:27.184,/benchmark3,0.0,dram,1,247a763202a08dc5a5a5463576bbb4b19ecdeca1,0.0,0.0
706,2023-02-01 11:29:27.184,/benchmark2,0.0,dram,1,247a763202a08dc5a5a5463576bbb4b19ecdeca1,0.0,0.0
707,2023-02-01 11:29:27.184,/benchmark4,0.0,dram,1,247a763202a08dc5a5a5463576bbb4b19ecdeca1,0.0,0.0
708,2023-02-01 11:29:28.184,rapl,70.32733154296875,cpu,0,RAPL_ENERGY_PKG,1.0,0.0
709,2023-02-01 11:29:28.184,global,0.0,cpu,0,247a763202a08dc5a5a5463576bbb4b19ecdeca1,1.0,0.0
710,2023-02-01 11:29:28.184,/benchmark1,0.0,cpu,0,247a763202a08dc5a5a5463576bbb4b19ecdeca1,0.0,0.0
711,2023-02-01 11:29:28.184,/benchmark3,0.0,cpu,0,247a763202a08dc5a5a5463576bbb4b19ecdeca1,0.0,0.0
712,2023-02-01 11:29:28.184,/benchmark2,0.0,cpu,0,247a763202a08dc5a5a5463576bbb4b19ecdeca1,0.0,0.0
713,2023-02-01 11:29:28.184,/benchmark4,0.0,cpu,0,247a763202a08dc5a5a5463576bbb4b19ecdeca1,0.0,0.0
714,2023-02-01 11:29:28.184,rapl,69.68145751953125,cpu,1,RAPL_ENERGY_PKG,1.0,0.0
715,2023-02-01 11:29:28.184,global,0.0,cpu,1,247a763202a08dc5a5a5463576bbb4b19ecdeca1,1.0,0.0
716,2023-02-01 11:29:28.184,/benchmark1,0.0,cpu,1,247a763202a08dc5a5a5463576bbb4b19ecdeca1,0.0,0.0
717,2023-02-01 11:29:28.184,/benchmark3,0.0,cpu,1,247a763202a08dc5a5a5463576bbb4b19ecdeca1,0.0,0.0
718,2023-02-01 11:29:28.184,/benchmark2,0.0,cpu,1,247a763202a08dc5a5a5463576bbb4b19ecdeca1,0.0,0.0
719,2023-02-01 11:29:28.184,/benchmark4,0.0,cpu,1,247a763202a08dc5a5a5463576bbb4b19ecdeca1,0.0,0.0
720,2023-02-01 11:29:28.184,rapl,12.7132568359375,dram,0,RAPL_ENERGY_DRAM,1.0,0.0
721,2023-02-01 11:29:28.184,global,0.0,dram,0,247a763202a08dc5a5a5463576bbb4b19ecdeca1,1.0,0.0
722,2023-02-01 11:29:28.184,/benchmark1,0.0,dram,0,247a763202a08dc5a5a5463576bbb4b19ecdeca1,0.0,0.0
723,2023-02-01 11:29:28.184,/benchmark3,0.0,dram,0,247a763202a08dc5a5a5463576bbb4b19ecdeca1,0.0,0.0
724,2023-02-01 11:29:28.184,/benchmark2,0.0,dram,0,247a763202a08dc5a5a5463576bbb4b19ecdeca1,0.0,0.0
725,2023-02-01 11:29:28.184,/benchmark4,0.0,dram,0,247a763202a08dc5a5a5463576bbb4b19ecdeca1,0.0,0.0
726,2023-02-01 11:29:28.184,rapl,13.0172119140625,dram,1,RAPL_ENERGY_DRAM,1.0,0.0
727,2023-02-01 11:29:28.184,global,0.0,dram,1,247a763202a08dc5a5a5463576bbb4b19ecdeca1,1.0,0.0
728,2023-02-01 11:29:28.184,/benchmark1,0.0,dram,1,247a763202a08dc5a5a5463576bbb4b19ecdeca1,0.0,0.0
729,2023-02-01 11:29:28.184,/benchmark3,0.0,dram,1,247a763202a08dc5a5a5463576bbb4b19ecdeca1,0.0,0.0
730,2023-02-01 11:29:28.184,/benchmark2,0.0,dram,1,247a763202a08dc5a5a5463576bbb4b19ecdeca1,0.0,0.0
731,2023-02-01 11:29:28.184,/benchmark4,0.0,dram,1,247a763202a08dc5a5a5463576bbb4b19ecdeca1,0.0,0.0
732,2023-02-01 11:29:29.184,rapl,70.29339599609375,cpu,0,RAPL_ENERGY_PKG,1.0,0.0
733,2023-02-01 11:29:29.184,global,0.0,cpu,0,247a763202a08dc5a5a5463576bbb4b19ecdeca1,1.0,0.0
734,2023-02-01 11:29:29.184,/benchmark1,0.0,cpu,0,247a763202a08dc5a5a5463576bbb4b19ecdeca1,0.0,0.0
735,2023-02-01 11:29:29.184,/benchmark4,0.0,cpu,0,247a763202a08dc5a5a5463576bbb4b19ecdeca1,0.0,0.0
736,2023-02-01 11:29:29.184,/benchmark2,0.0,cpu,0,247a763202a08dc5a5a5463576bbb4b19ecdeca1,0.0,0.0
737,2023-02-01 11:29:29.184,/benchmark3,0.0,cpu,0,247a763202a08dc5a5a5463576bbb4b19ecdeca1,0.0,0.0
738,2023-02-01 11:29:29.184,rapl,69.60235595703125,cpu,1,RAPL_ENERGY_PKG,1.0,0.0
739,2023-02-01 11:29:29.184,global,0.0,cpu,1,247a763202a08dc5a5a5463576bbb4b19ecdeca1,1.0,0.0
740,2023-02-01 11:29:29.184,/benchmark1,0.0,cpu,1,247a763202a08dc5a5a5463576bbb4b19ecdeca1,0.0,0.0
741,2023-02-01 11:29:29.184,/benchmark4,0.0,cpu,1,247a763202a08dc5a5a5463576bbb4b19ecdeca1,0.0,0.0
742,2023-02-01 11:29:29.184,/benchmark2,0.0,cpu,1,247a763202a08dc5a5a5463576bbb4b19ecdeca1,0.0,0.0
743,2023-02-01 11:29:29.184,/benchmark3,0.0,cpu,1,247a763202a08dc5a5a5463576bbb4b19ecdeca1,0.0,0.0
744,2023-02-01 11:29:29.184,rapl,12.621871948242188,dram,0,RAPL_ENERGY_DRAM,1.0,0.0
745,2023-02-01 11:29:29.184,global,0.0,dram,0,247a763202a08dc5a5a5463576bbb4b19ecdeca1,1.0,0.0
746,2023-02-01 11:29:29.184,/benchmark1,0.0,dram,0,247a763202a08dc5a5a5463576bbb4b19ecdeca1,0.0,0.0
747,2023-02-01 11:29:29.184,/benchmark4,0.0,dram,0,247a763202a08dc5a5a5463576bbb4b19ecdeca1,0.0,0.0
748,2023-02-01 11:29:29.184,/benchmark2,0.0,dram,0,247a763202a08dc5a5a5463576bbb4b19ecdeca1,0.0,0.0
749,2023-02-01 11:29:29.184,/benchmark3,0.0,dram,0,247a763202a08dc5a5a5463576bbb4b19ecdeca1,0.0,0.0
750,2023-02-01 11:29:29.184,rapl,12.947647094726562,dram,1,RAPL_ENERGY_DRAM,1.0,0.0
751,2023-02-01 11:29:29.184,global,0.0,dram,1,247a763202a08dc5a5a5463576bbb4b19ecdeca1,1.0,0.0
752,2023-02-01 11:29:29.184,/benchmark1,0.0,dram,1,247a763202a08dc5a5a5463576bbb4b19ecdeca1,0.0,0.0
753,2023-02-01 11:29:29.184,/benchmark4,0.0,dram,1,247a763202a08dc5a5a5463576bbb4b19ecdeca1,0.0,0.0
754,2023-02-01 11:29:29.184,/benchmark2,0.0,dram,1,247a763202a08dc5a5a5463576bbb4b19ecdeca1,0.0,0.0
755,2023-02-01 11:29:29.184,/benchmark3,0.0,dram,1,247a763202a08dc5a5a5463576bbb4b19ecdeca1,0.0,0.0
756,2023-02-01 11:29:30.185,rapl,70.24261474609375,cpu,0,RAPL_ENERGY_PKG,1.0,0.0
757,2023-02-01 11:29:30.185,global,0.0,cpu,0,247a763202a08dc5a5a5463576bbb4b19ecdeca1,1.0,0.0
758,2023-02-01 11:29:30.185,/benchmark1,0.0,cpu,0,247a763202a08dc5a5a5463576bbb4b19ecdeca1,0.0,0.0
759,2023-02-01 11:29:30.185,/benchmark4,0.0,cpu,0,247a763202a08dc5a5a5463576bbb4b19ecdeca1,0.0,0.0
760,2023-02-01 11:29:30.185,/benchmark3,0.0,cpu,0,247a763202a08dc5a5a5463576bbb4b19ecdeca1,0.0,0.0
761,2023-02-01 11:29:30.185,/benchmark2,0.0,cpu,0,247a763202a08dc5a5a5463576bbb4b19ecdeca1,0.0,0.0
762,2023-02-01 11:29:30.185,rapl,69.59637451171875,cpu,1,RAPL_ENERGY_PKG,1.0,0.0
763,2023-02-01 11:29:30.185,global,0.0,cpu,1,247a763202a08dc5a5a5463576bbb4b19ecdeca1,1.0,0.0
764,2023-02-01 11:29:30.185,/benchmark1,0.0,cpu,1,247a763202a08dc5a5a5463576bbb4b19ecdeca1,0.0,0.0
765,2023-02-01 11:29:30.185,/benchmark4,0.0,cpu,1,247a763202a08dc5a5a5463576bbb4b19ecdeca1,0.0,0.0
766,2023-02-01 11:29:30.185,/benchmark3,0.0,cpu,1,247a763202a08dc5a5a5463576bbb4b19ecdeca1,0.0,0.0
767,2023-02-01 11:29:30.185,/benchmark2,0.0,cpu,1,247a763202a08dc5a5a5463576bbb4b19ecdeca1,0.0,0.0
768,2023-02-01 11:29:30.185,rapl,12.645538330078125,dram,0,RAPL_ENERGY_DRAM,1.0,0.0
769,2023-02-01 11:29:30.185,global,0.0,dram,0,247a763202a08dc5a5a5463576bbb4b19ecdeca1,1.0,0.0
770,2023-02-01 11:29:30.185,/benchmark1,0.0,dram,0,247a763202a08dc5a5a5463576bbb4b19ecdeca1,0.0,0.0
771,2023-02-01 11:29:30.185,/benchmark4,0.0,dram,0,247a763202a08dc5a5a5463576bbb4b19ecdeca1,0.0,0.0
772,2023-02-01 11:29:30.185,/benchmark3,0.0,dram,0,247a763202a08dc5a5a5463576bbb4b19ecdeca1,0.0,0.0
773,2023-02-01 11:29:30.185,/benchmark2,0.0,dram,0,247a763202a08dc5a5a5463576bbb4b19ecdeca1,0.0,0.0
774,2023-02-01 11:29:30.185,rapl,12.952911376953125,dram,1,RAPL_ENERGY_DRAM,1.0,0.0
775,2023-02-01 11:29:30.185,global,0.0,dram,1,247a763202a08dc5a5a5463576bbb4b19ecdeca1,1.0,0.0
776,2023-02-01 11:29:30.185,/benchmark1,0.0,dram,1,247a763202a08dc5a5a5463576bbb4b19ecdeca1,0.0,0.0
777,2023-02-01 11:29:30.185,/benchmark4,0.0,dram,1,247a763202a08dc5a5a5463576bbb4b19ecdeca1,0.0,0.0
778,2023-02-01 11:29:30.185,/benchmark3,0.0,dram,1,247a763202a08dc5a5a5463576bbb4b19ecdeca1,0.0,0.0
779,2023-02-01 11:29:30.185,/benchmark2,0.0,dram,1,247a763202a08dc5a5a5463576bbb4b19ecdeca1,0.0,0.0
780,2023-02-01 11:29:31.185,rapl,70.291015625,cpu,0,RAPL_ENERGY_PKG,1.0,0.0
781,2023-02-01 11:29:31.185,global,0.0,cpu,0,247a763202a08dc5a5a5463576bbb4b19ecdeca1,1.0,0.0
782,2023-02-01 11:29:31.185,/benchmark4,0.0,cpu,0,247a763202a08dc5a5a5463576bbb4b19ecdeca1,0.0,0.0
783,2023-02-01 11:29:31.185,/benchmark3,0.0,cpu,0,247a763202a08dc5a5a5463576bbb4b19ecdeca1,0.0,0.0
784,2023-02-01 11:29:31.185,/benchmark2,0.0,cpu,0,247a763202a08dc5a5a5463576bbb4b19ecdeca1,0.0,0.0
785,2023-02-01 11:29:31.185,/benchmark1,0.0,cpu,0,247a763202a08dc5a5a5463576bbb4b19ecdeca1,0.0,0.0
786,2023-02-01 11:29:31.185,rapl,69.61767578125,cpu,1,RAPL_ENERGY_PKG,1.0,0.0
787,2023-02-01 11:29:31.185,global,0.0,cpu,1,247a763202a08dc5a5a5463576bbb4b19ecdeca1,1.0,0.0
788,2023-02-01 11:29:31.185,/benchmark4,0.0,cpu,1,247a763202a08dc5a5a5463576bbb4b19ecdeca1,0.0,0.0
789,2023-02-01 11:29:31.185,/benchmark3,0.0,cpu,1,247a763202a08dc5a5a5463576bbb4b19ecdeca1,0.0,0.0
790,2023-02-01 11:29:31.185,/benchmark2,0.0,cpu,1,247a763202a08dc5a5a5463576bbb4b19ecdeca1,0.0,0.0
791,2023-02-01 11:29:31.185,/benchmark1,0.0,cpu,1,247a763202a08dc5a5a5463576bbb4b19ecdeca1,0.0,0.0
792,2023-02-01 11:29:31.185,rapl,12.697677612304688,dram,0,RAPL_ENERGY_DRAM,1.0,0.0
793,2023-02-01 11:29:31.185,global,0.0,dram,0,247a763202a08dc5a5a5463576bbb4b19ecdeca1,1.0,0.0
794,2023-02-01 11:29:31.185,/benchmark4,0.0,dram,0,247a763202a08dc5a5a5463576bbb4b19ecdeca1,0.0,0.0
795,2023-02-01 11:29:31.185,/benchmark3,0.0,dram,0,247a763202a08dc5a5a5463576bbb4b19ecdeca1,0.0,0.0
796,2023-02-01 11:29:31.185,/benchmark2,0.0,dram,0,247a763202a08dc5a5a5463576bbb4b19ecdeca1,0.0,0.0
797,2023-02-01 11:29:31.185,/benchmark1,0.0,dram,0,247a763202a08dc5a5a5463576bbb4b19ecdeca1,0.0,0.0
798,2023-02-01 11:29:31.185,rapl,13.078628540039062,dram,1,RAPL_ENERGY_DRAM,1.0,0.0
799,2023-02-01 11:29:31.185,global,0.0,dram,1,247a763202a08dc5a5a5463576bbb4b19ecdeca1,1.0,0.0
800,2023-02-01 11:29:31.185,/benchmark4,0.0,dram,1,247a763202a08dc5a5a5463576bbb4b19ecdeca1,0.0,0.0
801,2023-02-01 11:29:31.185,/benchmark3,0.0,dram,1,247a763202a08dc5a5a5463576bbb4b19ecdeca1,0.0,0.0
802,2023-02-01 11:29:31.185,/benchmark2,0.0,dram,1,247a763202a08dc5a5a5463576bbb4b19ecdeca1,0.0,0.0
803,2023-02-01 11:29:31.185,/benchmark1,0.0,dram,1,247a763202a08dc5a5a5463576bbb4b19ecdeca1,0.0,0.0
804,2023-02-01 11:29:32.185,rapl,70.25994873046875,cpu,0,RAPL_ENERGY_PKG,1.0,0.0
805,2023-02-01 11:29:32.185,global,0.0,cpu,0,247a763202a08dc5a5a5463576bbb4b19ecdeca1,1.0,0.0
806,2023-02-01 11:29:32.185,/benchmark1,0.0,cpu,0,247a763202a08dc5a5a5463576bbb4b19ecdeca1,0.0,0.0
807,2023-02-01 11:29:32.185,/benchmark4,0.0,cpu,0,247a763202a08dc5a5a5463576bbb4b19ecdeca1,0.0,0.0
808,2023-02-01 11:29:32.185,/benchmark3,0.0,cpu,0,247a763202a08dc5a5a5463576bbb4b19ecdeca1,0.0,0.0
809,2023-02-01 11:29:32.185,/benchmark2,0.0,cpu,0,247a763202a08dc5a5a5463576bbb4b19ecdeca1,0.0,0.0
810,2023-02-01 11:29:32.185,rapl,69.52227783203125,cpu,1,RAPL_ENERGY_PKG,1.0,0.0
811,2023-02-01 11:29:32.185,global,0.0,cpu,1,247a763202a08dc5a5a5463576bbb4b19ecdeca1,1.0,0.0
812,2023-02-01 11:29:32.185,/benchmark1,0.0,cpu,1,247a763202a08dc5a5a5463576bbb4b19ecdeca1,0.0,0.0
813,2023-02-01 11:29:32.185,/benchmark4,0.0,cpu,1,247a763202a08dc5a5a5463576bbb4b19ecdeca1,0.0,0.0
814,2023-02-01 11:29:32.185,/benchmark3,0.0,cpu,1,247a763202a08dc5a5a5463576bbb4b19ecdeca1,0.0,0.0
815,2023-02-01 11:29:32.185,/benchmark2,0.0,cpu,1,247a763202a08dc5a5a5463576bbb4b19ecdeca1,0.0,0.0
816,2023-02-01 11:29:32.185,rapl,12.6505126953125,dram,0,RAPL_ENERGY_DRAM,1.0,0.0
817,2023-02-01 11:29:32.185,global,0.0,dram,0,247a763202a08dc5a5a5463576bbb4b19ecdeca1,1.0,0.0
818,2023-02-01 11:29:32.185,/benchmark1,0.0,dram,0,247a763202a08dc5a5a5463576bbb4b19ecdeca1,0.0,0.0
819,2023-02-01 11:29:32.185,/benchmark4,0.0,dram,0,247a763202a08dc5a5a5463576bbb4b19ecdeca1,0.0,0.0
820,2023-02-01 11:29:32.185,/benchmark3,0.0,dram,0,247a763202a08dc5a5a5463576bbb4b19ecdeca1,0.0,0.0
821,2023-02-01 11:29:32.185,/benchmark2,0.0,dram,0,247a763202a08dc5a5a5463576bbb4b19ecdeca1,0.0,0.0
822,2023-02-01 11:29:32.185,rapl,13.041915893554688,dram,1,RAPL_ENERGY_DRAM,1.0,0.0
823,2023-02-01 11:29:32.185,global,0.0,dram,1,247a763202a08dc5a5a5463576bbb4b19ecdeca1,1.0,0.0
824,2023-02-01 11:29:32.185,/benchmark1,0.0,dram,1,247a763202a08dc5a5a5463576bbb4b19ecdeca1,0.0,0.0
825,2023-02-01 11:29:32.185,/benchmark4,0.0,dram,1,247a763202a08dc5a5a5463576bbb4b19ecdeca1,0.0,0.0
826,2023-02-01 11:29:32.185,/benchmark3,0.0,dram,1,247a763202a08dc5a5a5463576bbb4b19ecdeca1,0.0,0.0
827,2023-02-01 11:29:32.185,/benchmark2,0.0,dram,1,247a763202a08dc5a5a5463576bbb4b19ecdeca1,0.0,0.0
828,2023-02-01 11:29:33.185,rapl,70.32525634765625,cpu,0,RAPL_ENERGY_PKG,1.0,0.0
829,2023-02-01 11:29:33.185,global,0.0,cpu,0,247a763202a08dc5a5a5463576bbb4b19ecdeca1,1.0,0.0
830,2023-02-01 11:29:33.185,/benchmark1,0.0,cpu,0,247a763202a08dc5a5a5463576bbb4b19ecdeca1,0.0,0.0
831,2023-02-01 11:29:33.185,/benchmark4,0.0,cpu,0,247a763202a08dc5a5a5463576bbb4b19ecdeca1,0.0,0.0
832,2023-02-01 11:29:33.185,/benchmark3,0.0,cpu,0,247a763202a08dc5a5a5463576bbb4b19ecdeca1,0.0,0.0
833,2023-02-01 11:29:33.185,/benchmark2,0.0,cpu,0,247a763202a08dc5a5a5463576bbb4b19ecdeca1,0.0,0.0
834,2023-02-01 11:29:33.185,rapl,69.577392578125,cpu,1,RAPL_ENERGY_PKG,1.0,0.0
835,2023-02-01 11:29:33.185,global,0.0,cpu,1,247a763202a08dc5a5a5463576bbb4b19ecdeca1,1.0,0.0
836,2023-02-01 11:29:33.185,/benchmark1,0.0,cpu,1,247a763202a08dc5a5a5463576bbb4b19ecdeca1,0.0,0.0
837,2023-02-01 11:29:33.185,/benchmark4,0.0,cpu,1,247a763202a08dc5a5a5463576bbb4b19ecdeca1,0.0,0.0
838,2023-02-01 11:29:33.185,/benchmark3,0.0,cpu,1,247a763202a08dc5a5a5463576bbb4b19ecdeca1,0.0,0.0
839,2023-02-01 11:29:33.185,/benchmark2,0.0,cpu,1,247a763202a08dc5a5a5463576bbb4b19ecdeca1,0.0,0.0
840,2023-02-01 11:29:33.185,rapl,12.723190307617188,dram,0,RAPL_ENERGY_DRAM,1.0,0.0
841,2023-02-01 11:29:33.185,global,0.0,dram,0,247a763202a08dc5a5a5463576bbb4b19ecdeca1,1.0,0.0
842,2023-02-01 11:29:33.185,/benchmark1,0.0,dram,0,247a763202a08dc5a5a5463576bbb4b19ecdeca1,0.0,0.0
843,2023-02-01 11:29:33.185,/benchmark4,0.0,dram,0,247a763202a08dc5a5a5463576bbb4b19ecdeca1,0.0,0.0
844,2023-02-01 11:29:33.185,/benchmark3,0.0,dram,0,247a763202a08dc5a5a5463576bbb4b19ecdeca1,0.0,0.0
845,2023-02-01 11:29:33.185,/benchmark2,0.0,dram,0,247a763202a08dc5a5a5463576bbb4b19ecdeca1,0.0,0.0
846,2023-02-01 11:29:33.185,rapl,12.990676879882812,dram,1,RAPL_ENERGY_DRAM,1.0,0.0
847,2023-02-01 11:29:33.185,global,0.0,dram,1,247a763202a08dc5a5a5463576bbb4b19ecdeca1,1.0,0.0
848,2023-02-01 11:29:33.185,/benchmark1,0.0,dram,1,247a763202a08dc5a5a5463576bbb4b19ecdeca1,0.0,0.0
849,2023-02-01 11:29:33.185,/benchmark4,0.0,dram,1,247a763202a08dc5a5a5463576bbb4b19ecdeca1,0.0,0.0
850,2023-02-01 11:29:33.185,/benchmark3,0.0,dram,1,247a763202a08dc5a5a5463576bbb4b19ecdeca1,0.0,0.0
851,2023-02-01 11:29:33.185,/benchmark2,0.0,dram,1,247a763202a08dc5a5a5463576bbb4b19ecdeca1,0.0,0.0
852,2023-02-01 11:29:34.186,rapl,70.3858642578125,cpu,0,RAPL_ENERGY_PKG,1.0,0.0
853,2023-02-01 11:29:34.186,global,0.0,cpu,0,247a763202a08dc5a5a5463576bbb4b19ecdeca1,1.0,0.0
854,2023-02-01 11:29:34.186,/benchmark1,0.0,cpu,0,247a763202a08dc5a5a5463576bbb4b19ecdeca1,0.0,0.0
855,2023-02-01 11:29:34.186,/benchmark4,0.0,cpu,0,247a763202a08dc5a5a5463576bbb4b19ecdeca1,0.0,0.0
856,2023-02-01 11:29:34.186,/benchmark3,0.0,cpu,0,247a763202a08dc5a5a5463576bbb4b19ecdeca1,0.0,0.0
857,2023-02-01 11:29:34.186,/benchmark2,0.0,cpu,0,247a763202a08dc5a5a5463576bbb4b19ecdeca1,0.0,0.0
858,2023-02-01 11:29:34.186,rapl,69.60528564453125,cpu,1,RAPL_ENERGY_PKG,1.0,0.0
859,2023-02-01 11:29:34.186,global,0.0,cpu,1,247a763202a08dc5a5a5463576bbb4b19ecdeca1,1.0,0.0
860,2023-02-01 11:29:34.186,/benchmark1,0.0,cpu,1,247a763202a08dc5a5a5463576bbb4b19ecdeca1,0.0,0.0
861,2023-02-01 11:29:34.186,/benchmark4,0.0,cpu,1,247a763202a08dc5a5a5463576bbb4b19ecdeca1,0.0,0.0
862,2023-02-01 11:29:34.186,/benchmark3,0.0,cpu,1,247a763202a08dc5a5a5463576bbb4b19ecdeca1,0.0,0.0
863,2023-02-01 11:29:34.186,/benchmark2,0.0,cpu,1,247a763202a08dc5a5a5463576bbb4b19ecdeca1,0.0,0.0
864,2023-02-01 11:29:34.186,rapl,12.694000244140625,dram,0,RAPL_ENERGY_DRAM,1.0,0.0
865,2023-02-01 11:29:34.186,global,0.0,dram,0,247a763202a08dc5a5a5463576bbb4b19ecdeca1,1.0,0.0
866,2023-02-01 11:29:34.186,/benchmark1,0.0,dram,0,247a763202a08dc5a5a5463576bbb4b19ecdeca1,0.0,0.0
867,2023-02-01 11:29:34.186,/benchmark4,0.0,dram,0,247a763202a08dc5a5a5463576bbb4b19ecdeca1,0.0,0.0
868,2023-02-01 11:29:34.186,/benchmark3,0.0,dram,0,247a763202a08dc5a5a5463576bbb4b19ecdeca1,0.0,0.0
869,2023-02-01 11:29:34.186,/benchmark2,0.0,dram,0,247a763202a08dc5a5a5463576bbb4b19ecdeca1,0.0,0.0
870,2023-02-01 11:29:34.186,rapl,13.015335083007812,dram,1,RAPL_ENERGY_DRAM,1.0,0.0
871,2023-02-01 11:29:34.186,global,0.0,dram,1,247a763202a08dc5a5a5463576bbb4b19ecdeca1,1.0,0.0
872,2023-02-01 11:29:34.186,/benchmark1,0.0,dram,1,247a763202a08dc5a5a5463576bbb4b19ecdeca1,0.0,0.0
873,2023-02-01 11:29:34.186,/benchmark4,0.0,dram,1,247a763202a08dc5a5a5463576bbb4b19ecdeca1,0.0,0.0
874,2023-02-01 11:29:34.186,/benchmark3,0.0,dram,1,247a763202a08dc5a5a5463576bbb4b19ecdeca1,0.0,0.0
875,2023-02-01 11:29:34.186,/benchmark2,0.0,dram,1,247a763202a08dc5a5a5463576bbb4b19ecdeca1,0.0,0.0
876,2023-02-01 11:29:35.186,rapl,70.3353271484375,cpu,0,RAPL_ENERGY_PKG,1.0,0.0
877,2023-02-01 11:29:35.186,global,0.0,cpu,0,247a763202a08dc5a5a5463576bbb4b19ecdeca1,1.0,0.0
878,2023-02-01 11:29:35.186,/benchmark1,0.0,cpu,0,247a763202a08dc5a5a5463576bbb4b19ecdeca1,0.0,0.0
879,2023-02-01 11:29:35.186,/benchmark4,0.0,cpu,0,247a763202a08dc5a5a5463576bbb4b19ecdeca1,0.0,0.0
880,2023-02-01 11:29:35.186,/benchmark3,0.0,cpu,0,247a763202a08dc5a5a5463576bbb4b19ecdeca1,0.0,0.0
881,2023-02-01 11:29:35.186,/benchmark2,0.0,cpu,0,247a763202a08dc5a5a5463576bbb4b19ecdeca1,0.0,0.0
882,2023-02-01 11:29:35.186,rapl,69.631591796875,cpu,1,RAPL_ENERGY_PKG,1.0,0.0
883,2023-02-01 11:29:35.186,global,0.0,cpu,1,247a763202a08dc5a5a5463576bbb4b19ecdeca1,1.0,0.0
884,2023-02-01 11:29:35.186,/benchmark1,0.0,cpu,1,247a763202a08dc5a5a5463576bbb4b19ecdeca1,0.0,0.0
885,2023-02-01 11:29:35.186,/benchmark4,0.0,cpu,1,247a763202a08dc5a5a5463576bbb4b19ecdeca1,0.0,0.0
886,2023-02-01 11:29:35.186,/benchmark3,0.0,cpu,1,247a763202a08dc5a5a5463576bbb4b19ecdeca1,0.0,0.0
887,2023-02-01 11:29:35.186,/benchmark2,0.0,cpu,1,247a763202a08dc5a5a5463576bbb4b19ecdeca1,0.0,0.0
888,2023-02-01 11:29:35.186,rapl,12.74200439453125,dram,0,RAPL_ENERGY_DRAM,1.0,0.0
889,2023-02-01 11:29:35.186,global,0.0,dram,0,247a763202a08dc5a5a5463576bbb4b19ecdeca1,1.0,0.0
890,2023-02-01 11:29:35.186,/benchmark1,0.0,dram,0,247a763202a08dc5a5a5463576bbb4b19ecdeca1,0.0,0.0
891,2023-02-01 11:29:35.186,/benchmark4,0.0,dram,0,247a763202a08dc5a5a5463576bbb4b19ecdeca1,0.0,0.0
892,2023-02-01 11:29:35.186,/benchmark3,0.0,dram,0,247a763202a08dc5a5a5463576bbb4b19ecdeca1,0.0,0.0
893,2023-02-01 11:29:35.186,/benchmark2,0.0,dram,0,247a763202a08dc5a5a5463576bbb4b19ecdeca1,0.0,0.0
894,2023-02-01 11:29:35.186,rapl,13.038116455078125,dram,1,RAPL_ENERGY_DRAM,1.0,0.0
895,2023-02-01 11:29:35.186,global,0.0,dram,1,247a763202a08dc5a5a5463576bbb4b19ecdeca1,1.0,0.0
896,2023-02-01 11:29:35.186,/benchmark1,0.0,dram,1,247a763202a08dc5a5a5463576bbb4b19ecdeca1,0.0,0.0
897,2023-02-01 11:29:35.186,/benchmark4,0.0,dram,1,247a763202a08dc5a5a5463576bbb4b19ecdeca1,0.0,0.0
898,2023-02-01 11:29:35.186,/benchmark3,0.0,dram,1,247a763202a08dc5a5a5463576bbb4b19ecdeca1,0.0,0.0
899,2023-02-01 11:29:35.186,/benchmark2,0.0,dram,1,247a763202a08dc5a5a5463576bbb4b19ecdeca1,0.0,0.0
900,2023-02-01 11:29:36.186,rapl,70.38079833984375,cpu,0,RAPL_ENERGY_PKG,1.0,0.0
901,2023-02-01 11:29:36.186,global,0.0,cpu,0,247a763202a08dc5a5a5463576bbb4b19ecdeca1,1.0,0.0
902,2023-02-01 11:29:36.186,/benchmark1,0.0,cpu,0,247a763202a08dc5a5a5463576bbb4b19ecdeca1,0.0,0.0
903,2023-02-01 11:29:36.186,/benchmark4,0.0,cpu,0,247a763202a08dc5a5a5463576bbb4b19ecdeca1,0.0,0.0
904,2023-02-01 11:29:36.186,/benchmark3,0.0,cpu,0,247a763202a08dc5a5a5463576bbb4b19ecdeca1,0.0,0.0
905,2023-02-01 11:29:36.186,/benchmark2,0.0,cpu,0,247a763202a08dc5a5a5463576bbb4b19ecdeca1,0.0,0.0
906,2023-02-01 11:29:36.186,rapl,69.68682861328125,cpu,1,RAPL_ENERGY_PKG,1.0,0.0
907,2023-02-01 11:29:36.186,global,0.0,cpu,1,247a763202a08dc5a5a5463576bbb4b19ecdeca1,1.0,0.0
908,2023-02-01 11:29:36.186,/benchmark1,0.0,cpu,1,247a763202a08dc5a5a5463576bbb4b19ecdeca1,0.0,0.0
909,2023-02-01 11:29:36.186,/benchmark4,0.0,cpu,1,247a763202a08dc5a5a5463576bbb4b19ecdeca1,0.0,0.0
910,2023-02-01 11:29:36.186,/benchmark3,0.0,cpu,1,247a763202a08dc5a5a5463576bbb4b19ecdeca1,0.0,0.0
911,2023-02-01 11:29:36.186,/benchmark2,0.0,cpu,1,247a763202a08dc5a5a5463576bbb4b19ecdeca1,0.0,0.0
912,2023-02-01 11:29:36.186,rapl,12.679794311523438,dram,0,RAPL_ENERGY_DRAM,1.0,0.0
913,2023-02-01 11:29:36.186,global,0.0,dram,0,247a763202a08dc5a5a5463576bbb4b19ecdeca1,1.0,0.0
914,2023-02-01 11:29:36.186,/benchmark1,0.0,dram,0,247a763202a08dc5a5a5463576bbb4b19ecdeca1,0.0,0.0
915,2023-02-01 11:29:36.186,/benchmark4,0.0,dram,0,247a763202a08dc5a5a5463576bbb4b19ecdeca1,0.0,0.0
916,2023-02-01 11:29:36.186,/benchmark3,0.0,dram,0,247a763202a08dc5a5a5463576bbb4b19ecdeca1,0.0,0.0
917,2023-02-01 11:29:36.186,/benchmark2,0.0,dram,0,247a763202a08dc5a5a5463576bbb4b19ecdeca1,0.0,0.0
918,2023-02-01 11:29:36.186,rapl,13.051467895507812,dram,1,RAPL_ENERGY_DRAM,1.0,0.0
919,2023-02-01 11:29:36.186,global,0.0,dram,1,247a763202a08dc5a5a5463576bbb4b19ecdeca1,1.0,0.0
920,2023-02-01 11:29:36.186,/benchmark1,0.0,dram,1,247a763202a08dc5a5a5463576bbb4b19ecdeca1,0.0,0.0
921,2023-02-01 11:29:36.186,/benchmark4,0.0,dram,1,247a763202a08dc5a5a5463576bbb4b19ecdeca1,0.0,0.0
922,2023-02-01 11:29:36.186,/benchmark3,0.0,dram,1,247a763202a08dc5a5a5463576bbb4b19ecdeca1,0.0,0.0
923,2023-02-01 11:29:36.186,/benchmark2,0.0,dram,1,247a763202a08dc5a5a5463576bbb4b19ecdeca1,0.0,0.0
924,2023-02-01 11:29:37.186,rapl,70.44317626953125,cpu,0,RAPL_ENERGY_PKG,1.0,0.0
925,2023-02-01 11:29:37.186,global,0.0,cpu,0,247a763202a08dc5a5a5463576bbb4b19ecdeca1,1.0,0.0
926,2023-02-01 11:29:37.186,/benchmark1,0.0,cpu,0,247a763202a08dc5a5a5463576bbb4b19ecdeca1,0.0,0.0
927,2023-02-01 11:29:37.186,/benchmark4,0.0,cpu,0,247a763202a08dc5a5a5463576bbb4b19ecdeca1,0.0,0.0
928,2023-02-01 11:29:37.186,/benchmark3,0.0,cpu,0,247a763202a08dc5a5a5463576bbb4b19ecdeca1,0.0,0.0
929,2023-02-01 11:29:37.186,/benchmark2,0.0,cpu,0,247a763202a08dc5a5a5463576bbb4b19ecdeca1,0.0,0.0
930,2023-02-01 11:29:37.186,rapl,69.62939453125,cpu,1,RAPL_ENERGY_PKG,1.0,0.0
931,2023-02-01 11:29:37.186,global,0.0,cpu,1,247a763202a08dc5a5a5463576bbb4b19ecdeca1,1.0,0.0
932,2023-02-01 11:29:37.186,/benchmark1,0.0,cpu,1,247a763202a08dc5a5a5463576bbb4b19ecdeca1,0.0,0.0
933,2023-02-01 11:29:37.186,/benchmark4,0.0,cpu,1,247a763202a08dc5a5a5463576bbb4b19ecdeca1,0.0,0.0
934,2023-02-01 11:29:37.186,/benchmark3,0.0,cpu,1,247a763202a08dc5a5a5463576bbb4b19ecdeca1,0.0,0.0
935,2023-02-01 11:29:37.186,/benchmark2,0.0,cpu,1,247a763202a08dc5a5a5463576bbb4b19ecdeca1,0.0,0.0
936,2023-02-01 11:29:37.186,rapl,12.664321899414062,dram,0,RAPL_ENERGY_DRAM,1.0,0.0
937,2023-02-01 11:29:37.186,global,0.0,dram,0,247a763202a08dc5a5a5463576bbb4b19ecdeca1,1.0,0.0
938,2023-02-01 11:29:37.186,/benchmark1,0.0,dram,0,247a763202a08dc5a5a5463576bbb4b19ecdeca1,0.0,0.0
939,2023-02-01 11:29:37.186,/benchmark4,0.0,dram,0,247a763202a08dc5a5a5463576bbb4b19ecdeca1,0.0,0.0
940,2023-02-01 11:29:37.186,/benchmark3,0.0,dram,0,247a763202a08dc5a5a5463576bbb4b19ecdeca1,0.0,0.0
941,2023-02-01 11:29:37.186,/benchmark2,0.0,dram,0,247a763202a08dc5a5a5463576bbb4b19ecdeca1,0.0,0.0
942,2023-02-01 11:29:37.186,rapl,12.976318359375,dram,1,RAPL_ENERGY_DRAM,1.0,0.0
943,2023-02-01 11:29:37.186,global,0.0,dram,1,247a763202a08dc5a5a5463576bbb4b19ecdeca1,1.0,0.0
944,2023-02-01 11:29:37.186,/benchmark1,0.0,dram,1,247a763202a08dc5a5a5463576bbb4b19ecdeca1,0.0,0.0
945,2023-02-01 11:29:37.186,/benchmark4,0.0,dram,1,247a763202a08dc5a5a5463576bbb4b19ecdeca1,0.0,0.0
946,2023-02-01 11:29:37.186,/benchmark3,0.0,dram,1,247a763202a08dc5a5a5463576bbb4b19ecdeca1,0.0,0.0
947,2023-02-01 11:29:37.186,/benchmark2,0.0,dram,1,247a763202a08dc5a5a5463576bbb4b19ecdeca1,0.0,0.0
948,2023-02-01 11:29:38.186,rapl,70.42510986328125,cpu,0,RAPL_ENERGY_PKG,1.0,0.0
949,2023-02-01 11:29:38.186,global,0.0,cpu,0,247a763202a08dc5a5a5463576bbb4b19ecdeca1,1.0,0.0
950,2023-02-01 11:29:38.186,/benchmark1,0.0,cpu,0,247a763202a08dc5a5a5463576bbb4b19ecdeca1,0.0,0.0
951,2023-02-01 11:29:38.186,/benchmark4,0.0,cpu,0,247a763202a08dc5a5a5463576bbb4b19ecdeca1,0.0,0.0
952,2023-02-01 11:29:38.186,/benchmark3,0.0,cpu,0,247a763202a08dc5a5a5463576bbb4b19ecdeca1,0.0,0.0
953,2023-02-01 11:29:38.186,/benchmark2,0.0,cpu,0,247a763202a08dc5a5a5463576bbb4b19ecdeca1,0.0,0.0
954,2023-02-01 11:29:38.186,rapl,69.66192626953125,cpu,1,RAPL_ENERGY_PKG,1.0,0.0
955,2023-02-01 11:29:38.186,global,0.0,cpu,1,247a763202a08dc5a5a5463576bbb4b19ecdeca1,1.0,0.0
956,2023-02-01 11:29:38.186,/benchmark1,0.0,cpu,1,247a763202a08dc5a5a5463576bbb4b19ecdeca1,0.0,0.0
957,2023-02-01 11:29:38.186,/benchmark4,0.0,cpu,1,247a763202a08dc5a5a5463576bbb4b19ecdeca1,0.0,0.0
958,2023-02-01 11:29:38.186,/benchmark3,0.0,cpu,1,247a763202a08dc5a5a5463576bbb4b19ecdeca1,0.0,0.0
959,2023-02-01 11:29:38.186,/benchmark2,0.0,cpu,1,247a763202a08dc5a5a5463576bbb4b19ecdeca1,0.0,0.0
960,2023-02-01 11:29:38.186,rapl,12.578750610351562,dram,0,RAPL_ENERGY_DRAM,1.0,0.0
961,2023-02-01 11:29:38.186,global,0.0,dram,0,247a763202a08dc5a5a5463576bbb4b19ecdeca1,1.0,0.0
962,2023-02-01 11:29:38.186,/benchmark1,0.0,dram,0,247a763202a08dc5a5a5463576bbb4b19ecdeca1,0.0,0.0
963,2023-02-01 11:29:38.186,/benchmark4,0.0,dram,0,247a763202a08dc5a5a5463576bbb4b19ecdeca1,0.0,0.0
964,2023-02-01 11:29:38.186,/benchmark3,0.0,dram,0,247a763202a08dc5a5a5463576bbb4b19ecdeca1,0.0,0.0
965,2023-02-01 11:29:38.186,/benchmark2,0.0,dram,0,247a763202a08dc5a5a5463576bbb4b19ecdeca1,0.0,0.0
966,2023-02-01 11:29:38.186,rapl,13.003402709960938,dram,1,RAPL_ENERGY_DRAM,1.0,0.0
967,2023-02-01 11:29:38.186,global,0.0,dram,1,247a763202a08dc5a5a5463576bbb4b19ecdeca1,1.0,0.0
968,2023-02-01 11:29:38.186,/benchmark1,0.0,dram,1,247a763202a08dc5a5a5463576bbb4b19ecdeca1,0.0,0.0
969,2023-02-01 11:29:38.186,/benchmark4,0.0,dram,1,247a763202a08dc5a5a5463576bbb4b19ecdeca1,0.0,0.0
970,2023-02-01 11:29:38.186,/benchmark3,0.0,dram,1,247a763202a08dc5a5a5463576bbb4b19ecdeca1,0.0,0.0
971,2023-02-01 11:29:38.186,/benchmark2,0.0,dram,1,247a763202a08dc5a5a5463576bbb4b19ecdeca1,0.0,0.0
972,2023-02-01 11:29:39.187,rapl,70.39947509765625,cpu,0,RAPL_ENERGY_PKG,1.0,0.0
973,2023-02-01 11:29:39.187,global,0.0,cpu,0,247a763202a08dc5a5a5463576bbb4b19ecdeca1,1.0,0.0
974,2023-02-01 11:29:39.187,/benchmark1,0.0,cpu,0,247a763202a08dc5a5a5463576bbb4b19ecdeca1,0.0,0.0
975,2023-02-01 11:29:39.187,/benchmark4,0.0,cpu,0,247a763202a08dc5a5a5463576bbb4b19ecdeca1,0.0,0.0
976,2023-02-01 11:29:39.187,/benchmark3,0.0,cpu,0,247a763202a08dc5a5a5463576bbb4b19ecdeca1,0.0,0.0
977,2023-02-01 11:29:39.187,/benchmark2,0.0,cpu,0,247a763202a08dc5a5a5463576bbb4b19ecdeca1,0.0,0.0
978,2023-02-01 11:29:39.187,rapl,69.43072509765625,cpu,1,RAPL_ENERGY_PKG,1.0,0.0
979,2023-02-01 11:29:39.187,global,0.0,cpu,1,247a763202a08dc5a5a5463576bbb4b19ecdeca1,1.0,0.0
980,2023-02-01 11:29:39.187,/benchmark1,0.0,cpu,1,247a763202a08dc5a5a5463576bbb4b19ecdeca1,0.0,0.0
981,2023-02-01 11:29:39.187,/benchmark4,0.0,cpu,1,247a763202a08dc5a5a5463576bbb4b19ecdeca1,0.0,0.0
982,2023-02-01 11:29:39.187,/benchmark3,0.0,cpu,1,247a763202a08dc5a5a5463576bbb4b19ecdeca1,0.0,0.0
983,2023-02-01 11:29:39.187,/benchmark2,0.0,cpu,1,247a763202a08dc5a5a5463576bbb4b19ecdeca1,0.0,0.0
984,2023-02-01 11:29:39.187,rapl,12.655166625976562,dram,0,RAPL_ENERGY_DRAM,1.0,0.0
985,2023-02-01 11:29:39.187,global,0.0,dram,0,247a763202a08dc5a5a5463576bbb4b19ecdeca1,1.0,0.0
986,2023-02-01 11:29:39.187,/benchmark1,0.0,dram,0,247a763202a08dc5a5a5463576bbb4b19ecdeca1,0.0,0.0
987,2023-02-01 11:29:39.187,/benchmark4,0.0,dram,0,247a763202a08dc5a5a5463576bbb4b19ecdeca1,0.0,0.0
988,2023-02-01 11:29:39.187,/benchmark3,0.0,dram,0,247a763202a08dc5a5a5463576bbb4b19ecdeca1,0.0,0.0
989,2023-02-01 11:29:39.187,/benchmark2,0.0,dram,0,247a763202a08dc5a5a5463576bbb4b19ecdeca1,0.0,0.0
990,2023-02-01 11:29:39.187,rapl,13.064712524414062,dram,1,RAPL_ENERGY_DRAM,1.0,0.0
991,2023-02-01 11:29:39.187,global,0.0,dram,1,247a763202a08dc5a5a5463576bbb4b19ecdeca1,1.0,0.0
992,2023-02-01 11:29:39.187,/benchmark1,0.0,dram,1,247a763202a08dc5a5a5463576bbb4b19ecdeca1,0.0,0.0
993,2023-02-01 11:29:39.187,/benchmark4,0.0,dram,1,247a763202a08dc5a5a5463576bbb4b19ecdeca1,0.0,0.0
994,2023-02-01 11:29:39.187,/benchmark3,0.0,dram,1,247a763202a08dc5a5a5463576bbb4b19ecdeca1,0.0,0.0
995,2023-02-01 11:29:39.187,/benchmark2,0.0,dram,1,247a763202a08dc5a5a5463576bbb4b19ecdeca1,0.0,0.0
996,2023-02-01 11:29:40.187,rapl,70.47735595703125,cpu,0,RAPL_ENERGY_PKG,1.0,0.0
997,2023-02-01 11:29:40.187,global,0.0,cpu,0,247a763202a08dc5a5a5463576bbb4b19ecdeca1,1.0,0.0
998,2023-02-01 11:29:40.187,/benchmark1,0.0,cpu,0,247a763202a08dc5a5a5463576bbb4b19ecdeca1,0.0,0.0
999,2023-02-01 11:29:40.187,/benchmark4,0.0,cpu,0,247a763202a08dc5a5a5463576bbb4b19ecdeca1,0.0,0.0
1000,2023-02-01 11:29:40.187,/benchmark3,0.0,cpu,0,247a763202a08dc5a5a5463576bbb4b19ecdeca1,0.0,0.0
1001,2023-02-01 11:29:40.187,/benchmark2,0.0,cpu,0,247a763202a08dc5a5a5463576bbb4b19ecdeca1,0.0,0.0
1002,2023-02-01 11:29:40.187,rapl,69.63104248046875,cpu,1,RAPL_ENERGY_PKG,1.0,0.0
1003,2023-02-01 11:29:40.187,global,0.0,cpu,1,247a763202a08dc5a5a5463576bbb4b19ecdeca1,1.0,0.0
1004,2023-02-01 11:29:40.187,/benchmark1,0.0,cpu,1,247a763202a08dc5a5a5463576bbb4b19ecdeca1,0.0,0.0
1005,2023-02-01 11:29:40.187,/benchmark4,0.0,cpu,1,247a763202a08dc5a5a5463576bbb4b19ecdeca1,0.0,0.0
1006,2023-02-01 11:29:40.187,/benchmark3,0.0,cpu,1,247a763202a08dc5a5a5463576bbb4b19ecdeca1,0.0,0.0
1007,2023-02-01 11:29:40.187,/benchmark2,0.0,cpu,1,247a763202a08dc5a5a5463576bbb4b19ecdeca1,0.0,0.0
1008,2023-02-01 11:29:40.187,rapl,12.642318725585938,dram,0,RAPL_ENERGY_DRAM,1.0,0.0
1009,2023-02-01 11:29:40.187,global,0.0,dram,0,247a763202a08dc5a5a5463576bbb4b19ecdeca1,1.0,0.0
1010,2023-02-01 11:29:40.187,/benchmark1,0.0,dram,0,247a763202a08dc5a5a5463576bbb4b19ecdeca1,0.0,0.0
1011,2023-02-01 11:29:40.187,/benchmark4,0.0,dram,0,247a763202a08dc5a5a5463576bbb4b19ecdeca1,0.0,0.0
1012,2023-02-01 11:29:40.187,/benchmark3,0.0,dram,0,247a763202a08dc5a5a5463576bbb4b19ecdeca1,0.0,0.0
1013,2023-02-01 11:29:40.187,/benchmark2,0.0,dram,0,247a763202a08dc5a5a5463576bbb4b19ecdeca1,0.0,0.0
1014,2023-02-01 11:29:40.187,rapl,13.015548706054688,dram,1,RAPL_ENERGY_DRAM,1.0,0.0
1015,2023-02-01 11:29:40.187,global,0.0,dram,1,247a763202a08dc5a5a5463576bbb4b19ecdeca1,1.0,0.0
1016,2023-02-01 11:29:40.187,/benchmark1,0.0,dram,1,247a763202a08dc5a5a5463576bbb4b19ecdeca1,0.0,0.0
1017,2023-02-01 11:29:40.187,/benchmark4,0.0,dram,1,247a763202a08dc5a5a5463576bbb4b19ecdeca1,0.0,0.0
1018,2023-02-01 11:29:40.187,/benchmark3,0.0,dram,1,247a763202a08dc5a5a5463576bbb4b19ecdeca1,0.0,0.0
1019,2023-02-01 11:29:40.187,/benchmark2,0.0,dram,1,247a763202a08dc5a5a5463576bbb4b19ecdeca1,0.0,0.0
1020,2023-02-01 11:29:41.187,rapl,70.40216064453125,cpu,0,RAPL_ENERGY_PKG,1.0,0.0
1021,2023-02-01 11:29:41.187,global,0.0,cpu,0,247a763202a08dc5a5a5463576bbb4b19ecdeca1,1.0,0.0
1022,2023-02-01 11:29:41.187,/benchmark1,0.0,cpu,0,247a763202a08dc5a5a5463576bbb4b19ecdeca1,0.0,0.0
1023,2023-02-01 11:29:41.187,/benchmark4,0.0,cpu,0,247a763202a08dc5a5a5463576bbb4b19ecdeca1,0.0,0.0
1024,2023-02-01 11:29:41.187,/benchmark3,0.0,cpu,0,247a763202a08dc5a5a5463576bbb4b19ecdeca1,0.0,0.0
1025,2023-02-01 11:29:41.187,/benchmark2,0.0,cpu,0,247a763202a08dc5a5a5463576bbb4b19ecdeca1,0.0,0.0
1026,2023-02-01 11:29:41.187,rapl,69.60076904296875,cpu,1,RAPL_ENERGY_PKG,1.0,0.0
1027,2023-02-01 11:29:41.187,global,0.0,cpu,1,247a763202a08dc5a5a5463576bbb4b19ecdeca1,1.0,0.0
1028,2023-02-01 11:29:41.187,/benchmark1,0.0,cpu,1,247a763202a08dc5a5a5463576bbb4b19ecdeca1,0.0,0.0
1029,2023-02-01 11:29:41.187,/benchmark4,0.0,cpu,1,247a763202a08dc5a5a5463576bbb4b19ecdeca1,0.0,0.0
1030,2023-02-01 11:29:41.187,/benchmark3,0.0,cpu,1,247a763202a08dc5a5a5463576bbb4b19ecdeca1,0.0,0.0
1031,2023-02-01 11:29:41.187,/benchmark2,0.0,cpu,1,247a763202a08dc5a5a5463576bbb4b19ecdeca1,0.0,0.0
1032,2023-02-01 11:29:41.187,rapl,12.657318115234375,dram,0,RAPL_ENERGY_DRAM,1.0,0.0
1033,2023-02-01 11:29:41.187,global,0.0,dram,0,247a763202a08dc5a5a5463576bbb4b19ecdeca1,1.0,0.0
1034,2023-02-01 11:29:41.187,/benchmark1,0.0,dram,0,247a763202a08dc5a5a5463576bbb4b19ecdeca1,0.0,0.0
1035,2023-02-01 11:29:41.187,/benchmark4,0.0,dram,0,247a763202a08dc5a5a5463576bbb4b19ecdeca1,0.0,0.0
1036,2023-02-01 11:29:41.187,/benchmark3,0.0,dram,0,247a763202a08dc5a5a5463576bbb4b19ecdeca1,0.0,0.0
1037,2023-02-01 11:29:41.187,/benchmark2,0.0,dram,0,247a763202a08dc5a5a5463576bbb4b19ecdeca1,0.0,0.0
1038,2023-02-01 11:29:41.187,rapl,13.035369873046875,dram,1,RAPL_ENERGY_DRAM,1.0,0.0
1039,2023-02-01 11:29:41.187,global,0.0,dram,1,247a763202a08dc5a5a5463576bbb4b19ecdeca1,1.0,0.0
1040,2023-02-01 11:29:41.187,/benchmark1,0.0,dram,1,247a763202a08dc5a5a5463576bbb4b19ecdeca1,0.0,0.0
1041,2023-02-01 11:29:41.187,/benchmark4,0.0,dram,1,247a763202a08dc5a5a5463576bbb4b19ecdeca1,0.0,0.0
1042,2023-02-01 11:29:41.187,/benchmark3,0.0,dram,1,247a763202a08dc5a5a5463576bbb4b19ecdeca1,0.0,0.0
1043,2023-02-01 11:29:41.187,/benchmark2,0.0,dram,1,247a763202a08dc5a5a5463576bbb4b19ecdeca1,0.0,0.0
1044,2023-02-01 11:29:42.187,rapl,70.42950439453125,cpu,0,RAPL_ENERGY_PKG,1.0,0.0
1045,2023-02-01 11:29:42.187,global,0.0,cpu,0,247a763202a08dc5a5a5463576bbb4b19ecdeca1,1.0,0.0
1046,2023-02-01 11:29:42.187,/benchmark1,0.0,cpu,0,247a763202a08dc5a5a5463576bbb4b19ecdeca1,0.0,0.0
1047,2023-02-01 11:29:42.187,/benchmark4,0.0,cpu,0,247a763202a08dc5a5a5463576bbb4b19ecdeca1,0.0,0.0
1048,2023-02-01 11:29:42.187,/benchmark3,0.0,cpu,0,247a763202a08dc5a5a5463576bbb4b19ecdeca1,0.0,0.0
1049,2023-02-01 11:29:42.187,/benchmark2,0.0,cpu,0,247a763202a08dc5a5a5463576bbb4b19ecdeca1,0.0,0.0
1050,2023-02-01 11:29:42.187,rapl,69.55908203125,cpu,1,RAPL_ENERGY_PKG,1.0,0.0
1051,2023-02-01 11:29:42.187,global,0.0,cpu,1,247a763202a08dc5a5a5463576bbb4b19ecdeca1,1.0,0.0
1052,2023-02-01 11:29:42.187,/benchmark1,0.0,cpu,1,247a763202a08dc5a5a5463576bbb4b19ecdeca1,0.0,0.0
1053,2023-02-01 11:29:42.187,/benchmark4,0.0,cpu,1,247a763202a08dc5a5a5463576bbb4b19ecdeca1,0.0,0.0
1054,2023-02-01 11:29:42.187,/benchmark3,0.0,cpu,1,247a763202a08dc5a5a5463576bbb4b19ecdeca1,0.0,0.0
1055,2023-02-01 11:29:42.187,/benchmark2,0.0,cpu,1,247a763202a08dc5a5a5463576bbb4b19ecdeca1,0.0,0.0
1056,2023-02-01 11:29:42.187,rapl,12.69805908203125,dram,0,RAPL_ENERGY_DRAM,1.0,0.0
1057,2023-02-01 11:29:42.187,global,0.0,dram,0,247a763202a08dc5a5a5463576bbb4b19ecdeca1,1.0,0.0
1058,2023-02-01 11:29:42.187,/benchmark1,0.0,dram,0,247a763202a08dc5a5a5463576bbb4b19ecdeca1,0.0,0.0
1059,2023-02-01 11:29:42.187,/benchmark4,0.0,dram,0,247a763202a08dc5a5a5463576bbb4b19ecdeca1,0.0,0.0
1060,2023-02-01 11:29:42.187,/benchmark3,0.0,dram,0,247a763202a08dc5a5a5463576bbb4b19ecdeca1,0.0,0.0
1061,2023-02-01 11:29:42.187,/benchmark2,0.0,dram,0,247a763202a08dc5a5a5463576bbb4b19ecdeca1,0.0,0.0
1062,2023-02-01 11:29:42.187,rapl,12.990066528320312,dram,1,RAPL_ENERGY_DRAM,1.0,0.0
1063,2023-02-01 11:29:42.187,global,0.0,dram,1,247a763202a08dc5a5a5463576bbb4b19ecdeca1,1.0,0.0
1064,2023-02-01 11:29:42.187,/benchmark1,0.0,dram,1,247a763202a08dc5a5a5463576bbb4b19ecdeca1,0.0,0.0
1065,2023-02-01 11:29:42.187,/benchmark4,0.0,dram,1,247a763202a08dc5a5a5463576bbb4b19ecdeca1,0.0,0.0
1066,2023-02-01 11:29:42.187,/benchmark3,0.0,dram,1,247a763202a08dc5a5a5463576bbb4b19ecdeca1,0.0,0.0
1067,2023-02-01 11:29:42.187,/benchmark2,0.0,dram,1,247a763202a08dc5a5a5463576bbb4b19ecdeca1,0.0,0.0
1068,2023-02-01 11:29:43.187,rapl,70.4810791015625,cpu,0,RAPL_ENERGY_PKG,1.0,0.0
1069,2023-02-01 11:29:43.187,global,0.0,cpu,0,247a763202a08dc5a5a5463576bbb4b19ecdeca1,1.0,0.0
1070,2023-02-01 11:29:43.187,/benchmark1,0.0,cpu,0,247a763202a08dc5a5a5463576bbb4b19ecdeca1,0.0,0.0
1071,2023-02-01 11:29:43.187,/benchmark4,0.0,cpu,0,247a763202a08dc5a5a5463576bbb4b19ecdeca1,0.0,0.0
1072,2023-02-01 11:29:43.187,/benchmark3,0.0,cpu,0,247a763202a08dc5a5a5463576bbb4b19ecdeca1,0.0,0.0
1073,2023-02-01 11:29:43.187,/benchmark2,0.0,cpu,0,247a763202a08dc5a5a5463576bbb4b19ecdeca1,0.0,0.0
1074,2023-02-01 11:29:43.187,rapl,69.44073486328125,cpu,1,RAPL_ENERGY_PKG,1.0,0.0
1075,2023-02-01 11:29:43.187,global,0.0,cpu,1,247a763202a08dc5a5a5463576bbb4b19ecdeca1,1.0,0.0
1076,2023-02-01 11:29:43.187,/benchmark1,0.0,cpu,1,247a763202a08dc5a5a5463576bbb4b19ecdeca1,0.0,0.0
1077,2023-02-01 11:29:43.187,/benchmark4,0.0,cpu,1,247a763202a08dc5a5a5463576bbb4b19ecdeca1,0.0,0.0
1078,2023-02-01 11:29:43.187,/benchmark3,0.0,cpu,1,247a763202a08dc5a5a5463576bbb4b19ecdeca1,0.0,0.0
1079,2023-02-01 11:29:43.187,/benchmark2,0.0,cpu,1,247a763202a08dc5a5a5463576bbb4b19ecdeca1,0.0,0.0
1080,2023-02-01 11:29:43.187,rapl,12.66009521484375,dram,0,RAPL_ENERGY_DRAM,1.0,0.0
1081,2023-02-01 11:29:43.187,global,0.0,dram,0,247a763202a08dc5a5a5463576bbb4b19ecdeca1,1.0,0.0
1082,2023-02-01 11:29:43.187,/benchmark1,0.0,dram,0,247a763202a08dc5a5a5463576bbb4b19ecdeca1,0.0,0.0
1083,2023-02-01 11:29:43.187,/benchmark4,0.0,dram,0,247a763202a08dc5a5a5463576bbb4b19ecdeca1,0.0,0.0
1084,2023-02-01 11:29:43.187,/benchmark3,0.0,dram,0,247a763202a08dc5a5a5463576bbb4b19ecdeca1,0.0,0.0
1085,2023-02-01 11:29:43.187,/benchmark2,0.0,dram,0,247a763202a08dc5a5a5463576bbb4b19ecdeca1,0.0,0.0
1086,2023-02-01 11:29:43.187,rapl,12.98162841796875,dram,1,RAPL_ENERGY_DRAM,1.0,0.0
1087,2023-02-01 11:29:43.187,global,0.0,dram,1,247a763202a08dc5a5a5463576bbb4b19ecdeca1,1.0,0.0
1088,2023-02-01 11:29:43.187,/benchmark1,0.0,dram,1,247a763202a08dc5a5a5463576bbb4b19ecdeca1,0.0,0.0
1089,2023-02-01 11:29:43.187,/benchmark4,0.0,dram,1,247a763202a08dc5a5a5463576bbb4b19ecdeca1,0.0,0.0
1090,2023-02-01 11:29:43.187,/benchmark3,0.0,dram,1,247a763202a08dc5a5a5463576bbb4b19ecdeca1,0.0,0.0
1091,2023-02-01 11:29:43.187,/benchmark2,0.0,dram,1,247a763202a08dc5a5a5463576bbb4b19ecdeca1,0.0,0.0
1092,2023-02-01 11:29:44.188,rapl,70.45062255859375,cpu,0,RAPL_ENERGY_PKG,1.0,0.0
1093,2023-02-01 11:29:44.188,global,0.0,cpu,0,247a763202a08dc5a5a5463576bbb4b19ecdeca1,1.0,0.0
1094,2023-02-01 11:29:44.188,/benchmark1,0.0,cpu,0,247a763202a08dc5a5a5463576bbb4b19ecdeca1,0.0,0.0
1095,2023-02-01 11:29:44.188,/benchmark4,0.0,cpu,0,247a763202a08dc5a5a5463576bbb4b19ecdeca1,0.0,0.0
1096,2023-02-01 11:29:44.188,/benchmark3,0.0,cpu,0,247a763202a08dc5a5a5463576bbb4b19ecdeca1,0.0,0.0
1097,2023-02-01 11:29:44.188,/benchmark2,0.0,cpu,0,247a763202a08dc5a5a5463576bbb4b19ecdeca1,0.0,0.0
1098,2023-02-01 11:29:44.188,rapl,69.59710693359375,cpu,1,RAPL_ENERGY_PKG,1.0,0.0
1099,2023-02-01 11:29:44.188,global,0.0,cpu,1,247a763202a08dc5a5a5463576bbb4b19ecdeca1,1.0,0.0
1100,2023-02-01 11:29:44.188,/benchmark1,0.0,cpu,1,247a763202a08dc5a5a5463576bbb4b19ecdeca1,0.0,0.0
1101,2023-02-01 11:29:44.188,/benchmark4,0.0,cpu,1,247a763202a08dc5a5a5463576bbb4b19ecdeca1,0.0,0.0
1102,2023-02-01 11:29:44.188,/benchmark3,0.0,cpu,1,247a763202a08dc5a5a5463576bbb4b19ecdeca1,0.0,0.0
1103,2023-02-01 11:29:44.188,/benchmark2,0.0,cpu,1,247a763202a08dc5a5a5463576bbb4b19ecdeca1,0.0,0.0
1104,2023-02-01 11:29:44.188,rapl,12.704940795898438,dram,0,RAPL_ENERGY_DRAM,1.0,0.0
1105,2023-02-01 11:29:44.188,global,0.0,dram,0,247a763202a08dc5a5a5463576bbb4b19ecdeca1,1.0,0.0
1106,2023-02-01 11:29:44.188,/benchmark1,0.0,dram,0,247a763202a08dc5a5a5463576bbb4b19ecdeca1,0.0,0.0
1107,2023-02-01 11:29:44.188,/benchmark4,0.0,dram,0,247a763202a08dc5a5a5463576bbb4b19ecdeca1,0.0,0.0
1108,2023-02-01 11:29:44.188,/benchmark3,0.0,dram,0,247a763202a08dc5a5a5463576bbb4b19ecdeca1,0.0,0.0
1109,2023-02-01 11:29:44.188,/benchmark2,0.0,dram,0,247a763202a08dc5a5a5463576bbb4b19ecdeca1,0.0,0.0
1110,2023-02-01 11:29:44.188,rapl,13.043609619140625,dram,1,RAPL_ENERGY_DRAM,1.0,0.0
1111,2023-02-01 11:29:44.188,global,0.0,dram,1,247a763202a08dc5a5a5463576bbb4b19ecdeca1,1.0,0.0
1112,2023-02-01 11:29:44.188,/benchmark1,0.0,dram,1,247a763202a08dc5a5a5463576bbb4b19ecdeca1,0.0,0.0
1113,2023-02-01 11:29:44.188,/benchmark4,0.0,dram,1,247a763202a08dc5a5a5463576bbb4b19ecdeca1,0.0,0.0
1114,2023-02-01 11:29:44.188,/benchmark3,0.0,dram,1,247a763202a08dc5a5a5463576bbb4b19ecdeca1,0.0,0.0
1115,2023-02-01 11:29:44.188,/benchmark2,0.0,dram,1,247a763202a08dc5a5a5463576bbb4b19ecdeca1,0.0,0.0
1116,2023-02-01 11:29:45.188,rapl,70.510986328125,cpu,0,RAPL_ENERGY_PKG,1.0,0.0
1117,2023-02-01 11:29:45.188,global,0.0,cpu,0,247a763202a08dc5a5a5463576bbb4b19ecdeca1,1.0,0.0
1118,2023-02-01 11:29:45.188,/benchmark1,0.0,cpu,0,247a763202a08dc5a5a5463576bbb4b19ecdeca1,0.0,0.0
1119,2023-02-01 11:29:45.188,/benchmark4,0.0,cpu,0,247a763202a08dc5a5a5463576bbb4b19ecdeca1,0.0,0.0
1120,2023-02-01 11:29:45.188,/benchmark3,0.0,cpu,0,247a763202a08dc5a5a5463576bbb4b19ecdeca1,0.0,0.0
1121,2023-02-01 11:29:45.188,/benchmark2,0.0,cpu,0,247a763202a08dc5a5a5463576bbb4b19ecdeca1,0.0,0.0
1122,2023-02-01 11:29:45.188,rapl,69.5263671875,cpu,1,RAPL_ENERGY_PKG,1.0,0.0
1123,2023-02-01 11:29:45.188,global,0.0,cpu,1,247a763202a08dc5a5a5463576bbb4b19ecdeca1,1.0,0.0
1124,2023-02-01 11:29:45.188,/benchmark1,0.0,cpu,1,247a763202a08dc5a5a5463576bbb4b19ecdeca1,0.0,0.0
1125,2023-02-01 11:29:45.188,/benchmark4,0.0,cpu,1,247a763202a08dc5a5a5463576bbb4b19ecdeca1,0.0,0.0
1126,2023-02-01 11:29:45.188,/benchmark3,0.0,cpu,1,247a763202a08dc5a5a5463576bbb4b19ecdeca1,0.0,0.0
1127,2023-02-01 11:29:45.188,/benchmark2,0.0,cpu,1,247a763202a08dc5a5a5463576bbb4b19ecdeca1,0.0,0.0
1128,2023-02-01 11:29:45.188,rapl,12.665328979492188,dram,0,RAPL_ENERGY_DRAM,1.0,0.0
1129,2023-02-01 11:29:45.188,global,0.0,dram,0,247a763202a08dc5a5a5463576bbb4b19ecdeca1,1.0,0.0
1130,2023-02-01 11:29:45.188,/benchmark1,0.0,dram,0,247a763202a08dc5a5a5463576bbb4b19ecdeca1,0.0,0.0
1131,2023-02-01 11:29:45.188,/benchmark4,0.0,dram,0,247a763202a08dc5a5a5463576bbb4b19ecdeca1,0.0,0.0
1132,2023-02-01 11:29:45.188,/benchmark3,0.0,dram,0,247a763202a08dc5a5a5463576bbb4b19ecdeca1,0.0,0.0
1133,2023-02-01 11:29:45.188,/benchmark2,0.0,dram,0,247a763202a08dc5a5a5463576bbb4b19ecdeca1,0.0,0.0
1134,2023-02-01 11:29:45.188,rapl,13.08428955078125,dram,1,RAPL_ENERGY_DRAM,1.0,0.0
1135,2023-02-01 11:29:45.188,global,0.0,dram,1,247a763202a08dc5a5a5463576bbb4b19ecdeca1,1.0,0.0
1136,2023-02-01 11:29:45.188,/benchmark1,0.0,dram,1,247a763202a08dc5a5a5463576bbb4b19ecdeca1,0.0,0.0
1137,2023-02-01 11:29:45.188,/benchmark4,0.0,dram,1,247a763202a08dc5a5a5463576bbb4b19ecdeca1,0.0,0.0
1138,2023-02-01 11:29:45.188,/benchmark3,0.0,dram,1,247a763202a08dc5a5a5463576bbb4b19ecdeca1,0.0,0.0
1139,2023-02-01 11:29:45.188,/benchmark2,0.0,dram,1,247a763202a08dc5a5a5463576bbb4b19ecdeca1,0.0,0.0
1140,2023-02-01 11:29:46.188,rapl,70.4912109375,cpu,0,RAPL_ENERGY_PKG,1.0,0.0
1141,2023-02-01 11:29:46.188,global,0.0,cpu,0,247a763202a08dc5a5a5463576bbb4b19ecdeca1,1.0,0.0
1142,2023-02-01 11:29:46.188,/benchmark1,0.0,cpu,0,247a763202a08dc5a5a5463576bbb4b19ecdeca1,0.0,0.0
1143,2023-02-01 11:29:46.188,/benchmark4,0.0,cpu,0,247a763202a08dc5a5a5463576bbb4b19ecdeca1,0.0,0.0
1144,2023-02-01 11:29:46.188,/benchmark3,0.0,cpu,0,247a763202a08dc5a5a5463576bbb4b19ecdeca1,0.0,0.0
1145,2023-02-01 11:29:46.188,/benchmark2,0.0,cpu,0,247a763202a08dc5a5a5463576bbb4b19ecdeca1,0.0,0.0
1146,2023-02-01 11:29:46.188,rapl,69.31610107421875,cpu,1,RAPL_ENERGY_PKG,1.0,0.0
1147,2023-02-01 11:29:46.188,global,0.0,cpu,1,247a763202a08dc5a5a5463576bbb4b19ecdeca1,1.0,0.0
1148,2023-02-01 11:29:46.188,/benchmark1,0.0,cpu,1,247a763202a08dc5a5a5463576bbb4b19ecdeca1,0.0,0.0
1149,2023-02-01 11:29:46.188,/benchmark4,0.0,cpu,1,247a763202a08dc5a5a5463576bbb4b19ecdeca1,0.0,0.0
1150,2023-02-01 11:29:46.188,/benchmark3,0.0,cpu,1,247a763202a08dc5a5a5463576bbb4b19ecdeca1,0.0,0.0
1151,2023-02-01 11:29:46.188,/benchmark2,0.0,cpu,1,247a763202a08dc5a5a5463576bbb4b19ecdeca1,0.0,0.0
1152,2023-02-01 11:29:46.188,rapl,12.70196533203125,dram,0,RAPL_ENERGY_DRAM,1.0,0.0
1153,2023-02-01 11:29:46.188,global,0.0,dram,0,247a763202a08dc5a5a5463576bbb4b19ecdeca1,1.0,0.0
1154,2023-02-01 11:29:46.188,/benchmark1,0.0,dram,0,247a763202a08dc5a5a5463576bbb4b19ecdeca1,0.0,0.0
1155,2023-02-01 11:29:46.188,/benchmark4,0.0,dram,0,247a763202a08dc5a5a5463576bbb4b19ecdeca1,0.0,0.0
1156,2023-02-01 11:29:46.188,/benchmark3,0.0,dram,0,247a763202a08dc5a5a5463576bbb4b19ecdeca1,0.0,0.0
1157,2023-02-01 11:29:46.188,/benchmark2,0.0,dram,0,247a763202a08dc5a5a5463576bbb4b19ecdeca1,0.0,0.0
1158,2023-02-01 11:29:46.188,rapl,13.028518676757812,dram,1,RAPL_ENERGY_DRAM,1.0,0.0
1159,2023-02-01 11:29:46.188,global,0.0,dram,1,247a763202a08dc5a5a5463576bbb4b19ecdeca1,1.0,0.0
1160,2023-02-01 11:29:46.188,/benchmark1,0.0,dram,1,247a763202a08dc5a5a5463576bbb4b19ecdeca1,0.0,0.0
1161,2023-02-01 11:29:46.188,/benchmark4,0.0,dram,1,247a763202a08dc5a5a5463576bbb4b19ecdeca1,0.0,0.0
1162,2023-02-01 11:29:46.188,/benchmark3,0.0,dram,1,247a763202a08dc5a5a5463576bbb4b19ecdeca1,0.0,0.0
1163,2023-02-01 11:29:46.188,/benchmark2,0.0,dram,1,247a763202a08dc5a5a5463576bbb4b19ecdeca1,0.0,0.0
1164,2023-02-01 11:29:47.188,rapl,70.39154052734375,cpu,0,RAPL_ENERGY_PKG,1.0,0.0
1165,2023-02-01 11:29:47.188,global,0.0,cpu,0,247a763202a08dc5a5a5463576bbb4b19ecdeca1,1.0,0.0
1166,2023-02-01 11:29:47.188,/benchmark1,0.0,cpu,0,247a763202a08dc5a5a5463576bbb4b19ecdeca1,0.0,0.0
1167,2023-02-01 11:29:47.188,/benchmark4,0.0,cpu,0,247a763202a08dc5a5a5463576bbb4b19ecdeca1,0.0,0.0
1168,2023-02-01 11:29:47.188,/benchmark3,0.0,cpu,0,247a763202a08dc5a5a5463576bbb4b19ecdeca1,0.0,0.0
1169,2023-02-01 11:29:47.188,/benchmark2,0.0,cpu,0,247a763202a08dc5a5a5463576bbb4b19ecdeca1,0.0,0.0
1170,2023-02-01 11:29:47.188,rapl,69.4814453125,cpu,1,RAPL_ENERGY_PKG,1.0,0.0
1171,2023-02-01 11:29:47.188,global,0.0,cpu,1,247a763202a08dc5a5a5463576bbb4b19ecdeca1,1.0,0.0
1172,2023-02-01 11:29:47.188,/benchmark1,0.0,cpu,1,247a763202a08dc5a5a5463576bbb4b19ecdeca1,0.0,0.0
1173,2023-02-01 11:29:47.188,/benchmark4,0.0,cpu,1,247a763202a08dc5a5a5463576bbb4b19ecdeca1,0.0,0.0
1174,2023-02-01 11:29:47.188,/benchmark3,0.0,cpu,1,247a763202a08dc5a5a5463576bbb4b19ecdeca1,0.0,0.0
1175,2023-02-01 11:29:47.188,/benchmark2,0.0,cpu,1,247a763202a08dc5a5a5463576bbb4b19ecdeca1,0.0,0.0
1176,2023-02-01 11:29:47.188,rapl,12.67095947265625,dram,0,RAPL_ENERGY_DRAM,1.0,0.0
1177,2023-02-01 11:29:47.188,global,0.0,dram,0,247a763202a08dc5a5a5463576bbb4b19ecdeca1,1.0,0.0
1178,2023-02-01 11:29:47.188,/benchmark1,0.0,dram,0,247a763202a08dc5a5a5463576bbb4b19ecdeca1,0.0,0.0
1179,2023-02-01 11:29:47.188,/benchmark4,0.0,dram,0,247a763202a08dc5a5a5463576bbb4b19ecdeca1,0.0,0.0
1180,2023-02-01 11:29:47.188,/benchmark3,0.0,dram,0,247a763202a08dc5a5a5463576bbb4b19ecdeca1,0.0,0.0
1181,2023-02-01 11:29:47.188,/benchmark2,0.0,dram,0,247a763202a08dc5a5a5463576bbb4b19ecdeca1,0.0,0.0
1182,2023-02-01 11:29:47.188,rapl,13.02301025390625,dram,1,RAPL_ENERGY_DRAM,1.0,0.0
1183,2023-02-01 11:29:47.188,global,0.0,dram,1,247a763202a08dc5a5a5463576bbb4b19ecdeca1,1.0,0.0
1184,2023-02-01 11:29:47.188,/benchmark1,0.0,dram,1,247a763202a08dc5a5a5463576bbb4b19ecdeca1,0.0,0.0
1185,2023-02-01 11:29:47.188,/benchmark4,0.0,dram,1,247a763202a08dc5a5a5463576bbb4b19ecdeca1,0.0,0.0
1186,2023-02-01 11:29:47.188,/benchmark3,0.0,dram,1,247a763202a08dc5a5a5463576bbb4b19ecdeca1,0.0,0.0
1187,2023-02-01 11:29:47.188,/benchmark2,0.0,dram,1,247a763202a08dc5a5a5463576bbb4b19ecdeca1,0.0,0.0
1188,2023-02-01 11:29:48.188,rapl,70.42626953125,cpu,0,RAPL_ENERGY_PKG,1.0,0.0
1189,2023-02-01 11:29:48.188,global,0.0,cpu,0,247a763202a08dc5a5a5463576bbb4b19ecdeca1,1.0,0.0
1190,2023-02-01 11:29:48.188,/benchmark1,0.0,cpu,0,247a763202a08dc5a5a5463576bbb4b19ecdeca1,0.0,0.0
1191,2023-02-01 11:29:48.188,/benchmark4,0.0,cpu,0,247a763202a08dc5a5a5463576bbb4b19ecdeca1,0.0,0.0
1192,2023-02-01 11:29:48.188,/benchmark2,0.0,cpu,0,247a763202a08dc5a5a5463576bbb4b19ecdeca1,0.0,0.0
1193,2023-02-01 11:29:48.188,/benchmark3,0.0,cpu,0,247a763202a08dc5a5a5463576bbb4b19ecdeca1,0.0,0.0
1194,2023-02-01 11:29:48.188,rapl,69.52935791015625,cpu,1,RAPL_ENERGY_PKG,1.0,0.0
1195,2023-02-01 11:29:48.188,global,0.0,cpu,1,247a763202a08dc5a5a5463576bbb4b19ecdeca1,1.0,0.0
1196,2023-02-01 11:29:48.188,/benchmark1,0.0,cpu,1,247a763202a08dc5a5a5463576bbb4b19ecdeca1,0.0,0.0
1197,2023-02-01 11:29:48.188,/benchmark4,0.0,cpu,1,247a763202a08dc5a5a5463576bbb4b19ecdeca1,0.0,0.0
1198,2023-02-01 11:29:48.188,/benchmark2,0.0,cpu,1,247a763202a08dc5a5a5463576bbb4b19ecdeca1,0.0,0.0
1199,2023-02-01 11:29:48.188,/benchmark3,0.0,cpu,1,247a763202a08dc5a5a5463576bbb4b19ecdeca1,0.0,0.0
1200,2023-02-01 11:29:48.188,rapl,12.6434326171875,dram,0,RAPL_ENERGY_DRAM,1.0,0.0
1201,2023-02-01 11:29:48.188,global,0.0,dram,0,247a763202a08dc5a5a5463576bbb4b19ecdeca1,1.0,0.0
1202,2023-02-01 11:29:48.188,/benchmark1,0.0,dram,0,247a763202a08dc5a5a5463576bbb4b19ecdeca1,0.0,0.0
1203,2023-02-01 11:29:48.188,/benchmark4,0.0,dram,0,247a763202a08dc5a5a5463576bbb4b19ecdeca1,0.0,0.0
1204,2023-02-01 11:29:48.188,/benchmark2,0.0,dram,0,247a763202a08dc5a5a5463576bbb4b19ecdeca1,0.0,0.0
1205,2023-02-01 11:29:48.188,/benchmark3,0.0,dram,0,247a763202a08dc5a5a5463576bbb4b19ecdeca1,0.0,0.0
1206,2023-02-01 11:29:48.188,rapl,13.066329956054688,dram,1,RAPL_ENERGY_DRAM,1.0,0.0
1207,2023-02-01 11:29:48.188,global,0.0,dram,1,247a763202a08dc5a5a5463576bbb4b19ecdeca1,1.0,0.0
1208,2023-02-01 11:29:48.188,/benchmark1,0.0,dram,1,247a763202a08dc5a5a5463576bbb4b19ecdeca1,0.0,0.0
1209,2023-02-01 11:29:48.188,/benchmark4,0.0,dram,1,247a763202a08dc5a5a5463576bbb4b19ecdeca1,0.0,0.0
1210,2023-02-01 11:29:48.188,/benchmark2,0.0,dram,1,247a763202a08dc5a5a5463576bbb4b19ecdeca1,0.0,0.0
1211,2023-02-01 11:29:48.188,/benchmark3,0.0,dram,1,247a763202a08dc5a5a5463576bbb4b19ecdeca1,0.0,0.0
1212,2023-02-01 11:29:49.189,rapl,70.42596435546875,cpu,0,RAPL_ENERGY_PKG,1.0,0.0
1213,2023-02-01 11:29:49.189,global,0.0,cpu,0,247a763202a08dc5a5a5463576bbb4b19ecdeca1,1.0,0.0
1214,2023-02-01 11:29:49.189,/benchmark1,0.0,cpu,0,247a763202a08dc5a5a5463576bbb4b19ecdeca1,0.0,0.0
1215,2023-02-01 11:29:49.189,/benchmark3,0.0,cpu,0,247a763202a08dc5a5a5463576bbb4b19ecdeca1,0.0,0.0
1216,2023-02-01 11:29:49.189,/benchmark2,0.0,cpu,0,247a763202a08dc5a5a5463576bbb4b19ecdeca1,0.0,0.0
1217,2023-02-01 11:29:49.189,/benchmark4,0.0,cpu,0,247a763202a08dc5a5a5463576bbb4b19ecdeca1,0.0,0.0
1218,2023-02-01 11:29:49.189,rapl,69.51702880859375,cpu,1,RAPL_ENERGY_PKG,1.0,0.0
1219,2023-02-01 11:29:49.189,global,0.0,cpu,1,247a763202a08dc5a5a5463576bbb4b19ecdeca1,1.0,0.0
1220,2023-02-01 11:29:49.189,/benchmark1,0.0,cpu,1,247a763202a08dc5a5a5463576bbb4b19ecdeca1,0.0,0.0
1221,2023-02-01 11:29:49.189,/benchmark3,0.0,cpu,1,247a763202a08dc5a5a5463576bbb4b19ecdeca1,0.0,0.0
1222,2023-02-01 11:29:49.189,/benchmark2,0.0,cpu,1,247a763202a08dc5a5a5463576bbb4b19ecdeca1,0.0,0.0
1223,2023-02-01 11:29:49.189,/benchmark4,0.0,cpu,1,247a763202a08dc5a5a5463576bbb4b19ecdeca1,0.0,0.0
1224,2023-02-01 11:29:49.189,rapl,12.675628662109375,dram,0,RAPL_ENERGY_DRAM,1.0,0.0
1225,2023-02-01 11:29:49.189,global,0.0,dram,0,247a763202a08dc5a5a5463576bbb4b19ecdeca1,1.0,0.0
1226,2023-02-01 11:29:49.189,/benchmark1,0.0,dram,0,247a763202a08dc5a5a5463576bbb4b19ecdeca1,0.0,0.0
1227,2023-02-01 11:29:49.189,/benchmark3,0.0,dram,0,247a763202a08dc5a5a5463576bbb4b19ecdeca1,0.0,0.0
1228,2023-02-01 11:29:49.189,/benchmark2,0.0,dram,0,247a763202a08dc5a5a5463576bbb4b19ecdeca1,0.0,0.0
1229,2023-02-01 11:29:49.189,/benchmark4,0.0,dram,0,247a763202a08dc5a5a5463576bbb4b19ecdeca1,0.0,0.0
1230,2023-02-01 11:29:49.189,rapl,13.072433471679688,dram,1,RAPL_ENERGY_DRAM,1.0,0.0
1231,2023-02-01 11:29:49.189,global,0.0,dram,1,247a763202a08dc5a5a5463576bbb4b19ecdeca1,1.0,0.0
1232,2023-02-01 11:29:49.189,/benchmark1,0.0,dram,1,247a763202a08dc5a5a5463576bbb4b19ecdeca1,0.0,0.0
1233,2023-02-01 11:29:49.189,/benchmark3,0.0,dram,1,247a763202a08dc5a5a5463576bbb4b19ecdeca1,0.0,0.0
1234,2023-02-01 11:29:49.189,/benchmark2,0.0,dram,1,247a763202a08dc5a5a5463576bbb4b19ecdeca1,0.0,0.0
1235,2023-02-01 11:29:49.189,/benchmark4,0.0,dram,1,247a763202a08dc5a5a5463576bbb4b19ecdeca1,0.0,0.0
1236,2023-02-01 11:29:50.189,rapl,70.42767333984375,cpu,0,RAPL_ENERGY_PKG,1.0,0.0
1237,2023-02-01 11:29:50.189,global,69.37447814941406,cpu,0,e45e38bd2bc851220fe6665827ed7fc6dc887e68,1.0,69.37447814941406
1238,2023-02-01 11:29:50.189,/benchmark4,0.0,cpu,0,e45e38bd2bc851220fe6665827ed7fc6dc887e68,0.0,69.37447814941406
1239,2023-02-01 11:29:50.189,/benchmark3,0.0,cpu,0,e45e38bd2bc851220fe6665827ed7fc6dc887e68,0.0,69.37447814941406
1240,2023-02-01 11:29:50.189,/benchmark2,0.0,cpu,0,e45e38bd2bc851220fe6665827ed7fc6dc887e68,0.0,69.37447814941406
1241,2023-02-01 11:29:50.189,/benchmark1,0.0,cpu,0,e45e38bd2bc851220fe6665827ed7fc6dc887e68,0.0,69.37447814941406
1242,2023-02-01 11:29:50.189,rapl,69.5958251953125,cpu,1,RAPL_ENERGY_PKG,1.0,0.0
1243,2023-02-01 11:29:50.189,global,68.38846740722656,cpu,1,8cef5abc61cb033df6a44f9f0b4d14f111daa157,1.0,68.38846740722656
1244,2023-02-01 11:29:50.189,/benchmark4,0.0,cpu,1,8cef5abc61cb033df6a44f9f0b4d14f111daa157,0.0,68.38846740722656
1245,2023-02-01 11:29:50.189,/benchmark3,0.0,cpu,1,8cef5abc61cb033df6a44f9f0b4d14f111daa157,0.0,68.38846740722656
1246,2023-02-01 11:29:50.189,/benchmark2,0.0,cpu,1,8cef5abc61cb033df6a44f9f0b4d14f111daa157,0.0,68.38846740722656
1247,2023-02-01 11:29:50.189,/benchmark1,0.0,cpu,1,8cef5abc61cb033df6a44f9f0b4d14f111daa157,0.0,68.38846740722656
1248,2023-02-01 11:29:50.189,rapl,12.654495239257812,dram,0,RAPL_ENERGY_DRAM,1.0,0.0
1249,2023-02-01 11:29:50.189,global,12.461949157714844,dram,0,78b0a292a97c15df67fefab7e0af9a601bf982d3,1.0,12.461949157714844
1250,2023-02-01 11:29:50.189,/benchmark4,0.0,dram,0,78b0a292a97c15df67fefab7e0af9a601bf982d3,0.0,12.461949157714844
1251,2023-02-01 11:29:50.189,/benchmark3,0.0,dram,0,78b0a292a97c15df67fefab7e0af9a601bf982d3,0.0,12.461949157714844
1252,2023-02-01 11:29:50.189,/benchmark2,0.0,dram,0,78b0a292a97c15df67fefab7e0af9a601bf982d3,0.0,12.461949157714844
1253,2023-02-01 11:29:50.189,/benchmark1,0.0,dram,0,78b0a292a97c15df67fefab7e0af9a601bf982d3,0.0,12.461949157714844
1254,2023-02-01 11:29:50.189,rapl,13.019851684570312,dram,1,RAPL_ENERGY_DRAM,1.0,0.0
1255,2023-02-01 11:29:50.189,global,12.807187906901042,dram,1,e338ce15d13d6313503924a6d20075a34370f3ae,1.0,12.807187906901042
1256,2023-02-01 11:29:50.189,/benchmark4,0.0,dram,1,e338ce15d13d6313503924a6d20075a34370f3ae,0.0,12.807187906901042
1257,2023-02-01 11:29:50.189,/benchmark3,0.0,dram,1,e338ce15d13d6313503924a6d20075a34370f3ae,0.0,12.807187906901042
1258,2023-02-01 11:29:50.189,/benchmark2,0.0,dram,1,e338ce15d13d6313503924a6d20075a34370f3ae,0.0,12.807187906901042
1259,2023-02-01 11:29:50.189,/benchmark1,0.0,dram,1,e338ce15d13d6313503924a6d20075a34370f3ae,0.0,12.807187906901042
1260,2023-02-01 11:29:51.189,rapl,70.36474609375,cpu,0,RAPL_ENERGY_PKG,1.0,0.0
1261,2023-02-01 11:29:51.189,global,69.37447814941406,cpu,0,e45e38bd2bc851220fe6665827ed7fc6dc887e68,1.0,69.37447814941406
1262,2023-02-01 11:29:51.189,/benchmark1,0.0,cpu,0,e45e38bd2bc851220fe6665827ed7fc6dc887e68,0.0,69.37447814941406
1263,2023-02-01 11:29:51.189,/benchmark4,0.0,cpu,0,e45e38bd2bc851220fe6665827ed7fc6dc887e68,0.0,69.37447814941406
1264,2023-02-01 11:29:51.189,/benchmark3,0.0,cpu,0,e45e38bd2bc851220fe6665827ed7fc6dc887e68,0.0,69.37447814941406
1265,2023-02-01 11:29:51.189,/benchmark2,0.0,cpu,0,e45e38bd2bc851220fe6665827ed7fc6dc887e68,0.0,69.37447814941406
1266,2023-02-01 11:29:51.189,rapl,69.51519775390625,cpu,1,RAPL_ENERGY_PKG,1.0,0.0
1267,2023-02-01 11:29:51.189,global,68.38846740722656,cpu,1,8cef5abc61cb033df6a44f9f0b4d14f111daa157,1.0,68.38846740722656
1268,2023-02-01 11:29:51.189,/benchmark1,0.0,cpu,1,8cef5abc61cb033df6a44f9f0b4d14f111daa157,0.0,68.38846740722656
1269,2023-02-01 11:29:51.189,/benchmark4,0.0,cpu,1,8cef5abc61cb033df6a44f9f0b4d14f111daa157,0.0,68.38846740722656
1270,2023-02-01 11:29:51.189,/benchmark3,0.0,cpu,1,8cef5abc61cb033df6a44f9f0b4d14f111daa157,0.0,68.38846740722656
1271,2023-02-01 11:29:51.189,/benchmark2,0.0,cpu,1,8cef5abc61cb033df6a44f9f0b4d14f111daa157,0.0,68.38846740722656
1272,2023-02-01 11:29:51.189,rapl,12.631088256835938,dram,0,RAPL_ENERGY_DRAM,1.0,0.0
1273,2023-02-01 11:29:51.189,global,12.461949157714844,dram,0,78b0a292a97c15df67fefab7e0af9a601bf982d3,1.0,12.461949157714844
1274,2023-02-01 11:29:51.189,/benchmark1,0.0,dram,0,78b0a292a97c15df67fefab7e0af9a601bf982d3,0.0,12.461949157714844
1275,2023-02-01 11:29:51.189,/benchmark4,0.0,dram,0,78b0a292a97c15df67fefab7e0af9a601bf982d3,0.0,12.461949157714844
1276,2023-02-01 11:29:51.189,/benchmark3,0.0,dram,0,78b0a292a97c15df67fefab7e0af9a601bf982d3,0.0,12.461949157714844
1277,2023-02-01 11:29:51.189,/benchmark2,0.0,dram,0,78b0a292a97c15df67fefab7e0af9a601bf982d3,0.0,12.461949157714844
1278,2023-02-01 11:29:51.189,rapl,13.034439086914062,dram,1,RAPL_ENERGY_DRAM,1.0,0.0
1279,2023-02-01 11:29:51.189,global,12.807187906901042,dram,1,e338ce15d13d6313503924a6d20075a34370f3ae,1.0,12.807187906901042
1280,2023-02-01 11:29:51.189,/benchmark1,0.0,dram,1,e338ce15d13d6313503924a6d20075a34370f3ae,0.0,12.807187906901042
1281,2023-02-01 11:29:51.189,/benchmark4,0.0,dram,1,e338ce15d13d6313503924a6d20075a34370f3ae,0.0,12.807187906901042
1282,2023-02-01 11:29:51.189,/benchmark3,0.0,dram,1,e338ce15d13d6313503924a6d20075a34370f3ae,0.0,12.807187906901042
1283,2023-02-01 11:29:51.189,/benchmark2,0.0,dram,1,e338ce15d13d6313503924a6d20075a34370f3ae,0.0,12.807187906901042
1284,2023-02-01 11:29:52.189,rapl,71.46588134765625,cpu,0,RAPL_ENERGY_PKG,1.0,0.0
1285,2023-02-01 11:29:52.189,global,69.37447814941406,cpu,0,e45e38bd2bc851220fe6665827ed7fc6dc887e68,1.0,69.37447814941406
1286,2023-02-01 11:29:52.189,/benchmark1,0.0,cpu,0,e45e38bd2bc851220fe6665827ed7fc6dc887e68,0.0,69.37447814941406
1287,2023-02-01 11:29:52.189,/benchmark4,0.0,cpu,0,e45e38bd2bc851220fe6665827ed7fc6dc887e68,0.0,69.37447814941406
1288,2023-02-01 11:29:52.189,/benchmark3,0.0,cpu,0,e45e38bd2bc851220fe6665827ed7fc6dc887e68,0.0,69.37447814941406
1289,2023-02-01 11:29:52.189,/benchmark2,0.0,cpu,0,e45e38bd2bc851220fe6665827ed7fc6dc887e68,0.0,69.37447814941406
1290,2023-02-01 11:29:52.189,rapl,71.14923095703125,cpu,1,RAPL_ENERGY_PKG,1.0,0.0
1291,2023-02-01 11:29:52.189,global,68.38846740722656,cpu,1,8cef5abc61cb033df6a44f9f0b4d14f111daa157,1.0,68.38846740722656
1292,2023-02-01 11:29:52.189,/benchmark1,0.0,cpu,1,8cef5abc61cb033df6a44f9f0b4d14f111daa157,0.0,68.38846740722656
1293,2023-02-01 11:29:52.189,/benchmark4,0.0,cpu,1,8cef5abc61cb033df6a44f9f0b4d14f111daa157,0.0,68.38846740722656
1294,2023-02-01 11:29:52.189,/benchmark3,0.0,cpu,1,8cef5abc61cb033df6a44f9f0b4d14f111daa157,0.0,68.38846740722656
1295,2023-02-01 11:29:52.189,/benchmark2,0.0,cpu,1,8cef5abc61cb033df6a44f9f0b4d14f111daa157,0.0,68.38846740722656
1296,2023-02-01 11:29:52.189,rapl,12.683990478515625,dram,0,RAPL_ENERGY_DRAM,1.0,0.0
1297,2023-02-01 11:29:52.189,global,12.461949157714844,dram,0,78b0a292a97c15df67fefab7e0af9a601bf982d3,1.0,12.461949157714844
1298,2023-02-01 11:29:52.189,/benchmark1,0.0,dram,0,78b0a292a97c15df67fefab7e0af9a601bf982d3,0.0,12.461949157714844
1299,2023-02-01 11:29:52.189,/benchmark4,0.0,dram,0,78b0a292a97c15df67fefab7e0af9a601bf982d3,0.0,12.461949157714844
1300,2023-02-01 11:29:52.189,/benchmark3,0.0,dram,0,78b0a292a97c15df67fefab7e0af9a601bf982d3,0.0,12.461949157714844
1301,2023-02-01 11:29:52.189,/benchmark2,0.0,dram,0,78b0a292a97c15df67fefab7e0af9a601bf982d3,0.0,12.461949157714844
1302,2023-02-01 11:29:52.189,rapl,13.034713745117188,dram,1,RAPL_ENERGY_DRAM,1.0,0.0
1303,2023-02-01 11:29:52.189,global,12.807187906901042,dram,1,e338ce15d13d6313503924a6d20075a34370f3ae,1.0,12.807187906901042
1304,2023-02-01 11:29:52.189,/benchmark1,0.0,dram,1,e338ce15d13d6313503924a6d20075a34370f3ae,0.0,12.807187906901042
1305,2023-02-01 11:29:52.189,/benchmark4,0.0,dram,1,e338ce15d13d6313503924a6d20075a34370f3ae,0.0,12.807187906901042
1306,2023-02-01 11:29:52.189,/benchmark3,0.0,dram,1,e338ce15d13d6313503924a6d20075a34370f3ae,0.0,12.807187906901042
1307,2023-02-01 11:29:52.189,/benchmark2,0.0,dram,1,e338ce15d13d6313503924a6d20075a34370f3ae,0.0,12.807187906901042
1308,2023-02-01 11:29:53.190,rapl,71.99066162109375,cpu,0,RAPL_ENERGY_PKG,1.0,0.0
1309,2023-02-01 11:29:53.190,global,72.3638617247952,cpu,0,e46328d77e9f35f861af016694c2714cafb866e6,1.0,72.3638617247952
1310,2023-02-01 11:29:53.190,/benchmark1,36.18346099714814,cpu,0,e46328d77e9f35f861af016694c2714cafb866e6,0.5000211450123593,71.45392700133841
1311,2023-02-01 11:29:53.190,/benchmark4,0.0,cpu,0,e46328d77e9f35f861af016694c2714cafb866e6,0.0,70.54391531230286
1312,2023-02-01 11:29:53.190,/benchmark3,36.18040072764706,cpu,0,e46328d77e9f35f861af016694c2714cafb866e6,0.4999788549876407,71.45385003575964
1313,2023-02-01 11:29:53.190,/benchmark2,0.0,cpu,0,e46328d77e9f35f861af016694c2714cafb866e6,0.0,70.54391531230286
1314,2023-02-01 11:29:53.190,rapl,70.90655517578125,cpu,1,RAPL_ENERGY_PKG,1.0,0.0
1315,2023-02-01 11:29:53.190,global,71.07227607937051,cpu,1,b56c7a1e321c4581d02a9de890abf570bd93c969,1.0,71.07227607937051
1316,2023-02-01 11:29:53.190,/benchmark1,0.0,cpu,1,b56c7a1e321c4581d02a9de890abf570bd93c969,0.0,69.54572774602578
1317,2023-02-01 11:29:53.190,/benchmark4,35.5382376714967,cpu,1,b56c7a1e321c4581d02a9de890abf570bd93c969,0.500029542205868,70.30904701030327
1318,2023-02-01 11:29:53.190,/benchmark3,0.0,cpu,1,b56c7a1e321c4581d02a9de890abf570bd93c969,0.0,69.54572774602578
1319,2023-02-01 11:29:53.190,/benchmark2,35.53403840787381,cpu,1,b56c7a1e321c4581d02a9de890abf570bd93c969,0.49997045779413196,70.30895681509301
1320,2023-02-01 11:29:53.190,rapl,12.686447143554688,dram,0,RAPL_ENERGY_DRAM,1.0,0.0
1321,2023-02-01 11:29:53.190,global,12.461949157714844,dram,0,78b0a292a97c15df67fefab7e0af9a601bf982d3,1.0,12.461949157714844
1322,2023-02-01 11:29:53.190,/benchmark1,0.0,dram,0,78b0a292a97c15df67fefab7e0af9a601bf982d3,0.0,12.461949157714844
1323,2023-02-01 11:29:53.190,/benchmark4,0.0,dram,0,78b0a292a97c15df67fefab7e0af9a601bf982d3,0.0,12.461949157714844
1324,2023-02-01 11:29:53.190,/benchmark3,0.0,dram,0,78b0a292a97c15df67fefab7e0af9a601bf982d3,0.0,12.461949157714844
1325,2023-02-01 11:29:53.190,/benchmark2,0.0,dram,0,78b0a292a97c15df67fefab7e0af9a601bf982d3,0.0,12.461949157714844
1326,2023-02-01 11:29:53.190,rapl,13.038619995117188,dram,1,RAPL_ENERGY_DRAM,1.0,0.0
1327,2023-02-01 11:29:53.190,global,12.807187906901042,dram,1,e338ce15d13d6313503924a6d20075a34370f3ae,1.0,12.807187906901042
1328,2023-02-01 11:29:53.190,/benchmark1,0.0,dram,1,e338ce15d13d6313503924a6d20075a34370f3ae,0.0,12.807187906901042
1329,2023-02-01 11:29:53.190,/benchmark4,0.0,dram,1,e338ce15d13d6313503924a6d20075a34370f3ae,0.0,12.807187906901042
1330,2023-02-01 11:29:53.190,/benchmark3,0.0,dram,1,e338ce15d13d6313503924a6d20075a34370f3ae,0.0,12.807187906901042
1331,2023-02-01 11:29:53.190,/benchmark2,0.0,dram,1,e338ce15d13d6313503924a6d20075a34370f3ae,0.0,12.807187906901042
1332,2023-02-01 11:29:54.190,rapl,71.9761962890625,cpu,0,RAPL_ENERGY_PKG,1.0,0.0
1333,2023-02-01 11:29:54.190,global,72.36397674467959,cpu,0,e46328d77e9f35f861af016694c2714cafb866e6,1.0,72.36397674467959
1334,2023-02-01 11:29:54.190,/benchmark1,36.18238012691154,cpu,0,e46328d77e9f35f861af016694c2714cafb866e6,0.500005413668366,71.45395588170022
1335,2023-02-01 11:29:54.190,/benchmark4,0.0,cpu,0,e46328d77e9f35f861af016694c2714cafb866e6,0.0,70.54391531230286
1336,2023-02-01 11:29:54.190,/benchmark3,36.18159661776805,cpu,0,e46328d77e9f35f861af016694c2714cafb866e6,0.49999458633163396,71.45393617528222
1337,2023-02-01 11:29:54.190,/benchmark2,0.0,cpu,0,e46328d77e9f35f861af016694c2714cafb866e6,0.0,70.54391531230286
1338,2023-02-01 11:29:54.190,rapl,70.87310791015625,cpu,1,RAPL_ENERGY_PKG,1.0,0.0
1339,2023-02-01 11:29:54.190,global,71.07244465897013,cpu,1,b56c7a1e321c4581d02a9de890abf570bd93c969,1.0,71.07244465897013
1340,2023-02-01 11:29:54.190,/benchmark1,0.0,cpu,1,b56c7a1e321c4581d02a9de890abf570bd93c969,0.0,69.54572774602578
1341,2023-02-01 11:29:54.190,/benchmark4,35.53657291283935,cpu,1,b56c7a1e321c4581d02a9de890abf570bd93c969,0.5000049327605933,70.30909373342698
1342,2023-02-01 11:29:54.190,/benchmark3,0.0,cpu,1,b56c7a1e321c4581d02a9de890abf570bd93c969,0.0,69.54572774602578
1343,2023-02-01 11:29:54.190,/benchmark2,35.53587174613078,cpu,1,b56c7a1e321c4581d02a9de890abf570bd93c969,0.49999506723940673,70.30907867156893
1344,2023-02-01 11:29:54.190,rapl,12.659317016601562,dram,0,RAPL_ENERGY_DRAM,1.0,0.0
1345,2023-02-01 11:29:54.190,global,12.461949157714844,dram,0,78b0a292a97c15df67fefab7e0af9a601bf982d3,1.0,12.461949157714844
1346,2023-02-01 11:29:54.190,/benchmark1,0.0,dram,0,78b0a292a97c15df67fefab7e0af9a601bf982d3,0.0,12.461949157714844
1347,2023-02-01 11:29:54.190,/benchmark4,0.0,dram,0,78b0a292a97c15df67fefab7e0af9a601bf982d3,0.0,12.461949157714844
1348,2023-02-01 11:29:54.190,/benchmark3,0.0,dram,0,78b0a292a97c15df67fefab7e0af9a601bf982d3,0.0,12.461949157714844
1349,2023-02-01 11:29:54.190,/benchmark2,0.0,dram,0,78b0a292a97c15df67fefab7e0af9a601bf982d3,0.0,12.461949157714844
1350,2023-02-01 11:29:54.190,rapl,13.08197021484375,dram,1,RAPL_ENERGY_DRAM,1.0,0.0
1351,2023-02-01 11:29:54.190,global,12.807187906901042,dram,1,e338ce15d13d6313503924a6d20075a34370f3ae,1.0,12.807187906901042
1352,2023-02-01 11:29:54.190,/benchmark1,0.0,dram,1,e338ce15d13d6313503924a6d20075a34370f3ae,0.0,12.807187906901042
1353,2023-02-01 11:29:54.190,/benchmark4,0.0,dram,1,e338ce15d13d6313503924a6d20075a34370f3ae,0.0,12.807187906901042
1354,2023-02-01 11:29:54.190,/benchmark3,0.0,dram,1,e338ce15d13d6313503924a6d20075a34370f3ae,0.0,12.807187906901042
1355,2023-02-01 11:29:54.190,/benchmark2,0.0,dram,1,e338ce15d13d6313503924a6d20075a34370f3ae,0.0,12.807187906901042
1356,2023-02-01 11:29:55.190,rapl,72.0025634765625,cpu,0,RAPL_ENERGY_PKG,1.0,0.0
1357,2023-02-01 11:29:55.190,global,72.36403766065914,cpu,0,e46328d77e9f35f861af016694c2714cafb866e6,1.0,72.36403766065914
1358,2023-02-01 11:29:55.190,/benchmark1,36.18146175931105,cpu,0,e46328d77e9f35f861af016694c2714cafb866e6,0.4999923018250981,71.45396247486082
1359,2023-02-01 11:29:55.190,/benchmark4,0.0,cpu,0,e46328d77e9f35f861af016694c2714cafb866e6,0.0,70.54391531230286
1360,2023-02-01 11:29:55.190,/benchmark3,36.182575901348095,cpu,0,e46328d77e9f35f861af016694c2714cafb866e6,0.500007698174902,71.45399049810118
1361,2023-02-01 11:29:55.190,/benchmark2,0.0,cpu,0,e46328d77e9f35f861af016694c2714cafb866e6,0.0,70.54391531230286
1362,2023-02-01 11:29:55.190,rapl,70.8211669921875,cpu,1,RAPL_ENERGY_PKG,1.0,0.0
1363,2023-02-01 11:29:55.190,global,71.07249081603061,cpu,1,b56c7a1e321c4581d02a9de890abf570bd93c969,1.0,71.07249081603061
1364,2023-02-01 11:29:55.190,/benchmark1,0.0,cpu,1,b56c7a1e321c4581d02a9de890abf570bd93c969,0.0,69.54572774602578
1365,2023-02-01 11:29:55.190,/benchmark4,35.53772443786713,cpu,1,b56c7a1e321c4581d02a9de890abf570bd93c969,0.5000208101592452,70.30914105321081
1366,2023-02-01 11:29:55.190,/benchmark3,0.0,cpu,1,b56c7a1e321c4581d02a9de890abf570bd93c969,0.0,69.54572774602578
1367,2023-02-01 11:29:55.190,/benchmark2,35.534766378163475,cpu,1,b56c7a1e321c4581d02a9de890abf570bd93c969,0.49997918984075485,70.30907750884558
1368,2023-02-01 11:29:55.190,rapl,12.63543701171875,dram,0,RAPL_ENERGY_DRAM,1.0,0.0
1369,2023-02-01 11:29:55.190,global,12.461949157714844,dram,0,78b0a292a97c15df67fefab7e0af9a601bf982d3,1.0,12.461949157714844
1370,2023-02-01 11:29:55.190,/benchmark1,0.0,dram,0,78b0a292a97c15df67fefab7e0af9a601bf982d3,0.0,12.461949157714844
1371,2023-02-01 11:29:55.190,/benchmark4,0.0,dram,0,78b0a292a97c15df67fefab7e0af9a601bf982d3,0.0,12.461949157714844
1372,2023-02-01 11:29:55.190,/benchmark3,0.0,dram,0,78b0a292a97c15df67fefab7e0af9a601bf982d3,0.0,12.461949157714844
1373,2023-02-01 11:29:55.190,/benchmark2,0.0,dram,0,78b0a292a97c15df67fefab7e0af9a601bf982d3,0.0,12.461949157714844
1374,2023-02-01 11:29:55.190,rapl,13.070724487304688,dram,1,RAPL_ENERGY_DRAM,1.0,0.0
1375,2023-02-01 11:29:55.190,global,12.807187906901042,dram,1,e338ce15d13d6313503924a6d20075a34370f3ae,1.0,12.807187906901042
1376,2023-02-01 11:29:55.190,/benchmark1,0.0,dram,1,e338ce15d13d6313503924a6d20075a34370f3ae,0.0,12.807187906901042
1377,2023-02-01 11:29:55.190,/benchmark4,0.0,dram,1,e338ce15d13d6313503924a6d20075a34370f3ae,0.0,12.807187906901042
1378,2023-02-01 11:29:55.190,/benchmark3,0.0,dram,1,e338ce15d13d6313503924a6d20075a34370f3ae,0.0,12.807187906901042
1379,2023-02-01 11:29:55.190,/benchmark2,0.0,dram,1,e338ce15d13d6313503924a6d20075a34370f3ae,0.0,12.807187906901042
1380,2023-02-01 11:29:56.190,rapl,72.0743408203125,cpu,0,RAPL_ENERGY_PKG,1.0,0.0
1381,2023-02-01 11:29:56.190,global,72.3640680183242,cpu,0,e46328d77e9f35f861af016694c2714cafb866e6,1.0,72.3640680183242
1382,2023-02-01 11:29:56.190,/benchmark1,36.18186215821513,cpu,0,e46328d77e9f35f861af016694c2714cafb866e6,0.4999976251895219,71.45398734279581
1383,2023-02-01 11:29:56.190,/benchmark4,0.0,cpu,0,e46328d77e9f35f861af016694c2714cafb866e6,0.0,70.54391531230286
1384,2023-02-01 11:29:56.190,/benchmark3,36.182205860109065,cpu,0,e46328d77e9f35f861af016694c2714cafb866e6,0.500002374810478,71.45399598783125
1385,2023-02-01 11:29:56.190,/benchmark2,0.0,cpu,0,e46328d77e9f35f861af016694c2714cafb866e6,0.0,70.54391531230286
1386,2023-02-01 11:29:56.190,rapl,70.8717041015625,cpu,1,RAPL_ENERGY_PKG,1.0,0.0
1387,2023-02-01 11:29:56.190,global,71.07240871398622,cpu,1,b56c7a1e321c4581d02a9de890abf570bd93c969,1.0,71.07240871398622
1388,2023-02-01 11:29:56.190,/benchmark1,0.0,cpu,1,b56c7a1e321c4581d02a9de890abf570bd93c969,0.0,69.54572774602578
1389,2023-02-01 11:29:56.190,/benchmark4,35.53912981015814,cpu,1,b56c7a1e321c4581d02a9de890abf570bd93c969,0.5000411615874284,70.30913107061814
1390,2023-02-01 11:29:56.190,/benchmark3,0.0,cpu,1,b56c7a1e321c4581d02a9de890abf570bd93c969,0.0,69.54572774602578
1391,2023-02-01 11:29:56.190,/benchmark2,35.533278903828084,cpu,1,b56c7a1e321c4581d02a9de890abf570bd93c969,0.49995883841257166,70.30900538939386
1392,2023-02-01 11:29:56.190,rapl,12.6781005859375,dram,0,RAPL_ENERGY_DRAM,1.0,0.0
1393,2023-02-01 11:29:56.190,global,12.461949157714844,dram,0,78b0a292a97c15df67fefab7e0af9a601bf982d3,1.0,12.461949157714844
1394,2023-02-01 11:29:56.190,/benchmark1,0.0,dram,0,78b0a292a97c15df67fefab7e0af9a601bf982d3,0.0,12.461949157714844
1395,2023-02-01 11:29:56.190,/benchmark4,0.0,dram,0,78b0a292a97c15df67fefab7e0af9a601bf982d3,0.0,12.461949157714844
1396,2023-02-01 11:29:56.190,/benchmark3,0.0,dram,0,78b0a292a97c15df67fefab7e0af9a601bf982d3,0.0,12.461949157714844
1397,2023-02-01 11:29:56.190,/benchmark2,0.0,dram,0,78b0a292a97c15df67fefab7e0af9a601bf982d3,0.0,12.461949157714844
1398,2023-02-01 11:29:56.190,rapl,13.068038940429688,dram,1,RAPL_ENERGY_DRAM,1.0,0.0
1399,2023-02-01 11:29:56.190,global,12.807187906901042,dram,1,e338ce15d13d6313503924a6d20075a34370f3ae,1.0,12.807187906901042
1400,2023-02-01 11:29:56.190,/benchmark1,0.0,dram,1,e338ce15d13d6313503924a6d20075a34370f3ae,0.0,12.807187906901042
1401,2023-02-01 11:29:56.190,/benchmark4,0.0,dram,1,e338ce15d13d6313503924a6d20075a34370f3ae,0.0,12.807187906901042
1402,2023-02-01 11:29:56.190,/benchmark3,0.0,dram,1,e338ce15d13d6313503924a6d20075a34370f3ae,0.0,12.807187906901042
1403,2023-02-01 11:29:56.190,/benchmark2,0.0,dram,1,e338ce15d13d6313503924a6d20075a34370f3ae,0.0,12.807187906901042
1404,2023-02-01 11:29:57.190,rapl,72.0177001953125,cpu,0,RAPL_ENERGY_PKG,1.0,0.0
1405,2023-02-01 11:29:57.190,global,72.36400608101704,cpu,0,e46328d77e9f35f861af016694c2714cafb866e6,1.0,72.36400608101704
1406,2023-02-01 11:29:57.190,/benchmark1,36.182150602400625,cpu,0,e46328d77e9f35f861af016694c2714cafb866e6,0.5000020391614575,71.45396440811889
1407,2023-02-01 11:29:57.190,/benchmark4,0.0,cpu,0,e46328d77e9f35f861af016694c2714cafb866e6,0.0,70.54391531230286
1408,2023-02-01 11:29:57.190,/benchmark3,36.181855478616974,cpu,0,e46328d77e9f35f861af016694c2714cafb866e6,0.49999796083855036,71.45395698520102
1409,2023-02-01 11:29:57.190,/benchmark2,0.0,cpu,0,e46328d77e9f35f861af016694c2714cafb866e6,0.0,70.54391531230286
1410,2023-02-01 11:29:57.190,rapl,70.8525390625,cpu,1,RAPL_ENERGY_PKG,1.0,0.0
1411,2023-02-01 11:29:57.190,global,71.07235493037756,cpu,1,b56c7a1e321c4581d02a9de890abf570bd93c969,1.0,71.07235493037756
1412,2023-02-01 11:29:57.190,/benchmark1,0.0,cpu,1,b56c7a1e321c4581d02a9de890abf570bd93c969,0.0,69.54572774602578
1413,2023-02-01 11:29:57.190,/benchmark4,35.53945896458932,cpu,1,b56c7a1e321c4581d02a9de890abf570bd93c969,0.5000461712490568,70.30911182448561
1414,2023-02-01 11:29:57.190,/benchmark3,0.0,cpu,1,b56c7a1e321c4581d02a9de890abf570bd93c969,0.0,69.54572774602578
1415,2023-02-01 11:29:57.190,/benchmark2,35.532895965788235,cpu,1,b56c7a1e321c4581d02a9de890abf570bd93c969,0.4999538287509432,70.30897085191772
1416,2023-02-01 11:29:57.190,rapl,12.682693481445312,dram,0,RAPL_ENERGY_DRAM,1.0,0.0
1417,2023-02-01 11:29:57.190,global,12.461949157714844,dram,0,78b0a292a97c15df67fefab7e0af9a601bf982d3,1.0,12.461949157714844
1418,2023-02-01 11:29:57.190,/benchmark1,0.0,dram,0,78b0a292a97c15df67fefab7e0af9a601bf982d3,0.0,12.461949157714844
1419,2023-02-01 11:29:57.190,/benchmark4,0.0,dram,0,78b0a292a97c15df67fefab7e0af9a601bf982d3,0.0,12.461949157714844
1420,2023-02-01 11:29:57.190,/benchmark3,0.0,dram,0,78b0a292a97c15df67fefab7e0af9a601bf982d3,0.0,12.461949157714844
1421,2023-02-01 11:29:57.190,/benchmark2,0.0,dram,0,78b0a292a97c15df67fefab7e0af9a601bf982d3,0.0,12.461949157714844
1422,2023-02-01 11:29:57.190,rapl,13.014007568359375,dram,1,RAPL_ENERGY_DRAM,1.0,0.0
1423,2023-02-01 11:29:57.190,global,12.807187906901042,dram,1,e338ce15d13d6313503924a6d20075a34370f3ae,1.0,12.807187906901042
1424,2023-02-01 11:29:57.190,/benchmark1,0.0,dram,1,e338ce15d13d6313503924a6d20075a34370f3ae,0.0,12.807187906901042
1425,2023-02-01 11:29:57.190,/benchmark4,0.0,dram,1,e338ce15d13d6313503924a6d20075a34370f3ae,0.0,12.807187906901042
1426,2023-02-01 11:29:57.190,/benchmark3,0.0,dram,1,e338ce15d13d6313503924a6d20075a34370f3ae,0.0,12.807187906901042
1427,2023-02-01 11:29:57.190,/benchmark2,0.0,dram,1,e338ce15d13d6313503924a6d20075a34370f3ae,0.0,12.807187906901042
1428,2023-02-01 11:29:58.191,rapl,72.02001953125,cpu,0,RAPL_ENERGY_PKG,1.0,0.0
1429,2023-02-01 11:29:58.191,global,72.36406417916031,cpu,0,e46328d77e9f35f861af016694c2714cafb866e6,1.0,72.36406417916031
1430,2023-02-01 11:29:58.191,/benchmark1,36.181626573280425,cpu,0,e46328d77e9f35f861af016694c2714cafb866e6,0.4999943961646664,71.45397954591705
1431,2023-02-01 11:29:58.191,/benchmark4,0.0,cpu,0,e46328d77e9f35f861af016694c2714cafb866e6,0.0,70.54391531230286
1432,2023-02-01 11:29:58.191,/benchmark3,36.18243760587989,cpu,0,e46328d77e9f35f861af016694c2714cafb866e6,0.5000056038353337,71.45399994554612
1433,2023-02-01 11:29:58.191,/benchmark2,0.0,cpu,0,e46328d77e9f35f861af016694c2714cafb866e6,0.0,70.54391531230286
1434,2023-02-01 11:29:58.191,rapl,70.6878662109375,cpu,1,RAPL_ENERGY_PKG,1.0,0.0
1435,2023-02-01 11:29:58.191,global,71.07244540097035,cpu,1,b56c7a1e321c4581d02a9de890abf570bd93c969,1.0,71.07244540097035
1436,2023-02-01 11:29:58.191,/benchmark1,0.0,cpu,1,b56c7a1e321c4581d02a9de890abf570bd93c969,0.0,69.54572774602578
1437,2023-02-01 11:29:58.191,/benchmark4,35.53851920735417,cpu,1,b56c7a1e321c4581d02a9de890abf570bd93c969,0.5000323121971678,70.30913590509995
1438,2023-02-01 11:29:58.191,/benchmark3,0.0,cpu,1,b56c7a1e321c4581d02a9de890abf570bd93c969,0.0,69.54572774602578
1439,2023-02-01 11:29:58.191,/benchmark2,35.53392619361618,cpu,1,b56c7a1e321c4581d02a9de890abf570bd93c969,0.4999676878028322,70.30903724189618
1440,2023-02-01 11:29:58.191,rapl,12.72991943359375,dram,0,RAPL_ENERGY_DRAM,1.0,0.0
1441,2023-02-01 11:29:58.191,global,12.461949157714844,dram,0,78b0a292a97c15df67fefab7e0af9a601bf982d3,1.0,12.461949157714844
1442,2023-02-01 11:29:58.191,/benchmark1,0.0,dram,0,78b0a292a97c15df67fefab7e0af9a601bf982d3,0.0,12.461949157714844
1443,2023-02-01 11:29:58.191,/benchmark4,0.0,dram,0,78b0a292a97c15df67fefab7e0af9a601bf982d3,0.0,12.461949157714844
1444,2023-02-01 11:29:58.191,/benchmark3,0.0,dram,0,78b0a292a97c15df67fefab7e0af9a601bf982d3,0.0,12.461949157714844
1445,2023-02-01 11:29:58.191,/benchmark2,0.0,dram,0,78b0a292a97c15df67fefab7e0af9a601bf982d3,0.0,12.461949157714844
1446,2023-02-01 11:29:58.191,rapl,13.083847045898438,dram,1,RAPL_ENERGY_DRAM,1.0,0.0
1447,2023-02-01 11:29:58.191,global,12.807187906901042,dram,1,e338ce15d13d6313503924a6d20075a34370f3ae,1.0,12.807187906901042
1448,2023-02-01 11:29:58.191,/benchmark1,0.0,dram,1,e338ce15d13d6313503924a6d20075a34370f3ae,0.0,12.807187906901042
1449,2023-02-01 11:29:58.191,/benchmark4,0.0,dram,1,e338ce15d13d6313503924a6d20075a34370f3ae,0.0,12.807187906901042
1450,2023-02-01 11:29:58.191,/benchmark3,0.0,dram,1,e338ce15d13d6313503924a6d20075a34370f3ae,0.0,12.807187906901042
1451,2023-02-01 11:29:58.191,/benchmark2,0.0,dram,1,e338ce15d13d6313503924a6d20075a34370f3ae,0.0,12.807187906901042
1452,2023-02-01 11:29:59.191,rapl,72.01702880859375,cpu,0,RAPL_ENERGY_PKG,1.0,0.0
1453,2023-02-01 11:29:59.191,global,72.36404266707153,cpu,0,e46328d77e9f35f861af016694c2714cafb866e6,1.0,72.36404266707153
1454,2023-02-01 11:29:59.191,/benchmark1,36.18173346216115,cpu,0,e46328d77e9f35f861af016694c2714cafb866e6,0.499996021900325,71.45397174903916
1455,2023-02-01 11:29:59.191,/benchmark4,0.0,cpu,0,e46328d77e9f35f861af016694c2714cafb866e6,0.0,70.54391531230286
1456,2023-02-01 11:29:59.191,/benchmark3,36.18230920491038,cpu,0,e46328d77e9f35f861af016694c2714cafb866e6,0.500003978099675,71.45398623033523
1457,2023-02-01 11:29:59.191,/benchmark2,0.0,cpu,0,e46328d77e9f35f861af016694c2714cafb866e6,0.0,70.54391531230286
1458,2023-02-01 11:29:59.191,rapl,70.842041015625,cpu,1,RAPL_ENERGY_PKG,1.0,0.0
1459,2023-02-01 11:29:59.191,global,71.07245653098822,cpu,1,b56c7a1e321c4581d02a9de890abf570bd93c969,1.0,71.07245653098822
1460,2023-02-01 11:29:59.191,/benchmark1,0.0,cpu,1,b56c7a1e321c4581d02a9de890abf570bd93c969,0.0,69.54572774602578
1461,2023-02-01 11:29:59.191,/benchmark4,35.53796799324459,cpu,1,b56c7a1e321c4581d02a9de890abf570bd93c969,0.5000244782273668,70.30912951012132
1462,2023-02-01 11:29:59.191,/benchmark3,0.0,cpu,1,b56c7a1e321c4581d02a9de890abf570bd93c969,0.0,69.54572774602578
1463,2023-02-01 11:29:59.191,/benchmark2,35.53448853774363,cpu,1,b56c7a1e321c4581d02a9de890abf570bd93c969,0.49997552177263316,70.30905476689267
1464,2023-02-01 11:29:59.191,rapl,12.702484130859375,dram,0,RAPL_ENERGY_DRAM,1.0,0.0
1465,2023-02-01 11:29:59.191,global,12.461949157714844,dram,0,78b0a292a97c15df67fefab7e0af9a601bf982d3,1.0,12.461949157714844
1466,2023-02-01 11:29:59.191,/benchmark1,0.0,dram,0,78b0a292a97c15df67fefab7e0af9a601bf982d3,0.0,12.461949157714844
1467,2023-02-01 11:29:59.191,/benchmark4,0.0,dram,0,78b0a292a97c15df67fefab7e0af9a601bf982d3,0.0,12.461949157714844
1468,2023-02-01 11:29:59.191,/benchmark3,0.0,dram,0,78b0a292a97c15df67fefab7e0af9a601bf982d3,0.0,12.461949157714844
1469,2023-02-01 11:29:59.191,/benchmark2,0.0,dram,0,78b0a292a97c15df67fefab7e0af9a601bf982d3,0.0,12.461949157714844
1470,2023-02-01 11:29:59.191,rapl,12.967803955078125,dram,1,RAPL_ENERGY_DRAM,1.0,0.0
1471,2023-02-01 11:29:59.191,global,12.807187906901042,dram,1,e338ce15d13d6313503924a6d20075a34370f3ae,1.0,12.807187906901042
1472,2023-02-01 11:29:59.191,/benchmark1,0.0,dram,1,e338ce15d13d6313503924a6d20075a34370f3ae,0.0,12.807187906901042
1473,2023-02-01 11:29:59.191,/benchmark4,0.0,dram,1,e338ce15d13d6313503924a6d20075a34370f3ae,0.0,12.807187906901042
1474,2023-02-01 11:29:59.191,/benchmark3,0.0,dram,1,e338ce15d13d6313503924a6d20075a34370f3ae,0.0,12.807187906901042
1475,2023-02-01 11:29:59.191,/benchmark2,0.0,dram,1,e338ce15d13d6313503924a6d20075a34370f3ae,0.0,12.807187906901042
1476,2023-02-01 11:30:00.191,rapl,72.007080078125,cpu,0,RAPL_ENERGY_PKG,1.0,0.0
1477,2023-02-01 11:30:00.191,global,72.36402097259766,cpu,0,e46328d77e9f35f861af016694c2714cafb866e6,1.0,72.36402097259766
1478,2023-02-01 11:30:00.191,/benchmark1,36.182391717369605,cpu,0,e46328d77e9f35f861af016694c2714cafb866e6,0.5000052682405656,71.45397773120473
1479,2023-02-01 11:30:00.191,/benchmark4,0.0,cpu,0,e46328d77e9f35f861af016694c2714cafb866e6,0.0,70.54391531230286
1480,2023-02-01 11:30:00.191,/benchmark3,36.18162925522806,cpu,0,e46328d77e9f35f861af016694c2714cafb866e6,0.4999947317594345,71.45395855369578
1481,2023-02-01 11:30:00.191,/benchmark2,0.0,cpu,0,e46328d77e9f35f861af016694c2714cafb866e6,0.0,70.54391531230286
1482,2023-02-01 11:30:00.191,rapl,70.67791748046875,cpu,1,RAPL_ENERGY_PKG,1.0,0.0
1483,2023-02-01 11:30:00.191,global,71.07247433136541,cpu,1,b56c7a1e321c4581d02a9de890abf570bd93c969,1.0,71.07247433136541
1484,2023-02-01 11:30:00.191,/benchmark1,0.0,cpu,1,b56c7a1e321c4581d02a9de890abf570bd93c969,0.0,69.54572774602578
1485,2023-02-01 11:30:00.191,/benchmark4,35.53660714961732,cpu,1,b56c7a1e321c4581d02a9de890abf570bd93c969,0.500005205727507,70.30910898652229
1486,2023-02-01 11:30:00.191,/benchmark3,0.0,cpu,1,b56c7a1e321c4581d02a9de890abf570bd93c969,0.0,69.54572774602578
1487,2023-02-01 11:30:00.191,/benchmark2,35.535867181748095,cpu,1,b56c7a1e321c4581d02a9de890abf570bd93c969,0.49999479427249305,70.3090930908689
1488,2023-02-01 11:30:00.191,rapl,12.699005126953125,dram,0,RAPL_ENERGY_DRAM,1.0,0.0
1489,2023-02-01 11:30:00.191,global,12.461949157714844,dram,0,78b0a292a97c15df67fefab7e0af9a601bf982d3,1.0,12.461949157714844
1490,2023-02-01 11:30:00.191,/benchmark1,0.0,dram,0,78b0a292a97c15df67fefab7e0af9a601bf982d3,0.0,12.461949157714844
1491,2023-02-01 11:30:00.191,/benchmark4,0.0,dram,0,78b0a292a97c15df67fefab7e0af9a601bf982d3,0.0,12.461949157714844
1492,2023-02-01 11:30:00.191,/benchmark3,0.0,dram,0,78b0a292a97c15df67fefab7e0af9a601bf982d3,0.0,12.461949157714844
1493,2023-02-01 11:30:00.191,/benchmark2,0.0,dram,0,78b0a292a97c15df67fefab7e0af9a601bf982d3,0.0,12.461949157714844
1494,2023-02-01 11:30:00.191,rapl,13.033294677734375,dram,1,RAPL_ENERGY_DRAM,1.0,0.0
1495,2023-02-01 11:30:00.191,global,12.807187906901042,dram,1,e338ce15d13d6313503924a6d20075a34370f3ae,1.0,12.807187906901042
1496,2023-02-01 11:30:00.191,/benchmark1,0.0,dram,1,e338ce15d13d6313503924a6d20075a34370f3ae,0.0,12.807187906901042
1497,2023-02-01 11:30:00.191,/benchmark4,0.0,dram,1,e338ce15d13d6313503924a6d20075a34370f3ae,0.0,12.807187906901042
1498,2023-02-01 11:30:00.191,/benchmark3,0.0,dram,1,e338ce15d13d6313503924a6d20075a34370f3ae,0.0,12.807187906901042
1499,2023-02-01 11:30:00.191,/benchmark2,0.0,dram,1,e338ce15d13d6313503924a6d20075a34370f3ae,0.0,12.807187906901042
1500,2023-02-01 11:30:01.191,rapl,72.07781982421875,cpu,0,RAPL_ENERGY_PKG,1.0,0.0
1501,2023-02-01 11:30:01.191,global,72.36403812573283,cpu,0,e46328d77e9f35f861af016694c2714cafb866e6,1.0,72.36403812573283
1502,2023-02-01 11:30:01.191,/benchmark1,36.18174351767722,cpu,0,e46328d77e9f35f861af016694c2714cafb866e6,0.4999961922358628,71.45396978841947
1503,2023-02-01 11:30:01.191,/benchmark4,0.0,cpu,0,e46328d77e9f35f861af016694c2714cafb866e6,0.0,70.54391531230286
1504,2023-02-01 11:30:01.191,/benchmark3,36.182294608055614,cpu,0,e46328d77e9f35f861af016694c2714cafb866e6,0.5000038077641372,71.45398364961622
1505,2023-02-01 11:30:01.191,/benchmark2,0.0,cpu,0,e46328d77e9f35f861af016694c2714cafb866e6,0.0,70.54391531230286
1506,2023-02-01 11:30:01.191,rapl,70.72503662109375,cpu,1,RAPL_ENERGY_PKG,1.0,0.0
1507,2023-02-01 11:30:01.191,global,71.07252673041596,cpu,1,b56c7a1e321c4581d02a9de890abf570bd93c969,1.0,71.07252673041596
1508,2023-02-01 11:30:01.191,/benchmark1,0.0,cpu,1,b56c7a1e321c4581d02a9de890abf570bd93c969,0.0,69.54572774602578
1509,2023-02-01 11:30:01.191,/benchmark4,35.53627013081052,cpu,1,b56c7a1e321c4581d02a9de890abf570bd93c969,0.5000000951929368,70.30912738356135
1510,2023-02-01 11:30:01.191,/benchmark3,0.0,cpu,1,b56c7a1e321c4581d02a9de890abf570bd93c969,0.0,69.54572774602578
1511,2023-02-01 11:30:01.191,/benchmark2,35.53625659960543,cpu,1,b56c7a1e321c4581d02a9de890abf570bd93c969,0.4999999048070632,70.30912709288039
1512,2023-02-01 11:30:01.191,rapl,12.67388916015625,dram,0,RAPL_ENERGY_DRAM,1.0,0.0
1513,2023-02-01 11:30:01.191,global,12.461949157714844,dram,0,78b0a292a97c15df67fefab7e0af9a601bf982d3,1.0,12.461949157714844
1514,2023-02-01 11:30:01.191,/benchmark1,0.0,dram,0,78b0a292a97c15df67fefab7e0af9a601bf982d3,0.0,12.461949157714844
1515,2023-02-01 11:30:01.191,/benchmark4,0.0,dram,0,78b0a292a97c15df67fefab7e0af9a601bf982d3,0.0,12.461949157714844
1516,2023-02-01 11:30:01.191,/benchmark3,0.0,dram,0,78b0a292a97c15df67fefab7e0af9a601bf982d3,0.0,12.461949157714844
1517,2023-02-01 11:30:01.191,/benchmark2,0.0,dram,0,78b0a292a97c15df67fefab7e0af9a601bf982d3,0.0,12.461949157714844
1518,2023-02-01 11:30:01.191,rapl,13.09619140625,dram,1,RAPL_ENERGY_DRAM,1.0,0.0
1519,2023-02-01 11:30:01.191,global,12.807187906901042,dram,1,e338ce15d13d6313503924a6d20075a34370f3ae,1.0,12.807187906901042
1520,2023-02-01 11:30:01.191,/benchmark1,0.0,dram,1,e338ce15d13d6313503924a6d20075a34370f3ae,0.0,12.807187906901042
1521,2023-02-01 11:30:01.191,/benchmark4,0.0,dram,1,e338ce15d13d6313503924a6d20075a34370f3ae,0.0,12.807187906901042
1522,2023-02-01 11:30:01.191,/benchmark3,0.0,dram,1,e338ce15d13d6313503924a6d20075a34370f3ae,0.0,12.807187906901042
1523,2023-02-01 11:30:01.191,/benchmark2,0.0,dram,1,e338ce15d13d6313503924a6d20075a34370f3ae,0.0,12.807187906901042
1524,2023-02-01 11:30:02.191,rapl,72.2686767578125,cpu,0,RAPL_ENERGY_PKG,1.0,0.0
1525,2023-02-01 11:30:02.191,global,72.36405065545229,cpu,0,e46328d77e9f35f861af016694c2714cafb866e6,1.0,72.36405065545229
1526,2023-02-01 11:30:02.191,/benchmark1,36.18199559669308,cpu,0,e46328d77e9f35f861af016694c2714cafb866e6,0.4999995891463676,71.45398223606836
1527,2023-02-01 11:30:02.191,/benchmark4,0.0,cpu,0,e46328d77e9f35f861af016694c2714cafb866e6,0.0,70.54391531230286
1528,2023-02-01 11:30:02.191,/benchmark3,36.18205505875922,cpu,0,e46328d77e9f35f861af016694c2714cafb866e6,0.5000004108536324,71.45398373168679
1529,2023-02-01 11:30:02.191,/benchmark2,0.0,cpu,0,e46328d77e9f35f861af016694c2714cafb866e6,0.0,70.54391531230286
1530,2023-02-01 11:30:02.191,rapl,70.7735595703125,cpu,1,RAPL_ENERGY_PKG,1.0,0.0
1531,2023-02-01 11:30:02.191,global,71.0725272123336,cpu,1,b56c7a1e321c4581d02a9de890abf570bd93c969,1.0,71.0725272123336
1532,2023-02-01 11:30:02.191,/benchmark1,0.0,cpu,1,b56c7a1e321c4581d02a9de890abf570bd93c969,0.0,69.54572774602578
1533,2023-02-01 11:30:02.191,/benchmark4,35.53621784935865,cpu,1,b56c7a1e321c4581d02a9de890abf570bd93c969,0.4999993561955661,70.30912649621942
1534,2023-02-01 11:30:02.191,/benchmark3,0.0,cpu,1,b56c7a1e321c4581d02a9de890abf570bd93c969,0.0,69.54572774602578
1535,2023-02-01 11:30:02.191,/benchmark2,35.53630936297495,cpu,1,b56c7a1e321c4581d02a9de890abf570bd93c969,0.5000006438044339,70.30912846213995
1536,2023-02-01 11:30:02.191,rapl,12.720535278320312,dram,0,RAPL_ENERGY_DRAM,1.0,0.0
1537,2023-02-01 11:30:02.191,global,12.461949157714844,dram,0,78b0a292a97c15df67fefab7e0af9a601bf982d3,1.0,12.461949157714844
1538,2023-02-01 11:30:02.191,/benchmark1,0.0,dram,0,78b0a292a97c15df67fefab7e0af9a601bf982d3,0.0,12.461949157714844
1539,2023-02-01 11:30:02.191,/benchmark4,0.0,dram,0,78b0a292a97c15df67fefab7e0af9a601bf982d3,0.0,12.461949157714844
1540,2023-02-01 11:30:02.191,/benchmark3,0.0,dram,0,78b0a292a97c15df67fefab7e0af9a601bf982d3,0.0,12.461949157714844
1541,2023-02-01 11:30:02.191,/benchmark2,0.0,dram,0,78b0a292a97c15df67fefab7e0af9a601bf982d3,0.0,12.461949157714844
1542,2023-02-01 11:30:02.191,rapl,13.06146240234375,dram,1,RAPL_ENERGY_DRAM,1.0,0.0
1543,2023-02-01 11:30:02.191,global,12.807187906901042,dram,1,e338ce15d13d6313503924a6d20075a34370f3ae,1.0,12.807187906901042
1544,2023-02-01 11:30:02.191,/benchmark1,0.0,dram,1,e338ce15d13d6313503924a6d20075a34370f3ae,0.0,12.807187906901042
1545,2023-02-01 11:30:02.191,/benchmark4,0.0,dram,1,e338ce15d13d6313503924a6d20075a34370f3ae,0.0,12.807187906901042
1546,2023-02-01 11:30:02.191,/benchmark3,0.0,dram,1,e338ce15d13d6313503924a6d20075a34370f3ae,0.0,12.807187906901042
1547,2023-02-01 11:30:02.191,/benchmark2,0.0,dram,1,e338ce15d13d6313503924a6d20075a34370f3ae,0.0,12.807187906901042
1548,2023-02-01 11:30:03.192,rapl,72.09912109375,cpu,0,RAPL_ENERGY_PKG,1.0,0.0
1549,2023-02-01 11:30:03.192,global,72.36404858540466,cpu,0,e46328d77e9f35f861af016694c2714cafb866e6,1.0,72.36404858540466
1550,2023-02-01 11:30:03.192,/benchmark1,36.181345406294234,cpu,0,e46328d77e9f35f861af016694c2714cafb866e6,0.4999906184573505,71.45396487319583
1551,2023-02-01 11:30:03.192,/benchmark4,0.0,cpu,0,e46328d77e9f35f861af016694c2714cafb866e6,0.0,70.54391531230286
1552,2023-02-01 11:30:03.192,/benchmark3,36.182703179110426,cpu,0,e46328d77e9f35f861af016694c2714cafb866e6,0.5000093815426495,71.45399902451169
1553,2023-02-01 11:30:03.192,/benchmark2,0.0,cpu,0,e46328d77e9f35f861af016694c2714cafb866e6,0.0,70.54391531230286
1554,2023-02-01 11:30:03.192,rapl,70.8253173828125,cpu,1,RAPL_ENERGY_PKG,1.0,0.0
1555,2023-02-01 11:30:03.192,global,71.07250483755757,cpu,1,b56c7a1e321c4581d02a9de890abf570bd93c969,1.0,71.07250483755757
1556,2023-02-01 11:30:03.192,/benchmark1,0.0,cpu,1,b56c7a1e321c4581d02a9de890abf570bd93c969,0.0,69.54572774602578
1557,2023-02-01 11:30:03.192,/benchmark4,35.53721955710152,cpu,1,b56c7a1e321c4581d02a9de890abf570bd93c969,0.5000136077703318,70.30913706782368
1558,2023-02-01 11:30:03.192,/benchmark3,0.0,cpu,1,b56c7a1e321c4581d02a9de890abf570bd93c969,0.0,69.54572774602578
1559,2023-02-01 11:30:03.192,/benchmark2,35.53528528045605,cpu,1,b56c7a1e321c4581d02a9de890abf570bd93c969,0.4999863922296682,70.30909551575967
1560,2023-02-01 11:30:03.192,rapl,12.709136962890625,dram,0,RAPL_ENERGY_DRAM,1.0,0.0
1561,2023-02-01 11:30:03.192,global,12.461949157714844,dram,0,78b0a292a97c15df67fefab7e0af9a601bf982d3,1.0,12.461949157714844
1562,2023-02-01 11:30:03.192,/benchmark1,0.0,dram,0,78b0a292a97c15df67fefab7e0af9a601bf982d3,0.0,12.461949157714844
1563,2023-02-01 11:30:03.192,/benchmark4,0.0,dram,0,78b0a292a97c15df67fefab7e0af9a601bf982d3,0.0,12.461949157714844
1564,2023-02-01 11:30:03.192,/benchmark3,0.0,dram,0,78b0a292a97c15df67fefab7e0af9a601bf982d3,0.0,12.461949157714844
1565,2023-02-01 11:30:03.192,/benchmark2,0.0,dram,0,78b0a292a97c15df67fefab7e0af9a601bf982d3,0.0,12.461949157714844
1566,2023-02-01 11:30:03.192,rapl,13.018936157226562,dram,1,RAPL_ENERGY_DRAM,1.0,0.0
1567,2023-02-01 11:30:03.192,global,12.807187906901042,dram,1,e338ce15d13d6313503924a6d20075a34370f3ae,1.0,12.807187906901042
1568,2023-02-01 11:30:03.192,/benchmark1,0.0,dram,1,e338ce15d13d6313503924a6d20075a34370f3ae,0.0,12.807187906901042
1569,2023-02-01 11:30:03.192,/benchmark4,0.0,dram,1,e338ce15d13d6313503924a6d20075a34370f3ae,0.0,12.807187906901042
1570,2023-02-01 11:30:03.192,/benchmark3,0.0,dram,1,e338ce15d13d6313503924a6d20075a34370f3ae,0.0,12.807187906901042
1571,2023-02-01 11:30:03.192,/benchmark2,0.0,dram,1,e338ce15d13d6313503924a6d20075a34370f3ae,0.0,12.807187906901042
1572,2023-02-01 11:30:04.192,rapl,72.19012451171875,cpu,0,RAPL_ENERGY_PKG,1.0,0.0
1573,2023-02-01 11:30:04.192,global,72.36404164572477,cpu,0,e46328d77e9f35f861af016694c2714cafb866e6,1.0,72.36404164572477
1574,2023-02-01 11:30:04.192,/benchmark1,36.182401143320504,cpu,0,e46328d77e9f35f861af016694c2714cafb866e6,0.5000052556552878,71.4539880449704
1575,2023-02-01 11:30:04.192,/benchmark4,0.0,cpu,0,e46328d77e9f35f861af016694c2714cafb866e6,0.0,70.54391531230286
1576,2023-02-01 11:30:04.192,/benchmark3,36.1816405024037,cpu,0,e46328d77e9f35f861af016694c2714cafb866e6,0.4999947443447044,71.45396891305721
1577,2023-02-01 11:30:04.192,/benchmark2,0.0,cpu,0,e46328d77e9f35f861af016694c2714cafb866e6,0.0,70.54391531230286
1578,2023-02-01 11:30:04.192,rapl,70.68829345703125,cpu,1,RAPL_ENERGY_PKG,1.0,0.0
1579,2023-02-01 11:30:04.192,global,71.07237299848767,cpu,1,b56c7a1e321c4581d02a9de890abf570bd93c969,1.0,71.07237299848767
1580,2023-02-01 11:30:04.192,/benchmark1,0.0,cpu,1,b56c7a1e321c4581d02a9de890abf570bd93c969,0.0,69.54572774602578
1581,2023-02-01 11:30:04.192,/benchmark4,35.539421309011,cpu,1,b56c7a1e321c4581d02a9de890abf570bd93c969,0.5000455143064835,70.30911985645663
1582,2023-02-01 11:30:04.192,/benchmark3,0.0,cpu,1,b56c7a1e321c4581d02a9de890abf570bd93c969,0.0,69.54572774602578
1583,2023-02-01 11:30:04.192,/benchmark2,35.532951689477336,cpu,1,b56c7a1e321c4581d02a9de890abf570bd93c969,0.49995448569352585,70.30898088805682
1584,2023-02-01 11:30:04.192,rapl,12.693466186523438,dram,0,RAPL_ENERGY_DRAM,1.0,0.0
1585,2023-02-01 11:30:04.192,global,12.461949157714844,dram,0,78b0a292a97c15df67fefab7e0af9a601bf982d3,1.0,12.461949157714844
1586,2023-02-01 11:30:04.192,/benchmark1,0.0,dram,0,78b0a292a97c15df67fefab7e0af9a601bf982d3,0.0,12.461949157714844
1587,2023-02-01 11:30:04.192,/benchmark4,0.0,dram,0,78b0a292a97c15df67fefab7e0af9a601bf982d3,0.0,12.461949157714844
1588,2023-02-01 11:30:04.192,/benchmark3,0.0,dram,0,78b0a292a97c15df67fefab7e0af9a601bf982d3,0.0,12.461949157714844
1589,2023-02-01 11:30:04.192,/benchmark2,0.0,dram,0,78b0a292a97c15df67fefab7e0af9a601bf982d3,0.0,12.461949157714844
1590,2023-02-01 11:30:04.192,rapl,13.030471801757812,dram,1,RAPL_ENERGY_DRAM,1.0,0.0
1591,2023-02-01 11:30:04.192,global,12.807187906901042,dram,1,e338ce15d13d6313503924a6d20075a34370f3ae,1.0,12.807187906901042
1592,2023-02-01 11:30:04.192,/benchmark1,0.0,dram,1,e338ce15d13d6313503924a6d20075a34370f3ae,0.0,12.807187906901042
1593,2023-02-01 11:30:04.192,/benchmark4,0.0,dram,1,e338ce15d13d6313503924a6d20075a34370f3ae,0.0,12.807187906901042
1594,2023-02-01 11:30:04.192,/benchmark3,0.0,dram,1,e338ce15d13d6313503924a6d20075a34370f3ae,0.0,12.807187906901042
1595,2023-02-01 11:30:04.192,/benchmark2,0.0,dram,1,e338ce15d13d6313503924a6d20075a34370f3ae,0.0,12.807187906901042
1596,2023-02-01 11:30:05.192,rapl,72.11602783203125,cpu,0,RAPL_ENERGY_PKG,1.0,0.0
1597,2023-02-01 11:30:05.192,global,72.36407042578058,cpu,0,e46328d77e9f35f861af016694c2714cafb866e6,1.0,72.36407042578058
1598,2023-02-01 11:30:05.192,/benchmark1,36.181684624430744,cpu,0,e46328d77e9f35f861af016694c2714cafb866e6,0.49999515521366494,71.4539840507791
1599,2023-02-01 11:30:05.192,/benchmark4,0.0,cpu,0,e46328d77e9f35f861af016694c2714cafb866e6,0.0,70.54391531230286
1600,2023-02-01 11:30:05.192,/benchmark3,36.18238580134984,cpu,0,e46328d77e9f35f861af016694c2714cafb866e6,0.500004844786335,71.45400168730434
1601,2023-02-01 11:30:05.192,/benchmark2,0.0,cpu,0,e46328d77e9f35f861af016694c2714cafb866e6,0.0,70.54391531230286
1602,2023-02-01 11:30:05.192,rapl,70.7783203125,cpu,1,RAPL_ENERGY_PKG,1.0,0.0
1603,2023-02-01 11:30:05.192,global,71.07238698176732,cpu,1,b56c7a1e321c4581d02a9de890abf570bd93c969,1.0,71.07238698176732
1604,2023-02-01 11:30:05.192,/benchmark1,0.0,cpu,1,b56c7a1e321c4581d02a9de890abf570bd93c969,0.0,69.54572774602578
1605,2023-02-01 11:30:05.192,/benchmark4,35.54006180223118,cpu,1,b56c7a1e321c4581d02a9de890abf570bd93c969,0.5000544277674044,70.30914045655034
1606,2023-02-01 11:30:05.192,/benchmark3,0.0,cpu,1,b56c7a1e321c4581d02a9de890abf570bd93c969,0.0,69.54572774602578
1607,2023-02-01 11:30:05.192,/benchmark2,35.532325179536144,cpu,1,b56c7a1e321c4581d02a9de890abf570bd93c969,0.4999455722325956,70.30897427124276
1608,2023-02-01 11:30:05.192,rapl,12.665481567382812,dram,0,RAPL_ENERGY_DRAM,1.0,0.0
1609,2023-02-01 11:30:05.192,global,12.461949157714844,dram,0,78b0a292a97c15df67fefab7e0af9a601bf982d3,1.0,12.461949157714844
1610,2023-02-01 11:30:05.192,/benchmark1,0.0,dram,0,78b0a292a97c15df67fefab7e0af9a601bf982d3,0.0,12.461949157714844
1611,2023-02-01 11:30:05.192,/benchmark4,0.0,dram,0,78b0a292a97c15df67fefab7e0af9a601bf982d3,0.0,12.461949157714844
1612,2023-02-01 11:30:05.192,/benchmark3,0.0,dram,0,78b0a292a97c15df67fefab7e0af9a601bf982d3,0.0,12.461949157714844
1613,2023-02-01 11:30:05.192,/benchmark2,0.0,dram,0,78b0a292a97c15df67fefab7e0af9a601bf982d3,0.0,12.461949157714844
1614,2023-02-01 11:30:05.192,rapl,13.107818603515625,dram,1,RAPL_ENERGY_DRAM,1.0,0.0
1615,2023-02-01 11:30:05.192,global,12.807187906901042,dram,1,e338ce15d13d6313503924a6d20075a34370f3ae,1.0,12.807187906901042
1616,2023-02-01 11:30:05.192,/benchmark1,0.0,dram,1,e338ce15d13d6313503924a6d20075a34370f3ae,0.0,12.807187906901042
1617,2023-02-01 11:30:05.192,/benchmark4,0.0,dram,1,e338ce15d13d6313503924a6d20075a34370f3ae,0.0,12.807187906901042
1618,2023-02-01 11:30:05.192,/benchmark3,0.0,dram,1,e338ce15d13d6313503924a6d20075a34370f3ae,0.0,12.807187906901042
1619,2023-02-01 11:30:05.192,/benchmark2,0.0,dram,1,e338ce15d13d6313503924a6d20075a34370f3ae,0.0,12.807187906901042
1620,2023-02-01 11:30:06.192,rapl,72.11956787109375,cpu,0,RAPL_ENERGY_PKG,1.0,0.0
1621,2023-02-01 11:30:06.192,global,72.36404085235917,cpu,0,e46328d77e9f35f861af016694c2714cafb866e6,1.0,72.36404085235917
1622,2023-02-01 11:30:06.192,/benchmark1,36.181710257258544,cpu,0,e46328d77e9f35f861af016694c2714cafb866e6,0.49999571377002466,71.45397028085436
1623,2023-02-01 11:30:06.192,/benchmark4,0.0,cpu,0,e46328d77e9f35f861af016694c2714cafb866e6,0.0,70.54391531230286
1624,2023-02-01 11:30:06.192,/benchmark3,36.182330595101185,cpu,0,e46328d77e9f35f861af016694c2714cafb866e6,0.5000042862299832,71.45398588380768
1625,2023-02-01 11:30:06.192,/benchmark2,0.0,cpu,0,e46328d77e9f35f861af016694c2714cafb866e6,0.0,70.54391531230286
1626,2023-02-01 11:30:06.192,rapl,70.691162109375,cpu,1,RAPL_ENERGY_PKG,1.0,0.0
1627,2023-02-01 11:30:06.192,global,71.07241825290808,cpu,1,b56c7a1e321c4581d02a9de890abf570bd93c969,1.0,71.07241825290808
1628,2023-02-01 11:30:06.192,/benchmark1,0.0,cpu,1,b56c7a1e321c4581d02a9de890abf570bd93c969,0.0,69.54572774602578
1629,2023-02-01 11:30:06.192,/benchmark4,35.53863796776702,cpu,1,b56c7a1e321c4581d02a9de890abf570bd93c969,0.5000341741757589,70.30912517285664
1630,2023-02-01 11:30:06.192,/benchmark3,0.0,cpu,1,b56c7a1e321c4581d02a9de890abf570bd93c969,0.0,69.54572774602578
1631,2023-02-01 11:30:06.192,/benchmark2,35.533780285141056,cpu,1,b56c7a1e321c4581d02a9de890abf570bd93c969,0.4999658258242411,70.30902082607722
1632,2023-02-01 11:30:06.192,rapl,12.64874267578125,dram,0,RAPL_ENERGY_DRAM,1.0,0.0
1633,2023-02-01 11:30:06.192,global,12.461949157714844,dram,0,78b0a292a97c15df67fefab7e0af9a601bf982d3,1.0,12.461949157714844
1634,2023-02-01 11:30:06.192,/benchmark1,0.0,dram,0,78b0a292a97c15df67fefab7e0af9a601bf982d3,0.0,12.461949157714844
1635,2023-02-01 11:30:06.192,/benchmark4,0.0,dram,0,78b0a292a97c15df67fefab7e0af9a601bf982d3,0.0,12.461949157714844
1636,2023-02-01 11:30:06.192,/benchmark3,0.0,dram,0,78b0a292a97c15df67fefab7e0af9a601bf982d3,0.0,12.461949157714844
1637,2023-02-01 11:30:06.192,/benchmark2,0.0,dram,0,78b0a292a97c15df67fefab7e0af9a601bf982d3,0.0,12.461949157714844
1638,2023-02-01 11:30:06.192,rapl,13.045059204101562,dram,1,RAPL_ENERGY_DRAM,1.0,0.0
1639,2023-02-01 11:30:06.192,global,12.807187906901042,dram,1,e338ce15d13d6313503924a6d20075a34370f3ae,1.0,12.807187906901042
1640,2023-02-01 11:30:06.192,/benchmark1,0.0,dram,1,e338ce15d13d6313503924a6d20075a34370f3ae,0.0,12.807187906901042
1641,2023-02-01 11:30:06.192,/benchmark4,0.0,dram,1,e338ce15d13d6313503924a6d20075a34370f3ae,0.0,12.807187906901042
1642,2023-02-01 11:30:06.192,/benchmark3,0.0,dram,1,e338ce15d13d6313503924a6d20075a34370f3ae,0.0,12.807187906901042
1643,2023-02-01 11:30:06.192,/benchmark2,0.0,dram,1,e338ce15d13d6313503924a6d20075a34370f3ae,0.0,12.807187906901042
1644,2023-02-01 11:30:07.192,rapl,72.1151123046875,cpu,0,RAPL_ENERGY_PKG,1.0,0.0
1645,2023-02-01 11:30:07.192,global,72.36404149981975,cpu,0,e46328d77e9f35f861af016694c2714cafb866e6,1.0,72.36404149981975
1646,2023-02-01 11:30:07.192,/benchmark1,36.181733603421776,cpu,0,e46328d77e9f35f861af016694c2714cafb866e6,0.4999960319174807,71.4539711836504
1647,2023-02-01 11:30:07.192,/benchmark4,0.0,cpu,0,e46328d77e9f35f861af016694c2714cafb866e6,0.0,70.54391531230286
1648,2023-02-01 11:30:07.192,/benchmark2,0.0,cpu,0,e46328d77e9f35f861af016694c2714cafb866e6,0.0,70.54391531230286
1649,2023-02-01 11:30:07.192,/benchmark3,36.18230789639797,cpu,0,e46328d77e9f35f861af016694c2714cafb866e6,0.5000039680825192,71.45398562847221
1650,2023-02-01 11:30:07.192,rapl,70.71246337890625,cpu,1,RAPL_ENERGY_PKG,1.0,0.0
1651,2023-02-01 11:30:07.192,global,71.07238411320647,cpu,1,b56c7a1e321c4581d02a9de890abf570bd93c969,1.0,71.07238411320647
1652,2023-02-01 11:30:07.192,/benchmark1,0.0,cpu,1,b56c7a1e321c4581d02a9de890abf570bd93c969,0.0,69.54572774602578
1653,2023-02-01 11:30:07.192,/benchmark4,35.539604723650115,cpu,1,b56c7a1e321c4581d02a9de890abf570bd93c969,0.5000480167802088,70.30912923473936
1654,2023-02-01 11:30:07.192,/benchmark2,35.53277938955635,cpu,1,b56c7a1e321c4581d02a9de890abf570bd93c969,0.4999519832197912,70.30898262449288
1655,2023-02-01 11:30:07.192,/benchmark3,0.0,cpu,1,b56c7a1e321c4581d02a9de890abf570bd93c969,0.0,69.54572774602578
1656,2023-02-01 11:30:07.192,rapl,12.67626953125,dram,0,RAPL_ENERGY_DRAM,1.0,0.0
1657,2023-02-01 11:30:07.192,global,12.461949157714844,dram,0,78b0a292a97c15df67fefab7e0af9a601bf982d3,1.0,12.461949157714844
1658,2023-02-01 11:30:07.192,/benchmark1,0.0,dram,0,78b0a292a97c15df67fefab7e0af9a601bf982d3,0.0,12.461949157714844
1659,2023-02-01 11:30:07.192,/benchmark4,0.0,dram,0,78b0a292a97c15df67fefab7e0af9a601bf982d3,0.0,12.461949157714844
1660,2023-02-01 11:30:07.192,/benchmark2,0.0,dram,0,78b0a292a97c15df67fefab7e0af9a601bf982d3,0.0,12.461949157714844
1661,2023-02-01 11:30:07.192,/benchmark3,0.0,dram,0,78b0a292a97c15df67fefab7e0af9a601bf982d3,0.0,12.461949157714844
1662,2023-02-01 11:30:07.192,rapl,13.028106689453125,dram,1,RAPL_ENERGY_DRAM,1.0,0.0
1663,2023-02-01 11:30:07.192,global,12.807187906901042,dram,1,e338ce15d13d6313503924a6d20075a34370f3ae,1.0,12.807187906901042
1664,2023-02-01 11:30:07.192,/benchmark1,0.0,dram,1,e338ce15d13d6313503924a6d20075a34370f3ae,0.0,12.807187906901042
1665,2023-02-01 11:30:07.192,/benchmark4,0.0,dram,1,e338ce15d13d6313503924a6d20075a34370f3ae,0.0,12.807187906901042
1666,2023-02-01 11:30:07.192,/benchmark2,0.0,dram,1,e338ce15d13d6313503924a6d20075a34370f3ae,0.0,12.807187906901042
1667,2023-02-01 11:30:07.192,/benchmark3,0.0,dram,1,e338ce15d13d6313503924a6d20075a34370f3ae,0.0,12.807187906901042
1668,2023-02-01 11:30:08.193,rapl,72.14471435546875,cpu,0,RAPL_ENERGY_PKG,1.0,0.0
1669,2023-02-01 11:30:08.193,global,72.36397275961998,cpu,0,e46328d77e9f35f861af016694c2714cafb866e6,1.0,72.36397275961998
1670,2023-02-01 11:30:08.193,/benchmark1,36.18366145203983,cpu,0,e46328d77e9f35f861af016694c2714cafb866e6,0.5000231478754684,71.45398616642456
1671,2023-02-01 11:30:08.193,/benchmark3,36.18031130758015,cpu,0,e46328d77e9f35f861af016694c2714cafb866e6,0.4999768521245315,71.45390190549828
1672,2023-02-01 11:30:08.193,/benchmark2,0.0,cpu,0,e46328d77e9f35f861af016694c2714cafb866e6,0.0,70.54391531230286
1673,2023-02-01 11:30:08.193,/benchmark4,0.0,cpu,0,e46328d77e9f35f861af016694c2714cafb866e6,0.0,70.54391531230286
1674,2023-02-01 11:30:08.193,rapl,70.683349609375,cpu,1,RAPL_ENERGY_PKG,1.0,0.0
1675,2023-02-01 11:30:08.193,global,71.07284035976464,cpu,1,b56c7a1e321c4581d02a9de890abf570bd93c969,1.0,71.07284035976464
1676,2023-02-01 11:30:08.193,/benchmark1,0.0,cpu,1,b56c7a1e321c4581d02a9de890abf570bd93c969,0.0,69.54572774602578
1677,2023-02-01 11:30:08.193,/benchmark3,0.0,cpu,1,b56c7a1e321c4581d02a9de890abf570bd93c969,0.0,69.54572774602578
1678,2023-02-01 11:30:08.193,/benchmark2,35.528837110114864,cpu,1,b56c7a1e321c4581d02a9de890abf570bd93c969,0.499893305660375,70.30912111862335
1679,2023-02-01 11:30:08.193,/benchmark4,35.544003249649776,cpu,1,b56c7a1e321c4581d02a9de890abf570bd93c969,0.500106694339625,70.30944698716706
1680,2023-02-01 11:30:08.193,rapl,12.69158935546875,dram,0,RAPL_ENERGY_DRAM,1.0,0.0
1681,2023-02-01 11:30:08.193,global,12.461949157714844,dram,0,78b0a292a97c15df67fefab7e0af9a601bf982d3,1.0,12.461949157714844
1682,2023-02-01 11:30:08.193,/benchmark1,0.0,dram,0,78b0a292a97c15df67fefab7e0af9a601bf982d3,0.0,12.461949157714844
1683,2023-02-01 11:30:08.193,/benchmark3,0.0,dram,0,78b0a292a97c15df67fefab7e0af9a601bf982d3,0.0,12.461949157714844
1684,2023-02-01 11:30:08.193,/benchmark2,0.0,dram,0,78b0a292a97c15df67fefab7e0af9a601bf982d3,0.0,12.461949157714844
1685,2023-02-01 11:30:08.193,/benchmark4,0.0,dram,0,78b0a292a97c15df67fefab7e0af9a601bf982d3,0.0,12.461949157714844
1686,2023-02-01 11:30:08.193,rapl,12.99993896484375,dram,1,RAPL_ENERGY_DRAM,1.0,0.0
1687,2023-02-01 11:30:08.193,global,12.807187906901042,dram,1,e338ce15d13d6313503924a6d20075a34370f3ae,1.0,12.807187906901042
1688,2023-02-01 11:30:08.193,/benchmark1,0.0,dram,1,e338ce15d13d6313503924a6d20075a34370f3ae,0.0,12.807187906901042
1689,2023-02-01 11:30:08.193,/benchmark3,0.0,dram,1,e338ce15d13d6313503924a6d20075a34370f3ae,0.0,12.807187906901042
1690,2023-02-01 11:30:08.193,/benchmark2,0.0,dram,1,e338ce15d13d6313503924a6d20075a34370f3ae,0.0,12.807187906901042
1691,2023-02-01 11:30:08.193,/benchmark4,0.0,dram,1,e338ce15d13d6313503924a6d20075a34370f3ae,0.0,12.807187906901042
1692,2023-02-01 11:30:09.193,rapl,72.10736083984375,cpu,0,RAPL_ENERGY_PKG,1.0,0.0
1693,2023-02-01 11:30:09.193,global,72.36403985837175,cpu,0,e46328d77e9f35f861af016694c2714cafb866e6,1.0,72.36403985837175
1694,2023-02-01 11:30:09.193,/benchmark4,0.0,cpu,0,e46328d77e9f35f861af016694c2714cafb866e6,0.0,70.54391531230286
1695,2023-02-01 11:30:09.193,/benchmark3,36.18255869046395,cpu,0,e46328d77e9f35f861af016694c2714cafb866e6,0.5000074451520276,71.45399113644126
1696,2023-02-01 11:30:09.193,/benchmark2,0.0,cpu,0,e46328d77e9f35f861af016694c2714cafb866e6,0.0,70.54391531230286
1697,2023-02-01 11:30:09.193,/benchmark1,36.181481167907805,cpu,0,e46328d77e9f35f861af016694c2714cafb866e6,0.49999255484797245,71.45396403423335
1698,2023-02-01 11:30:09.193,rapl,70.74072265625,cpu,1,RAPL_ENERGY_PKG,1.0,0.0
1699,2023-02-01 11:30:09.193,global,71.07213405882095,cpu,1,b56c7a1e321c4581d02a9de890abf570bd93c969,1.0,71.07213405882095
1700,2023-02-01 11:30:09.193,/benchmark4,35.52738511348874,cpu,1,b56c7a1e321c4581d02a9de890abf570bd93c969,0.499877843601621,70.30874444212573
1701,2023-02-01 11:30:09.193,/benchmark3,0.0,cpu,1,b56c7a1e321c4581d02a9de890abf570bd93c969,0.0,69.54572774602578
1702,2023-02-01 11:30:09.193,/benchmark2,35.54474894533221,cpu,1,b56c7a1e321c4581d02a9de890abf570bd93c969,0.500122156398379,70.309117362721
1703,2023-02-01 11:30:09.193,/benchmark1,0.0,cpu,1,b56c7a1e321c4581d02a9de890abf570bd93c969,0.0,69.54572774602578
1704,2023-02-01 11:30:09.193,rapl,12.682037353515625,dram,0,RAPL_ENERGY_DRAM,1.0,0.0
1705,2023-02-01 11:30:09.193,global,12.461949157714844,dram,0,78b0a292a97c15df67fefab7e0af9a601bf982d3,1.0,12.461949157714844
1706,2023-02-01 11:30:09.193,/benchmark4,0.0,dram,0,78b0a292a97c15df67fefab7e0af9a601bf982d3,0.0,12.461949157714844
1707,2023-02-01 11:30:09.193,/benchmark3,0.0,dram,0,78b0a292a97c15df67fefab7e0af9a601bf982d3,0.0,12.461949157714844
1708,2023-02-01 11:30:09.193,/benchmark2,0.0,dram,0,78b0a292a97c15df67fefab7e0af9a601bf982d3,0.0,12.461949157714844
1709,2023-02-01 11:30:09.193,/benchmark1,0.0,dram,0,78b0a292a97c15df67fefab7e0af9a601bf982d3,0.0,12.461949157714844
1710,2023-02-01 11:30:09.193,rapl,13.0245361328125,dram,1,RAPL_ENERGY_DRAM,1.0,0.0
1711,2023-02-01 11:30:09.193,global,12.807187906901042,dram,1,e338ce15d13d6313503924a6d20075a34370f3ae,1.0,12.807187906901042
1712,2023-02-01 11:30:09.193,/benchmark4,0.0,dram,1,e338ce15d13d6313503924a6d20075a34370f3ae,0.0,12.807187906901042
1713,2023-02-01 11:30:09.193,/benchmark3,0.0,dram,1,e338ce15d13d6313503924a6d20075a34370f3ae,0.0,12.807187906901042
1714,2023-02-01 11:30:09.193,/benchmark2,0.0,dram,1,e338ce15d13d6313503924a6d20075a34370f3ae,0.0,12.807187906901042
1715,2023-02-01 11:30:09.193,/benchmark1,0.0,dram,1,e338ce15d13d6313503924a6d20075a34370f3ae,0.0,12.807187906901042
1716,2023-02-01 11:30:10.193,rapl,72.13812255859375,cpu,0,RAPL_ENERGY_PKG,1.0,0.0
1717,2023-02-01 11:30:10.193,global,72.36413168827322,cpu,0,e46328d77e9f35f861af016694c2714cafb866e6,1.0,72.36413168827322
1718,2023-02-01 11:30:10.193,/benchmark1,36.180630549845745,cpu,0,e46328d77e9f35f861af016694c2714cafb866e6,0.49998016566692116,71.45398739751016
1719,2023-02-01 11:30:10.193,/benchmark4,0.0,cpu,0,e46328d77e9f35f861af016694c2714cafb866e6,0.0,70.54391531230286
1720,2023-02-01 11:30:10.193,/benchmark3,36.183501138427474,cpu,0,e46328d77e9f35f861af016694c2714cafb866e6,0.5000198343330788,71.45405960306591
1721,2023-02-01 11:30:10.193,/benchmark2,0.0,cpu,0,e46328d77e9f35f861af016694c2714cafb866e6,0.0,70.54391531230286
1722,2023-02-01 11:30:10.193,rapl,70.7032470703125,cpu,1,RAPL_ENERGY_PKG,1.0,0.0
1723,2023-02-01 11:30:10.193,global,71.07266380938925,cpu,1,b56c7a1e321c4581d02a9de890abf570bd93c969,1.0,71.07266380938925
1724,2023-02-01 11:30:10.193,/benchmark1,0.0,cpu,1,b56c7a1e321c4581d02a9de890abf570bd93c969,0.0,69.54572774602578
1725,2023-02-01 11:30:10.193,/benchmark4,35.53603887313056,cpu,1,b56c7a1e321c4581d02a9de890abf570bd93c969,0.49999587701447556,70.30918948217223
1726,2023-02-01 11:30:10.193,/benchmark3,0.0,cpu,1,b56c7a1e321c4581d02a9de890abf570bd93c969,0.0,69.54572774602578
1727,2023-02-01 11:30:10.193,/benchmark2,35.5366249362587,cpu,1,b56c7a1e321c4581d02a9de890abf570bd93c969,0.5000041229855244,70.3092020732428
1728,2023-02-01 11:30:10.193,rapl,12.559036254882812,dram,0,RAPL_ENERGY_DRAM,1.0,0.0
1729,2023-02-01 11:30:10.193,global,12.461949157714844,dram,0,78b0a292a97c15df67fefab7e0af9a601bf982d3,1.0,12.461949157714844
1730,2023-02-01 11:30:10.193,/benchmark1,0.0,dram,0,78b0a292a97c15df67fefab7e0af9a601bf982d3,0.0,12.461949157714844
1731,2023-02-01 11:30:10.193,/benchmark4,0.0,dram,0,78b0a292a97c15df67fefab7e0af9a601bf982d3,0.0,12.461949157714844
1732,2023-02-01 11:30:10.193,/benchmark3,0.0,dram,0,78b0a292a97c15df67fefab7e0af9a601bf982d3,0.0,12.461949157714844
1733,2023-02-01 11:30:10.193,/benchmark2,0.0,dram,0,78b0a292a97c15df67fefab7e0af9a601bf982d3,0.0,12.461949157714844
1734,2023-02-01 11:30:10.193,rapl,13.084014892578125,dram,1,RAPL_ENERGY_DRAM,1.0,0.0
1735,2023-02-01 11:30:10.193,global,12.807187906901042,dram,1,e338ce15d13d6313503924a6d20075a34370f3ae,1.0,12.807187906901042
1736,2023-02-01 11:30:10.193,/benchmark1,0.0,dram,1,e338ce15d13d6313503924a6d20075a34370f3ae,0.0,12.807187906901042
1737,2023-02-01 11:30:10.193,/benchmark4,0.0,dram,1,e338ce15d13d6313503924a6d20075a34370f3ae,0.0,12.807187906901042
1738,2023-02-01 11:30:10.193,/benchmark3,0.0,dram,1,e338ce15d13d6313503924a6d20075a34370f3ae,0.0,12.807187906901042
1739,2023-02-01 11:30:10.193,/benchmark2,0.0,dram,1,e338ce15d13d6313503924a6d20075a34370f3ae,0.0,12.807187906901042
1740,2023-02-01 11:30:11.193,rapl,72.11370849609375,cpu,0,RAPL_ENERGY_PKG,1.0,0.0
1741,2023-02-01 11:30:11.193,global,72.3640557257018,cpu,0,e46328d77e9f35f861af016694c2714cafb866e6,1.0,72.3640557257018
1742,2023-02-01 11:30:11.193,/benchmark1,36.18207825633465,cpu,0,e46328d77e9f35f861af016694c2714cafb866e6,0.5000006963883277,71.45398678652687
1743,2023-02-01 11:30:11.193,/benchmark4,0.0,cpu,0,e46328d77e9f35f861af016694c2714cafb866e6,0.0,70.54391531230286
1744,2023-02-01 11:30:11.193,/benchmark3,36.181977469367716,cpu,0,e46328d77e9f35f861af016694c2714cafb866e6,0.4999993036116801,71.4539842514778
1745,2023-02-01 11:30:11.193,/benchmark2,0.0,cpu,0,e46328d77e9f35f861af016694c2714cafb866e6,0.0,70.54391531230286
1746,2023-02-01 11:30:11.193,rapl,70.7166748046875,cpu,1,RAPL_ENERGY_PKG,1.0,0.0
1747,2023-02-01 11:30:11.193,global,71.07247409423127,cpu,1,b56c7a1e321c4581d02a9de890abf570bd93c969,1.0,71.07247409423127
1748,2023-02-01 11:30:11.193,/benchmark1,0.0,cpu,1,b56c7a1e321c4581d02a9de890abf570bd93c969,0.0,69.54572774602578
1749,2023-02-01 11:30:11.193,/benchmark4,35.53751881552011,cpu,1,b56c7a1e321c4581d02a9de890abf570bd93c969,0.5000180346670186,70.30912845449053
1750,2023-02-01 11:30:11.193,/benchmark3,0.0,cpu,1,b56c7a1e321c4581d02a9de890abf570bd93c969,0.0,69.54572774602578
1751,2023-02-01 11:30:11.193,/benchmark2,35.53495527871116,cpu,1,b56c7a1e321c4581d02a9de890abf570bd93c969,0.4999819653329814,70.30907338576651
1752,2023-02-01 11:30:11.193,rapl,12.695358276367188,dram,0,RAPL_ENERGY_DRAM,1.0,0.0
1753,2023-02-01 11:30:11.193,global,12.461949157714844,dram,0,78b0a292a97c15df67fefab7e0af9a601bf982d3,1.0,12.461949157714844
1754,2023-02-01 11:30:11.193,/benchmark1,0.0,dram,0,78b0a292a97c15df67fefab7e0af9a601bf982d3,0.0,12.461949157714844
1755,2023-02-01 11:30:11.193,/benchmark4,0.0,dram,0,78b0a292a97c15df67fefab7e0af9a601bf982d3,0.0,12.461949157714844
1756,2023-02-01 11:30:11.193,/benchmark3,0.0,dram,0,78b0a292a97c15df67fefab7e0af9a601bf982d3,0.0,12.461949157714844
1757,2023-02-01 11:30:11.193,/benchmark2,0.0,dram,0,78b0a292a97c15df67fefab7e0af9a601bf982d3,0.0,12.461949157714844
1758,2023-02-01 11:30:11.193,rapl,13.1103515625,dram,1,RAPL_ENERGY_DRAM,1.0,0.0
1759,2023-02-01 11:30:11.193,global,12.807187906901042,dram,1,e338ce15d13d6313503924a6d20075a34370f3ae,1.0,12.807187906901042
1760,2023-02-01 11:30:11.193,/benchmark1,0.0,dram,1,e338ce15d13d6313503924a6d20075a34370f3ae,0.0,12.807187906901042
1761,2023-02-01 11:30:11.193,/benchmark4,0.0,dram,1,e338ce15d13d6313503924a6d20075a34370f3ae,0.0,12.807187906901042
1762,2023-02-01 11:30:11.193,/benchmark3,0.0,dram,1,e338ce15d13d6313503924a6d20075a34370f3ae,0.0,12.807187906901042
1763,2023-02-01 11:30:11.193,/benchmark2,0.0,dram,1,e338ce15d13d6313503924a6d20075a34370f3ae,0.0,12.807187906901042
1764,2023-02-01 11:30:12.194,rapl,72.03521728515625,cpu,0,RAPL_ENERGY_PKG,1.0,0.0
1765,2023-02-01 11:30:12.194,global,72.36402260492711,cpu,0,e46328d77e9f35f861af016694c2714cafb866e6,1.0,72.36402260492711
1766,2023-02-01 11:30:12.194,/benchmark1,36.18234376883032,cpu,0,e46328d77e9f35f861af016694c2714cafb866e6,0.5000045943599429,71.45397732084302
1767,2023-02-01 11:30:12.194,/benchmark4,0.0,cpu,0,e46328d77e9f35f861af016694c2714cafb866e6,0.0,70.54391531230286
1768,2023-02-01 11:30:12.194,/benchmark3,36.181678836096786,cpu,0,e46328d77e9f35f861af016694c2714cafb866e6,0.499995405640057,71.45396059638695
1769,2023-02-01 11:30:12.194,/benchmark2,0.0,cpu,0,e46328d77e9f35f861af016694c2714cafb866e6,0.0,70.54391531230286
1770,2023-02-01 11:30:12.194,rapl,70.7474365234375,cpu,1,RAPL_ENERGY_PKG,1.0,0.0
1771,2023-02-01 11:30:12.194,global,71.07235509866636,cpu,1,b56c7a1e321c4581d02a9de890abf570bd93c969,1.0,71.07235509866636
1772,2023-02-01 11:30:12.194,/benchmark1,0.0,cpu,1,b56c7a1e321c4581d02a9de890abf570bd93c969,0.0,69.54572774602578
1773,2023-02-01 11:30:12.194,/benchmark4,35.539375359389176,cpu,1,b56c7a1e321c4581d02a9de890abf570bd93c969,0.500044993725782,70.30911011099855
1774,2023-02-01 11:30:12.194,/benchmark3,0.0,cpu,1,b56c7a1e321c4581d02a9de890abf570bd93c969,0.0,69.54572774602578
1775,2023-02-01 11:30:12.194,/benchmark2,35.53297973927719,cpu,1,b56c7a1e321c4581d02a9de890abf570bd93c969,0.49995500627421796,70.3089727336936
1776,2023-02-01 11:30:12.194,rapl,12.65234375,dram,0,RAPL_ENERGY_DRAM,1.0,0.0
1777,2023-02-01 11:30:12.194,global,12.461949157714844,dram,0,78b0a292a97c15df67fefab7e0af9a601bf982d3,1.0,12.461949157714844
1778,2023-02-01 11:30:12.194,/benchmark1,0.0,dram,0,78b0a292a97c15df67fefab7e0af9a601bf982d3,0.0,12.461949157714844
1779,2023-02-01 11:30:12.194,/benchmark4,0.0,dram,0,78b0a292a97c15df67fefab7e0af9a601bf982d3,0.0,12.461949157714844
1780,2023-02-01 11:30:12.194,/benchmark3,0.0,dram,0,78b0a292a97c15df67fefab7e0af9a601bf982d3,0.0,12.461949157714844
1781,2023-02-01 11:30:12.194,/benchmark2,0.0,dram,0,78b0a292a97c15df67fefab7e0af9a601bf982d3,0.0,12.461949157714844
1782,2023-02-01 11:30:12.194,rapl,13.0589599609375,dram,1,RAPL_ENERGY_DRAM,1.0,0.0
1783,2023-02-01 11:30:12.194,global,12.807187906901042,dram,1,e338ce15d13d6313503924a6d20075a34370f3ae,1.0,12.807187906901042
1784,2023-02-01 11:30:12.194,/benchmark1,0.0,dram,1,e338ce15d13d6313503924a6d20075a34370f3ae,0.0,12.807187906901042
1785,2023-02-01 11:30:12.194,/benchmark4,0.0,dram,1,e338ce15d13d6313503924a6d20075a34370f3ae,0.0,12.807187906901042
1786,2023-02-01 11:30:12.194,/benchmark3,0.0,dram,1,e338ce15d13d6313503924a6d20075a34370f3ae,0.0,12.807187906901042
1787,2023-02-01 11:30:12.194,/benchmark2,0.0,dram,1,e338ce15d13d6313503924a6d20075a34370f3ae,0.0,12.807187906901042
1788,2023-02-01 11:30:13.194,rapl,71.98907470703125,cpu,0,RAPL_ENERGY_PKG,1.0,0.0
1789,2023-02-01 11:30:13.194,global,72.36406579325079,cpu,0,e46328d77e9f35f861af016694c2714cafb866e6,1.0,72.36406579325079
1790,2023-02-01 11:30:13.194,/benchmark1,36.18165185293142,cpu,0,e46328d77e9f35f861af016694c2714cafb866e6,0.49999473435206,71.45398096850519
1791,2023-02-01 11:30:13.194,/benchmark4,0.0,cpu,0,e46328d77e9f35f861af016694c2714cafb866e6,0.0,70.54391531230286
1792,2023-02-01 11:30:13.194,/benchmark3,36.18241394031937,cpu,0,e46328d77e9f35f861af016694c2714cafb866e6,0.50000526564794,71.45400013704845
1793,2023-02-01 11:30:13.194,/benchmark2,0.0,cpu,0,e46328d77e9f35f861af016694c2714cafb866e6,0.0,70.54391531230286
1794,2023-02-01 11:30:13.194,rapl,70.6934814453125,cpu,1,RAPL_ENERGY_PKG,1.0,0.0
1795,2023-02-01 11:30:13.194,global,71.0724329858377,cpu,1,b56c7a1e321c4581d02a9de890abf570bd93c969,1.0,71.0724329858377
1796,2023-02-01 11:30:13.194,/benchmark1,0.0,cpu,1,b56c7a1e321c4581d02a9de890abf570bd93c969,0.0,69.54572774602578
1797,2023-02-01 11:30:13.194,/benchmark4,35.538907761139306,cpu,1,b56c7a1e321c4581d02a9de890abf570bd93c969,0.5000378665553914,70.30913817700026
1798,2023-02-01 11:30:13.194,/benchmark3,0.0,cpu,1,b56c7a1e321c4581d02a9de890abf570bd93c969,0.0,69.54572774602578
1799,2023-02-01 11:30:13.194,/benchmark2,35.53352522469839,cpu,1,b56c7a1e321c4581d02a9de890abf570bd93c969,0.4999621334446086,70.3090225548632
1800,2023-02-01 11:30:13.194,rapl,12.685470581054688,dram,0,RAPL_ENERGY_DRAM,1.0,0.0
1801,2023-02-01 11:30:13.194,global,12.461949157714844,dram,0,78b0a292a97c15df67fefab7e0af9a601bf982d3,1.0,12.461949157714844
1802,2023-02-01 11:30:13.194,/benchmark1,0.0,dram,0,78b0a292a97c15df67fefab7e0af9a601bf982d3,0.0,12.461949157714844
1803,2023-02-01 11:30:13.194,/benchmark4,0.0,dram,0,78b0a292a97c15df67fefab7e0af9a601bf982d3,0.0,12.461949157714844
1804,2023-02-01 11:30:13.194,/benchmark3,0.0,dram,0,78b0a292a97c15df67fefab7e0af9a601bf982d3,0.0,12.461949157714844
1805,2023-02-01 11:30:13.194,/benchmark2,0.0,dram,0,78b0a292a97c15df67fefab7e0af9a601bf982d3,0.0,12.461949157714844
1806,2023-02-01 11:30:13.194,rapl,13.02490234375,dram,1,RAPL_ENERGY_DRAM,1.0,0.0
1807,2023-02-01 11:30:13.194,global,12.807187906901042,dram,1,e338ce15d13d6313503924a6d20075a34370f3ae,1.0,12.807187906901042
1808,2023-02-01 11:30:13.194,/benchmark1,0.0,dram,1,e338ce15d13d6313503924a6d20075a34370f3ae,0.0,12.807187906901042
1809,2023-02-01 11:30:13.194,/benchmark4,0.0,dram,1,e338ce15d13d6313503924a6d20075a34370f3ae,0.0,12.807187906901042
1810,2023-02-01 11:30:13.194,/benchmark3,0.0,dram,1,e338ce15d13d6313503924a6d20075a34370f3ae,0.0,12.807187906901042
1811,2023-02-01 11:30:13.194,/benchmark2,0.0,dram,1,e338ce15d13d6313503924a6d20075a34370f3ae,0.0,12.807187906901042
1812,2023-02-01 11:30:14.194,rapl,72.09906005859375,cpu,0,RAPL_ENERGY_PKG,1.0,0.0
1813,2023-02-01 11:30:14.194,global,72.36400445780673,cpu,0,e46328d77e9f35f861af016694c2714cafb866e6,1.0,72.36400445780673
1814,2023-02-01 11:30:14.194,/benchmark1,36.18233433590297,cpu,0,e46328d77e9f35f861af016694c2714cafb866e6,0.5000045893949913,71.4539682381628
1815,2023-02-01 11:30:14.194,/benchmark4,0.0,cpu,0,e46328d77e9f35f861af016694c2714cafb866e6,0.0,70.54391531230286
1816,2023-02-01 11:30:14.194,/benchmark3,36.181670121904325,cpu,0,e46328d77e9f35f861af016694c2714cafb866e6,0.49999541060501657,71.4539515319468
1817,2023-02-01 11:30:14.194,/benchmark2,0.0,cpu,0,e46328d77e9f35f861af016694c2714cafb866e6,0.0,70.54391531230286
1818,2023-02-01 11:30:14.194,rapl,70.7103271484375,cpu,1,RAPL_ENERGY_PKG,1.0,0.0
1819,2023-02-01 11:30:14.194,global,71.07233657158689,cpu,1,b56c7a1e321c4581d02a9de890abf570bd93c969,1.0,71.07233657158689
1820,2023-02-01 11:30:14.194,/benchmark1,0.0,cpu,1,b56c7a1e321c4581d02a9de890abf570bd93c969,0.0,69.54572774602578
1821,2023-02-01 11:30:14.194,/benchmark4,35.53948543657381,cpu,1,b56c7a1e321c4581d02a9de890abf570bd93c969,0.5000466728820295,70.30910341003995
1822,2023-02-01 11:30:14.194,/benchmark3,0.0,cpu,1,b56c7a1e321c4581d02a9de890abf570bd93c969,0.0,69.54572774602578
1823,2023-02-01 11:30:14.194,/benchmark2,35.53285113501307,cpu,1,b56c7a1e321c4581d02a9de890abf570bd93c969,0.4999533271179704,70.30896090757271
1824,2023-02-01 11:30:14.194,rapl,12.653335571289062,dram,0,RAPL_ENERGY_DRAM,1.0,0.0
1825,2023-02-01 11:30:14.194,global,12.461949157714844,dram,0,78b0a292a97c15df67fefab7e0af9a601bf982d3,1.0,12.461949157714844
1826,2023-02-01 11:30:14.194,/benchmark1,0.0,dram,0,78b0a292a97c15df67fefab7e0af9a601bf982d3,0.0,12.461949157714844
1827,2023-02-01 11:30:14.194,/benchmark4,0.0,dram,0,78b0a292a97c15df67fefab7e0af9a601bf982d3,0.0,12.461949157714844
1828,2023-02-01 11:30:14.194,/benchmark3,0.0,dram,0,78b0a292a97c15df67fefab7e0af9a601bf982d3,0.0,12.461949157714844
1829,2023-02-01 11:30:14.194,/benchmark2,0.0,dram,0,78b0a292a97c15df67fefab7e0af9a601bf982d3,0.0,12.461949157714844
1830,2023-02-01 11:30:14.194,rapl,13.041107177734375,dram,1,RAPL_ENERGY_DRAM,1.0,0.0
1831,2023-02-01 11:30:14.194,global,12.807187906901042,dram,1,e338ce15d13d6313503924a6d20075a34370f3ae,1.0,12.807187906901042
1832,2023-02-01 11:30:14.194,/benchmark1,0.0,dram,1,e338ce15d13d6313503924a6d20075a34370f3ae,0.0,12.807187906901042
1833,2023-02-01 11:30:14.194,/benchmark4,0.0,dram,1,e338ce15d13d6313503924a6d20075a34370f3ae,0.0,12.807187906901042
1834,2023-02-01 11:30:14.194,/benchmark3,0.0,dram,1,e338ce15d13d6313503924a6d20075a34370f3ae,0.0,12.807187906901042
1835,2023-02-01 11:30:14.194,/benchmark2,0.0,dram,1,e338ce15d13d6313503924a6d20075a34370f3ae,0.0,12.807187906901042
1836,2023-02-01 11:30:15.194,rapl,72.02874755859375,cpu,0,RAPL_ENERGY_PKG,1.0,0.0
1837,2023-02-01 11:30:15.194,global,72.36404146334328,cpu,0,e46328d77e9f35f861af016694c2714cafb866e6,1.0,72.36404146334328
1838,2023-02-01 11:30:15.194,/benchmark1,36.1820587986375,cpu,0,e46328d77e9f35f861af016694c2714cafb866e6,0.5000005260480909,71.45397934529696
1839,2023-02-01 11:30:15.194,/benchmark4,0.0,cpu,0,e46328d77e9f35f861af016694c2714cafb866e6,0.0,70.54391531230286
1840,2023-02-01 11:30:15.194,/benchmark3,36.181982664705224,cpu,0,e46328d77e9f35f861af016694c2714cafb866e6,0.49999947395190136,71.45397743034917
1841,2023-02-01 11:30:15.194,/benchmark2,0.0,cpu,0,e46328d77e9f35f861af016694c2714cafb866e6,0.0,70.54391531230286
1842,2023-02-01 11:30:15.194,rapl,70.72027587890625,cpu,1,RAPL_ENERGY_PKG,1.0,0.0
1843,2023-02-01 11:30:15.194,global,71.07243665759603,cpu,1,b56c7a1e321c4581d02a9de890abf570bd93c969,1.0,71.07243665759603
1844,2023-02-01 11:30:15.194,/benchmark1,0.0,cpu,1,b56c7a1e321c4581d02a9de890abf570bd93c969,0.0,69.54572774602578
1845,2023-02-01 11:30:15.194,/benchmark4,35.53803784618111,cpu,1,b56c7a1e321c4581d02a9de890abf570bd93c969,0.5000256008864852,70.30912128691244
1846,2023-02-01 11:30:15.194,/benchmark3,0.0,cpu,1,b56c7a1e321c4581d02a9de890abf570bd93c969,0.0,69.54572774602578
1847,2023-02-01 11:30:15.194,/benchmark2,35.53439881141492,cpu,1,b56c7a1e321c4581d02a9de890abf570bd93c969,0.4999743991135148,70.30904311670936
1848,2023-02-01 11:30:15.194,rapl,12.643707275390625,dram,0,RAPL_ENERGY_DRAM,1.0,0.0
1849,2023-02-01 11:30:15.194,global,12.461949157714844,dram,0,78b0a292a97c15df67fefab7e0af9a601bf982d3,1.0,12.461949157714844
1850,2023-02-01 11:30:15.194,/benchmark1,0.0,dram,0,78b0a292a97c15df67fefab7e0af9a601bf982d3,0.0,12.461949157714844
1851,2023-02-01 11:30:15.194,/benchmark4,0.0,dram,0,78b0a292a97c15df67fefab7e0af9a601bf982d3,0.0,12.461949157714844
1852,2023-02-01 11:30:15.194,/benchmark3,0.0,dram,0,78b0a292a97c15df67fefab7e0af9a601bf982d3,0.0,12.461949157714844
1853,2023-02-01 11:30:15.194,/benchmark2,0.0,dram,0,78b0a292a97c15df67fefab7e0af9a601bf982d3,0.0,12.461949157714844
1854,2023-02-01 11:30:15.194,rapl,13.01025390625,dram,1,RAPL_ENERGY_DRAM,1.0,0.0
1855,2023-02-01 11:30:15.194,global,12.807187906901042,dram,1,e338ce15d13d6313503924a6d20075a34370f3ae,1.0,12.807187906901042
1856,2023-02-01 11:30:15.194,/benchmark1,0.0,dram,1,e338ce15d13d6313503924a6d20075a34370f3ae,0.0,12.807187906901042
1857,2023-02-01 11:30:15.194,/benchmark4,0.0,dram,1,e338ce15d13d6313503924a6d20075a34370f3ae,0.0,12.807187906901042
1858,2023-02-01 11:30:15.194,/benchmark3,0.0,dram,1,e338ce15d13d6313503924a6d20075a34370f3ae,0.0,12.807187906901042
1859,2023-02-01 11:30:15.194,/benchmark2,0.0,dram,1,e338ce15d13d6313503924a6d20075a34370f3ae,0.0,12.807187906901042
1860,2023-02-01 11:30:16.194,rapl,72.10003662109375,cpu,0,RAPL_ENERGY_PKG,1.0,0.0
1861,2023-02-01 11:30:16.194,global,72.36406306662306,cpu,0,e46328d77e9f35f861af016694c2714cafb866e6,1.0,72.36406306662306
1862,2023-02-01 11:30:16.194,/benchmark1,36.18172898168672,cpu,0,e46328d77e9f35f861af016694c2714cafb866e6,0.4999958190348635,71.45398157948866
1863,2023-02-01 11:30:16.194,/benchmark4,0.0,cpu,0,e46328d77e9f35f861af016694c2714cafb866e6,0.0,70.54391531230286
1864,2023-02-01 11:30:16.194,/benchmark3,36.18233408493634,cpu,0,e46328d77e9f35f861af016694c2714cafb866e6,0.5000041809651364,71.45399679943726
1865,2023-02-01 11:30:16.194,/benchmark2,0.0,cpu,0,e46328d77e9f35f861af016694c2714cafb866e6,0.0,70.54391531230286
1866,2023-02-01 11:30:16.194,rapl,70.75592041015625,cpu,1,RAPL_ENERGY_PKG,1.0,0.0
1867,2023-02-01 11:30:16.194,global,71.07255604328557,cpu,1,b56c7a1e321c4581d02a9de890abf570bd93c969,1.0,71.07255604328557
1868,2023-02-01 11:30:16.194,/benchmark1,0.0,cpu,1,b56c7a1e321c4581d02a9de890abf570bd93c969,0.0,69.54572774602578
1869,2023-02-01 11:30:16.194,/benchmark4,35.5359561275574,cpu,1,b56c7a1e321c4581d02a9de890abf570bd93c969,0.4999954709088387,70.30913497951113
1870,2023-02-01 11:30:16.194,/benchmark3,0.0,cpu,1,b56c7a1e321c4581d02a9de890abf570bd93c969,0.0,69.54572774602578
1871,2023-02-01 11:30:16.194,/benchmark2,35.53659991572817,cpu,1,b56c7a1e321c4581d02a9de890abf570bd93c969,0.5000045290911612,70.30914880980022
1872,2023-02-01 11:30:16.194,rapl,12.627059936523438,dram,0,RAPL_ENERGY_DRAM,1.0,0.0
1873,2023-02-01 11:30:16.194,global,12.461949157714844,dram,0,78b0a292a97c15df67fefab7e0af9a601bf982d3,1.0,12.461949157714844
1874,2023-02-01 11:30:16.194,/benchmark1,0.0,dram,0,78b0a292a97c15df67fefab7e0af9a601bf982d3,0.0,12.461949157714844
1875,2023-02-01 11:30:16.194,/benchmark4,0.0,dram,0,78b0a292a97c15df67fefab7e0af9a601bf982d3,0.0,12.461949157714844
1876,2023-02-01 11:30:16.194,/benchmark3,0.0,dram,0,78b0a292a97c15df67fefab7e0af9a601bf982d3,0.0,12.461949157714844
1877,2023-02-01 11:30:16.194,/benchmark2,0.0,dram,0,78b0a292a97c15df67fefab7e0af9a601bf982d3,0.0,12.461949157714844
1878,2023-02-01 11:30:16.194,rapl,12.999053955078125,dram,1,RAPL_ENERGY_DRAM,1.0,0.0
1879,2023-02-01 11:30:16.194,global,12.807187906901042,dram,1,e338ce15d13d6313503924a6d20075a34370f3ae,1.0,12.807187906901042
1880,2023-02-01 11:30:16.194,/benchmark1,0.0,dram,1,e338ce15d13d6313503924a6d20075a34370f3ae,0.0,12.807187906901042
1881,2023-02-01 11:30:16.194,/benchmark4,0.0,dram,1,e338ce15d13d6313503924a6d20075a34370f3ae,0.0,12.807187906901042
1882,2023-02-01 11:30:16.194,/benchmark3,0.0,dram,1,e338ce15d13d6313503924a6d20075a34370f3ae,0.0,12.807187906901042
1883,2023-02-01 11:30:16.194,/benchmark2,0.0,dram,1,e338ce15d13d6313503924a6d20075a34370f3ae,0.0,12.807187906901042
1884,2023-02-01 11:30:17.195,rapl,71.97430419921875,cpu,0,RAPL_ENERGY_PKG,1.0,0.0
1885,2023-02-01 11:30:17.195,global,72.36405848880729,cpu,0,e46328d77e9f35f861af016694c2714cafb866e6,1.0,72.36405848880729
1886,2023-02-01 11:30:17.195,/benchmark1,36.18199643178965,cpu,0,e46328d77e9f35f861af016694c2714cafb866e6,0.49999954656199946,71.45398607523299
1887,2023-02-01 11:30:17.195,/benchmark4,0.0,cpu,0,e46328d77e9f35f861af016694c2714cafb866e6,0.0,70.54391531230286
1888,2023-02-01 11:30:17.195,/benchmark3,36.18206205701764,cpu,0,e46328d77e9f35f861af016694c2714cafb866e6,0.5000004534380006,71.45398772587716
1889,2023-02-01 11:30:17.195,/benchmark2,0.0,cpu,0,e46328d77e9f35f861af016694c2714cafb866e6,0.0,70.54391531230286
1890,2023-02-01 11:30:17.195,rapl,70.731689453125,cpu,1,RAPL_ENERGY_PKG,1.0,0.0
1891,2023-02-01 11:30:17.195,global,71.07253325543539,cpu,1,b56c7a1e321c4581d02a9de890abf570bd93c969,1.0,71.07253325543539
1892,2023-02-01 11:30:17.195,/benchmark1,0.0,cpu,1,b56c7a1e321c4581d02a9de890abf570bd93c969,0.0,69.54572774602578
1893,2023-02-01 11:30:17.195,/benchmark4,35.53624686513315,cpu,1,b56c7a1e321c4581d02a9de890abf570bd93c969,0.4999997219378058,70.30913007618369
1894,2023-02-01 11:30:17.195,/benchmark3,0.0,cpu,1,b56c7a1e321c4581d02a9de890abf570bd93c969,0.0,69.54572774602578
1895,2023-02-01 11:30:17.195,/benchmark2,35.536286390302244,cpu,1,b56c7a1e321c4581d02a9de890abf570bd93c969,0.5000002780621943,70.30913092527747
1896,2023-02-01 11:30:17.195,rapl,12.678802490234375,dram,0,RAPL_ENERGY_DRAM,1.0,0.0
1897,2023-02-01 11:30:17.195,global,12.461949157714844,dram,0,78b0a292a97c15df67fefab7e0af9a601bf982d3,1.0,12.461949157714844
1898,2023-02-01 11:30:17.195,/benchmark1,0.0,dram,0,78b0a292a97c15df67fefab7e0af9a601bf982d3,0.0,12.461949157714844
1899,2023-02-01 11:30:17.195,/benchmark4,0.0,dram,0,78b0a292a97c15df67fefab7e0af9a601bf982d3,0.0,12.461949157714844
1900,2023-02-01 11:30:17.195,/benchmark3,0.0,dram,0,78b0a292a97c15df67fefab7e0af9a601bf982d3,0.0,12.461949157714844
1901,2023-02-01 11:30:17.195,/benchmark2,0.0,dram,0,78b0a292a97c15df67fefab7e0af9a601bf982d3,0.0,12.461949157714844
1902,2023-02-01 11:30:17.195,rapl,13.030502319335938,dram,1,RAPL_ENERGY_DRAM,1.0,0.0
1903,2023-02-01 11:30:17.195,global,12.807187906901042,dram,1,e338ce15d13d6313503924a6d20075a34370f3ae,1.0,12.807187906901042
1904,2023-02-01 11:30:17.195,/benchmark1,0.0,dram,1,e338ce15d13d6313503924a6d20075a34370f3ae,0.0,12.807187906901042
1905,2023-02-01 11:30:17.195,/benchmark4,0.0,dram,1,e338ce15d13d6313503924a6d20075a34370f3ae,0.0,12.807187906901042
1906,2023-02-01 11:30:17.195,/benchmark3,0.0,dram,1,e338ce15d13d6313503924a6d20075a34370f3ae,0.0,12.807187906901042
1907,2023-02-01 11:30:17.195,/benchmark2,0.0,dram,1,e338ce15d13d6313503924a6d20075a34370f3ae,0.0,12.807187906901042
1908,2023-02-01 11:30:18.195,rapl,72.1260986328125,cpu,0,RAPL_ENERGY_PKG,1.0,0.0
1909,2023-02-01 11:30:18.195,global,72.36402265964182,cpu,0,e46328d77e9f35f861af016694c2714cafb866e6,1.0,72.36402265964182
1910,2023-02-01 11:30:18.195,/benchmark1,36.18224119160327,cpu,0,e46328d77e9f35f861af016694c2714cafb866e6,0.5000031764649602,71.45397476747955
1911,2023-02-01 11:30:18.195,/benchmark4,0.0,cpu,0,e46328d77e9f35f861af016694c2714cafb866e6,0.0,70.54391531230286
1912,2023-02-01 11:30:18.195,/benchmark3,36.18178146803855,cpu,0,e46328d77e9f35f861af016694c2714cafb866e6,0.4999968235350398,71.45396320446513
1913,2023-02-01 11:30:18.195,/benchmark2,0.0,cpu,0,e46328d77e9f35f861af016694c2714cafb866e6,0.0,70.54391531230286
1914,2023-02-01 11:30:18.195,rapl,70.73956298828125,cpu,1,RAPL_ENERGY_PKG,1.0,0.0
1915,2023-02-01 11:30:18.195,global,71.07248357960663,cpu,1,b56c7a1e321c4581d02a9de890abf570bd93c969,1.0,71.07248357960663
1916,2023-02-01 11:30:18.195,/benchmark1,0.0,cpu,1,b56c7a1e321c4581d02a9de890abf570bd93c969,0.0,69.54572774602578
1917,2023-02-01 11:30:18.195,/benchmark4,35.53653254061956,cpu,1,b56c7a1e321c4581d02a9de890abf570bd93c969,0.500004090905532,70.30911190863009
1918,2023-02-01 11:30:18.195,/benchmark3,0.0,cpu,1,b56c7a1e321c4581d02a9de890abf570bd93c969,0.0,69.54572774602578
1919,2023-02-01 11:30:18.195,/benchmark2,35.535951038987065,cpu,1,b56c7a1e321c4581d02a9de890abf570bd93c969,0.499995909094468,70.30909941700232
1920,2023-02-01 11:30:18.195,rapl,12.706573486328125,dram,0,RAPL_ENERGY_DRAM,1.0,0.0
1921,2023-02-01 11:30:18.195,global,12.461949157714844,dram,0,78b0a292a97c15df67fefab7e0af9a601bf982d3,1.0,12.461949157714844
1922,2023-02-01 11:30:18.195,/benchmark1,0.0,dram,0,78b0a292a97c15df67fefab7e0af9a601bf982d3,0.0,12.461949157714844
1923,2023-02-01 11:30:18.195,/benchmark4,0.0,dram,0,78b0a292a97c15df67fefab7e0af9a601bf982d3,0.0,12.461949157714844
1924,2023-02-01 11:30:18.195,/benchmark3,0.0,dram,0,78b0a292a97c15df67fefab7e0af9a601bf982d3,0.0,12.461949157714844
1925,2023-02-01 11:30:18.195,/benchmark2,0.0,dram,0,78b0a292a97c15df67fefab7e0af9a601bf982d3,0.0,12.461949157714844
1926,2023-02-01 11:30:18.195,rapl,12.944534301757812,dram,1,RAPL_ENERGY_DRAM,1.0,0.0
1927,2023-02-01 11:30:18.195,global,12.807187906901042,dram,1,e338ce15d13d6313503924a6d20075a34370f3ae,1.0,12.807187906901042
1928,2023-02-01 11:30:18.195,/benchmark1,0.0,dram,1,e338ce15d13d6313503924a6d20075a34370f3ae,0.0,12.807187906901042
1929,2023-02-01 11:30:18.195,/benchmark4,0.0,dram,1,e338ce15d13d6313503924a6d20075a34370f3ae,0.0,12.807187906901042
1930,2023-02-01 11:30:18.195,/benchmark3,0.0,dram,1,e338ce15d13d6313503924a6d20075a34370f3ae,0.0,12.807187906901042
1931,2023-02-01 11:30:18.195,/benchmark2,0.0,dram,1,e338ce15d13d6313503924a6d20075a34370f3ae,0.0,12.807187906901042
1932,2023-02-01 11:30:19.195,rapl,72.0933837890625,cpu,0,RAPL_ENERGY_PKG,1.0,0.0
1933,2023-02-01 11:30:19.195,global,72.36407105500437,cpu,0,e46328d77e9f35f861af016694c2714cafb866e6,1.0,72.36407105500437
1934,2023-02-01 11:30:19.195,/benchmark1,36.181804399734034,cpu,0,e46328d77e9f35f861af016694c2714cafb866e6,0.49999680604249064,71.45398737015351
1935,2023-02-01 11:30:19.195,/benchmark4,0.0,cpu,0,e46328d77e9f35f861af016694c2714cafb866e6,0.0,70.54391531230286
1936,2023-02-01 11:30:19.195,/benchmark3,36.18226665527034,cpu,0,e46328d77e9f35f861af016694c2714cafb866e6,0.5000031939575094,71.45399899715372
1937,2023-02-01 11:30:19.195,/benchmark2,0.0,cpu,0,e46328d77e9f35f861af016694c2714cafb866e6,0.0,70.54391531230286
1938,2023-02-01 11:30:19.195,rapl,70.77874755859375,cpu,1,RAPL_ENERGY_PKG,1.0,0.0
1939,2023-02-01 11:30:19.195,global,71.07250558720742,cpu,1,b56c7a1e321c4581d02a9de890abf570bd93c969,1.0,71.07250558720742
1940,2023-02-01 11:30:19.195,/benchmark1,0.0,cpu,1,b56c7a1e321c4581d02a9de890abf570bd93c969,0.0,69.54572774602578
1941,2023-02-01 11:30:19.195,/benchmark4,35.5372818909562,cpu,1,b56c7a1e321c4581d02a9de890abf570bd93c969,0.5000144795423208,70.30913877366096
1942,2023-02-01 11:30:19.195,/benchmark3,0.0,cpu,1,b56c7a1e321c4581d02a9de890abf570bd93c969,0.0,69.54572774602578
1943,2023-02-01 11:30:19.195,/benchmark2,35.535223696250554,cpu,1,b56c7a1e321c4581d02a9de890abf570bd93c969,0.4999855204576699,70.30909455957222
1944,2023-02-01 11:30:19.195,rapl,12.72119140625,dram,0,RAPL_ENERGY_DRAM,1.0,0.0
1945,2023-02-01 11:30:19.195,global,12.461949157714844,dram,0,78b0a292a97c15df67fefab7e0af9a601bf982d3,1.0,12.461949157714844
1946,2023-02-01 11:30:19.195,/benchmark1,0.0,dram,0,78b0a292a97c15df67fefab7e0af9a601bf982d3,0.0,12.461949157714844
1947,2023-02-01 11:30:19.195,/benchmark4,0.0,dram,0,78b0a292a97c15df67fefab7e0af9a601bf982d3,0.0,12.461949157714844
1948,2023-02-01 11:30:19.195,/benchmark3,0.0,dram,0,78b0a292a97c15df67fefab7e0af9a601bf982d3,0.0,12.461949157714844
1949,2023-02-01 11:30:19.195,/benchmark2,0.0,dram,0,78b0a292a97c15df67fefab7e0af9a601bf982d3,0.0,12.461949157714844
1950,2023-02-01 11:30:19.195,rapl,13.003997802734375,dram,1,RAPL_ENERGY_DRAM,1.0,0.0
1951,2023-02-01 11:30:19.195,global,12.807187906901042,dram,1,e338ce15d13d6313503924a6d20075a34370f3ae,1.0,12.807187906901042
1952,2023-02-01 11:30:19.195,/benchmark1,0.0,dram,1,e338ce15d13d6313503924a6d20075a34370f3ae,0.0,12.807187906901042
1953,2023-02-01 11:30:19.195,/benchmark4,0.0,dram,1,e338ce15d13d6313503924a6d20075a34370f3ae,0.0,12.807187906901042
1954,2023-02-01 11:30:19.195,/benchmark3,0.0,dram,1,e338ce15d13d6313503924a6d20075a34370f3ae,0.0,12.807187906901042
1955,2023-02-01 11:30:19.195,/benchmark2,0.0,dram,1,e338ce15d13d6313503924a6d20075a34370f3ae,0.0,12.807187906901042
1956,2023-02-01 11:30:20.195,rapl,72.16082763671875,cpu,0,RAPL_ENERGY_PKG,1.0,0.0
1957,2023-02-01 11:30:20.195,global,72.36405878061925,cpu,0,e46328d77e9f35f861af016694c2714cafb866e6,1.0,72.36405878061925
1958,2023-02-01 11:30:20.195,/benchmark1,36.1820186934632,cpu,0,e46328d77e9f35f861af016694c2714cafb866e6,0.49999985218012083,71.45398677740766
1959,2023-02-01 11:30:20.195,/benchmark4,0.0,cpu,0,e46328d77e9f35f861af016694c2714cafb866e6,0.0,70.54391531230286
1960,2023-02-01 11:30:20.195,/benchmark3,36.182040087156054,cpu,0,e46328d77e9f35f861af016694c2714cafb866e6,0.5000001478198792,71.45398731551444
1961,2023-02-01 11:30:20.195,/benchmark2,0.0,cpu,0,e46328d77e9f35f861af016694c2714cafb866e6,0.0,70.54391531230286
1962,2023-02-01 11:30:20.195,rapl,70.697265625,cpu,1,RAPL_ENERGY_PKG,1.0,0.0
1963,2023-02-01 11:30:20.195,global,71.07240792608785,cpu,1,b56c7a1e321c4581d02a9de890abf570bd93c969,1.0,71.07240792608785
1964,2023-02-01 11:30:20.195,/benchmark1,0.0,cpu,1,b56c7a1e321c4581d02a9de890abf570bd93c969,0.0,69.54572774602578
1965,2023-02-01 11:30:20.195,/benchmark4,35.53903593847906,cpu,1,b56c7a1e321c4581d02a9de890abf570bd93c969,0.5000398463414675,70.30912866867658
1966,2023-02-01 11:30:20.195,/benchmark3,0.0,cpu,1,b56c7a1e321c4581d02a9de890abf570bd93c969,0.0,69.54572774602578
1967,2023-02-01 11:30:20.195,/benchmark2,35.53337198760879,cpu,1,b56c7a1e321c4581d02a9de890abf570bd93c969,0.4999601536585325,70.30900700343705
1968,2023-02-01 11:30:20.195,rapl,12.723007202148438,dram,0,RAPL_ENERGY_DRAM,1.0,0.0
1969,2023-02-01 11:30:20.195,global,12.461949157714844,dram,0,78b0a292a97c15df67fefab7e0af9a601bf982d3,1.0,12.461949157714844
1970,2023-02-01 11:30:20.195,/benchmark1,0.0,dram,0,78b0a292a97c15df67fefab7e0af9a601bf982d3,0.0,12.461949157714844
1971,2023-02-01 11:30:20.195,/benchmark4,0.0,dram,0,78b0a292a97c15df67fefab7e0af9a601bf982d3,0.0,12.461949157714844
1972,2023-02-01 11:30:20.195,/benchmark3,0.0,dram,0,78b0a292a97c15df67fefab7e0af9a601bf982d3,0.0,12.461949157714844
1973,2023-02-01 11:30:20.195,/benchmark2,0.0,dram,0,78b0a292a97c15df67fefab7e0af9a601bf982d3,0.0,12.461949157714844
1974,2023-02-01 11:30:20.195,rapl,13.0196533203125,dram,1,RAPL_ENERGY_DRAM,1.0,0.0
1975,2023-02-01 11:30:20.195,global,12.807187906901042,dram,1,e338ce15d13d6313503924a6d20075a34370f3ae,1.0,12.807187906901042
1976,2023-02-01 11:30:20.195,/benchmark1,0.0,dram,1,e338ce15d13d6313503924a6d20075a34370f3ae,0.0,12.807187906901042
1977,2023-02-01 11:30:20.195,/benchmark4,0.0,dram,1,e338ce15d13d6313503924a6d20075a34370f3ae,0.0,12.807187906901042
1978,2023-02-01 11:30:20.195,/benchmark3,0.0,dram,1,e338ce15d13d6313503924a6d20075a34370f3ae,0.0,12.807187906901042
1979,2023-02-01 11:30:20.195,/benchmark2,0.0,dram,1,e338ce15d13d6313503924a6d20075a34370f3ae,0.0,12.807187906901042
1980,2023-02-01 11:30:21.195,rapl,72.16156005859375,cpu,0,RAPL_ENERGY_PKG,1.0,0.0
1981,2023-02-01 11:30:21.195,global,72.36405789606336,cpu,0,e46328d77e9f35f861af016694c2714cafb866e6,1.0,72.36405789606336
1982,2023-02-01 11:30:21.195,/benchmark1,36.18204562395648,cpu,0,e46328d77e9f35f861af016694c2714cafb866e6,0.5000002304448546,71.4539870236256
1983,2023-02-01 11:30:21.195,/benchmark4,0.0,cpu,0,e46328d77e9f35f861af016694c2714cafb866e6,0.0,70.54391531230286
1984,2023-02-01 11:30:21.195,/benchmark3,36.182012272106874,cpu,0,e46328d77e9f35f861af016694c2714cafb866e6,0.49999976955514536,71.45398618474061
1985,2023-02-01 11:30:21.195,/benchmark2,0.0,cpu,0,e46328d77e9f35f861af016694c2714cafb866e6,0.0,70.54391531230286
1986,2023-02-01 11:30:21.195,rapl,70.6749267578125,cpu,1,RAPL_ENERGY_PKG,1.0,0.0
1987,2023-02-01 11:30:21.195,global,71.0724012480777,cpu,1,b56c7a1e321c4581d02a9de890abf570bd93c969,1.0,71.0724012480777
1988,2023-02-01 11:30:21.195,/benchmark1,0.0,cpu,1,b56c7a1e321c4581d02a9de890abf570bd93c969,0.0,69.54572774602578
1989,2023-02-01 11:30:21.195,/benchmark4,35.53925286738513,cpu,1,b56c7a1e321c4581d02a9de890abf570bd93c969,0.500042945549787,70.30913006088463
1990,2023-02-01 11:30:21.195,/benchmark3,0.0,cpu,1,b56c7a1e321c4581d02a9de890abf570bd93c969,0.0,69.54572774602578
1991,2023-02-01 11:30:21.195,/benchmark2,35.53314838069257,cpu,1,b56c7a1e321c4581d02a9de890abf570bd93c969,0.49995705445021305,70.30899893321885
1992,2023-02-01 11:30:21.195,rapl,12.577682495117188,dram,0,RAPL_ENERGY_DRAM,1.0,0.0
1993,2023-02-01 11:30:21.195,global,12.461949157714844,dram,0,78b0a292a97c15df67fefab7e0af9a601bf982d3,1.0,12.461949157714844
1994,2023-02-01 11:30:21.195,/benchmark1,0.0,dram,0,78b0a292a97c15df67fefab7e0af9a601bf982d3,0.0,12.461949157714844
1995,2023-02-01 11:30:21.195,/benchmark4,0.0,dram,0,78b0a292a97c15df67fefab7e0af9a601bf982d3,0.0,12.461949157714844
1996,2023-02-01 11:30:21.195,/benchmark3,0.0,dram,0,78b0a292a97c15df67fefab7e0af9a601bf982d3,0.0,12.461949157714844
1997,2023-02-01 11:30:21.195,/benchmark2,0.0,dram,0,78b0a292a97c15df67fefab7e0af9a601bf982d3,0.0,12.461949157714844
1998,2023-02-01 11:30:21.195,rapl,13.023300170898438,dram,1,RAPL_ENERGY_DRAM,1.0,0.0
1999,2023-02-01 11:30:21.195,global,12.807187906901042,dram,1,e338ce15d13d6313503924a6d20075a34370f3ae,1.0,12.807187906901042
2000,2023-02-01 11:30:21.195,/benchmark1,0.0,dram,1,e338ce15d13d6313503924a6d20075a34370f3ae,0.0,12.807187906901042
2001,2023-02-01 11:30:21.195,/benchmark4,0.0,dram,1,e338ce15d13d6313503924a6d20075a34370f3ae,0.0,12.807187906901042
2002,2023-02-01 11:30:21.195,/benchmark3,0.0,dram,1,e338ce15d13d6313503924a6d20075a34370f3ae,0.0,12.807187906901042
2003,2023-02-01 11:30:21.195,/benchmark2,0.0,dram,1,e338ce15d13d6313503924a6d20075a34370f3ae,0.0,12.807187906901042
2004,2023-02-01 11:30:22.196,rapl,72.20916748046875,cpu,0,RAPL_ENERGY_PKG,1.0,0.0
2005,2023-02-01 11:30:22.196,global,72.36403973070202,cpu,0,e46328d77e9f35f861af016694c2714cafb866e6,1.0,72.36403973070202
2006,2023-02-01 11:30:22.196,/benchmark1,36.181973819059955,cpu,0,e46328d77e9f35f861af016694c2714cafb866e6,0.49999936368545445,71.4539763633308
2007,2023-02-01 11:30:22.196,/benchmark4,0.0,cpu,0,e46328d77e9f35f861af016694c2714cafb866e6,0.0,70.54391531230286
2008,2023-02-01 11:30:22.196,/benchmark3,36.18206591164206,cpu,0,e46328d77e9f35f861af016694c2714cafb866e6,0.5000006363145455,71.45397867967408
2009,2023-02-01 11:30:22.196,/benchmark2,0.0,cpu,0,e46328d77e9f35f861af016694c2714cafb866e6,0.0,70.54391531230286
2010,2023-02-01 11:30:22.196,rapl,70.71240234375,cpu,1,RAPL_ENERGY_PKG,1.0,0.0
2011,2023-02-01 11:30:22.196,global,71.07239064587581,cpu,1,b56c7a1e321c4581d02a9de890abf570bd93c969,1.0,71.07239064587581
2012,2023-02-01 11:30:22.196,/benchmark1,0.0,cpu,1,b56c7a1e321c4581d02a9de890abf570bd93c969,0.0,69.54572774602578
2013,2023-02-01 11:30:22.196,/benchmark4,35.539111551000694,cpu,1,b56c7a1e321c4581d02a9de890abf570bd93c969,0.5000410317992161,70.30912183767637
2014,2023-02-01 11:30:22.196,/benchmark3,0.0,cpu,1,b56c7a1e321c4581d02a9de890abf570bd93c969,0.0,69.54572774602578
2015,2023-02-01 11:30:22.196,/benchmark2,35.53327909487445,cpu,1,b56c7a1e321c4581d02a9de890abf570bd93c969,0.49995896820077457,70.3089965542252
2016,2023-02-01 11:30:22.196,rapl,12.735122680664062,dram,0,RAPL_ENERGY_DRAM,1.0,0.0
2017,2023-02-01 11:30:22.196,global,12.461949157714844,dram,0,78b0a292a97c15df67fefab7e0af9a601bf982d3,1.0,12.461949157714844
2018,2023-02-01 11:30:22.196,/benchmark1,0.0,dram,0,78b0a292a97c15df67fefab7e0af9a601bf982d3,0.0,12.461949157714844
2019,2023-02-01 11:30:22.196,/benchmark4,0.0,dram,0,78b0a292a97c15df67fefab7e0af9a601bf982d3,0.0,12.461949157714844
2020,2023-02-01 11:30:22.196,/benchmark3,0.0,dram,0,78b0a292a97c15df67fefab7e0af9a601bf982d3,0.0,12.461949157714844
2021,2023-02-01 11:30:22.196,/benchmark2,0.0,dram,0,78b0a292a97c15df67fefab7e0af9a601bf982d3,0.0,12.461949157714844
2022,2023-02-01 11:30:22.196,rapl,12.986572265625,dram,1,RAPL_ENERGY_DRAM,1.0,0.0
2023,2023-02-01 11:30:22.196,global,12.807187906901042,dram,1,e338ce15d13d6313503924a6d20075a34370f3ae,1.0,12.807187906901042
2024,2023-02-01 11:30:22.196,/benchmark1,0.0,dram,1,e338ce15d13d6313503924a6d20075a34370f3ae,0.0,12.807187906901042
2025,2023-02-01 11:30:22.196,/benchmark4,0.0,dram,1,e338ce15d13d6313503924a6d20075a34370f3ae,0.0,12.807187906901042
2026,2023-02-01 11:30:22.196,/benchmark3,0.0,dram,1,e338ce15d13d6313503924a6d20075a34370f3ae,0.0,12.807187906901042
2027,2023-02-01 11:30:22.196,/benchmark2,0.0,dram,1,e338ce15d13d6313503924a6d20075a34370f3ae,0.0,12.807187906901042
2028,2023-02-01 11:30:23.196,rapl,72.22119140625,cpu,0,RAPL_ENERGY_PKG,1.0,0.0
2029,2023-02-01 11:30:23.196,global,72.36405714828899,cpu,0,e46328d77e9f35f861af016694c2714cafb866e6,1.0,72.36405714828899
2030,2023-02-01 11:30:23.196,/benchmark1,36.18198579128139,cpu,0,e46328d77e9f35f861af016694c2714cafb866e6,0.4999994087829678,71.45398515419707
2031,2023-02-01 11:30:23.196,/benchmark4,0.0,cpu,0,e46328d77e9f35f861af016694c2714cafb866e6,0.0,70.54391531230286
2032,2023-02-01 11:30:23.196,/benchmark3,36.1820713570076,cpu,0,e46328d77e9f35f861af016694c2714cafb866e6,0.5000005912170322,71.45398730639478
2033,2023-02-01 11:30:23.196,/benchmark2,0.0,cpu,0,e46328d77e9f35f861af016694c2714cafb866e6,0.0,70.54391531230286
2034,2023-02-01 11:30:23.196,rapl,70.67822265625,cpu,1,RAPL_ENERGY_PKG,1.0,0.0
2035,2023-02-01 11:30:23.196,global,71.07243359014787,cpu,1,b56c7a1e321c4581d02a9de890abf570bd93c969,1.0,71.07243359014787
2036,2023-02-01 11:30:23.196,/benchmark1,0.0,cpu,1,b56c7a1e321c4581d02a9de890abf570bd93c969,0.0,69.54572774602578
2037,2023-02-01 11:30:23.196,/benchmark4,35.53846666950601,cpu,1,b56c7a1e321c4581d02a9de890abf570bd93c969,0.5000316560770248,70.30912899760462
2038,2023-02-01 11:30:23.196,/benchmark3,0.0,cpu,1,b56c7a1e321c4581d02a9de890abf570bd93c969,0.0,69.54572774602578
2039,2023-02-01 11:30:23.196,/benchmark2,35.53396692064186,cpu,1,b56c7a1e321c4581d02a9de890abf570bd93c969,0.4999683439229752,70.30903233856903
2040,2023-02-01 11:30:23.196,rapl,12.628036499023438,dram,0,RAPL_ENERGY_DRAM,1.0,0.0
2041,2023-02-01 11:30:23.196,global,12.461949157714844,dram,0,78b0a292a97c15df67fefab7e0af9a601bf982d3,1.0,12.461949157714844
2042,2023-02-01 11:30:23.196,/benchmark1,0.0,dram,0,78b0a292a97c15df67fefab7e0af9a601bf982d3,0.0,12.461949157714844
2043,2023-02-01 11:30:23.196,/benchmark4,0.0,dram,0,78b0a292a97c15df67fefab7e0af9a601bf982d3,0.0,12.461949157714844
2044,2023-02-01 11:30:23.196,/benchmark3,0.0,dram,0,78b0a292a97c15df67fefab7e0af9a601bf982d3,0.0,12.461949157714844
2045,2023-02-01 11:30:23.196,/benchmark2,0.0,dram,0,78b0a292a97c15df67fefab7e0af9a601bf982d3,0.0,12.461949157714844
2046,2023-02-01 11:30:23.196,rapl,13.022689819335938,dram,1,RAPL_ENERGY_DRAM,1.0,0.0
2047,2023-02-01 11:30:23.196,global,12.807187906901042,dram,1,e338ce15d13d6313503924a6d20075a34370f3ae,1.0,12.807187906901042
2048,2023-02-01 11:30:23.196,/benchmark1,0.0,dram,1,e338ce15d13d6313503924a6d20075a34370f3ae,0.0,12.807187906901042
2049,2023-02-01 11:30:23.196,/benchmark4,0.0,dram,1,e338ce15d13d6313503924a6d20075a34370f3ae,0.0,12.807187906901042
2050,2023-02-01 11:30:23.196,/benchmark3,0.0,dram,1,e338ce15d13d6313503924a6d20075a34370f3ae,0.0,12.807187906901042
2051,2023-02-01 11:30:23.196,/benchmark2,0.0,dram,1,e338ce15d13d6313503924a6d20075a34370f3ae,0.0,12.807187906901042
2052,2023-02-01 11:30:24.196,rapl,72.2498779296875,cpu,0,RAPL_ENERGY_PKG,1.0,0.0
2053,2023-02-01 11:30:24.196,global,72.36405537005444,cpu,0,e46328d77e9f35f861af016694c2714cafb866e6,1.0,72.36405537005444
2054,2023-02-01 11:30:24.196,/benchmark1,36.182107264144,cpu,0,e46328d77e9f35f861af016694c2714cafb866e6,0.5000010997050451,71.45398734279586
2055,2023-02-01 11:30:24.196,/benchmark4,0.0,cpu,0,e46328d77e9f35f861af016694c2714cafb866e6,0.0,70.54391531230286
2056,2023-02-01 11:30:24.196,/benchmark3,36.18194810591044,cpu,0,e46328d77e9f35f861af016694c2714cafb866e6,0.4999989002949548,71.45398333956145
2057,2023-02-01 11:30:24.196,/benchmark2,0.0,cpu,0,e46328d77e9f35f861af016694c2714cafb866e6,0.0,70.54391531230286
2058,2023-02-01 11:30:24.196,rapl,70.7049560546875,cpu,1,RAPL_ENERGY_PKG,1.0,0.0
2059,2023-02-01 11:30:24.196,global,71.07252714348796,cpu,1,b56c7a1e321c4581d02a9de890abf570bd93c969,1.0,71.07252714348796
2060,2023-02-01 11:30:24.196,/benchmark1,0.0,cpu,1,b56c7a1e321c4581d02a9de890abf570bd93c969,0.0,69.54572774602578
2061,2023-02-01 11:30:24.196,/benchmark4,35.536308794435676,cpu,1,b56c7a1e321c4581d02a9de890abf570bd93c969,0.5000006362893443,70.30912841624306
2062,2023-02-01 11:30:24.196,/benchmark3,0.0,cpu,1,b56c7a1e321c4581d02a9de890abf570bd93c969,0.0,69.54572774602578
2063,2023-02-01 11:30:24.196,/benchmark2,35.536218349052945,cpu,1,b56c7a1e321c4581d02a9de890abf570bd93c969,0.499999363710665,70.3091264732707
2064,2023-02-01 11:30:24.196,rapl,12.721298217773438,dram,0,RAPL_ENERGY_DRAM,1.0,0.0
2065,2023-02-01 11:30:24.196,global,12.461949157714844,dram,0,78b0a292a97c15df67fefab7e0af9a601bf982d3,1.0,12.461949157714844
2066,2023-02-01 11:30:24.196,/benchmark1,0.0,dram,0,78b0a292a97c15df67fefab7e0af9a601bf982d3,0.0,12.461949157714844
2067,2023-02-01 11:30:24.196,/benchmark4,0.0,dram,0,78b0a292a97c15df67fefab7e0af9a601bf982d3,0.0,12.461949157714844
2068,2023-02-01 11:30:24.196,/benchmark3,0.0,dram,0,78b0a292a97c15df67fefab7e0af9a601bf982d3,0.0,12.461949157714844
2069,2023-02-01 11:30:24.196,/benchmark2,0.0,dram,0,78b0a292a97c15df67fefab7e0af9a601bf982d3,0.0,12.461949157714844
2070,2023-02-01 11:30:24.196,rapl,13.01348876953125,dram,1,RAPL_ENERGY_DRAM,1.0,0.0
2071,2023-02-01 11:30:24.196,global,12.807187906901042,dram,1,e338ce15d13d6313503924a6d20075a34370f3ae,1.0,12.807187906901042
2072,2023-02-01 11:30:24.196,/benchmark1,0.0,dram,1,e338ce15d13d6313503924a6d20075a34370f3ae,0.0,12.807187906901042
2073,2023-02-01 11:30:24.196,/benchmark4,0.0,dram,1,e338ce15d13d6313503924a6d20075a34370f3ae,0.0,12.807187906901042
2074,2023-02-01 11:30:24.196,/benchmark3,0.0,dram,1,e338ce15d13d6313503924a6d20075a34370f3ae,0.0,12.807187906901042
2075,2023-02-01 11:30:24.196,/benchmark2,0.0,dram,1,e338ce15d13d6313503924a6d20075a34370f3ae,0.0,12.807187906901042
2076,2023-02-01 11:30:25.196,rapl,72.23016357421875,cpu,0,RAPL_ENERGY_PKG,1.0,0.0
2077,2023-02-01 11:30:25.196,global,72.364058552641,cpu,0,e46328d77e9f35f861af016694c2714cafb866e6,1.0,72.364058552641
2078,2023-02-01 11:30:25.196,/benchmark1,36.182043776923685,cpu,0,e46328d77e9f35f861af016694c2714cafb866e6,0.5000002003840508,71.4539872971996
2079,2023-02-01 11:30:25.196,/benchmark4,0.0,cpu,0,e46328d77e9f35f861af016694c2714cafb866e6,0.0,70.54391531230286
2080,2023-02-01 11:30:25.196,/benchmark3,36.18201477571731,cpu,0,e46328d77e9f35f861af016694c2714cafb866e6,0.49999979961594915,71.45398656774425
2081,2023-02-01 11:30:25.196,/benchmark2,0.0,cpu,0,e46328d77e9f35f861af016694c2714cafb866e6,0.0,70.54391531230286
2082,2023-02-01 11:30:25.196,rapl,70.66619873046875,cpu,1,RAPL_ENERGY_PKG,1.0,0.0
2083,2023-02-01 11:30:25.196,global,71.07251918036252,cpu,1,b56c7a1e321c4581d02a9de890abf570bd93c969,1.0,71.07251918036252
2084,2023-02-01 11:30:25.196,/benchmark1,0.0,cpu,1,b56c7a1e321c4581d02a9de890abf570bd93c969,0.0,69.54572774602578
2085,2023-02-01 11:30:25.196,/benchmark4,35.536536803089724,cpu,1,b56c7a1e321c4581d02a9de890abf570bd93c969,0.5000039004232812,70.309129418327
2086,2023-02-01 11:30:25.196,/benchmark3,0.0,cpu,1,b56c7a1e321c4581d02a9de890abf570bd93c969,0.0,69.54572774602578
2087,2023-02-01 11:30:25.196,/benchmark2,35.53598237727279,cpu,1,b56c7a1e321c4581d02a9de890abf570bd93c969,0.4999960995767187,70.30911750806129
2088,2023-02-01 11:30:25.196,rapl,12.641494750976562,dram,0,RAPL_ENERGY_DRAM,1.0,0.0
2089,2023-02-01 11:30:25.196,global,12.461949157714844,dram,0,78b0a292a97c15df67fefab7e0af9a601bf982d3,1.0,12.461949157714844
2090,2023-02-01 11:30:25.196,/benchmark1,0.0,dram,0,78b0a292a97c15df67fefab7e0af9a601bf982d3,0.0,12.461949157714844
2091,2023-02-01 11:30:25.196,/benchmark4,0.0,dram,0,78b0a292a97c15df67fefab7e0af9a601bf982d3,0.0,12.461949157714844
2092,2023-02-01 11:30:25.196,/benchmark3,0.0,dram,0,78b0a292a97c15df67fefab7e0af9a601bf982d3,0.0,12.461949157714844
2093,2023-02-01 11:30:25.196,/benchmark2,0.0,dram,0,78b0a292a97c15df67fefab7e0af9a601bf982d3,0.0,12.461949157714844
2094,2023-02-01 11:30:25.196,rapl,12.998580932617188,dram,1,RAPL_ENERGY_DRAM,1.0,0.0
2095,2023-02-01 11:30:25.196,global,12.807187906901042,dram,1,e338ce15d13d6313503924a6d20075a34370f3ae,1.0,12.807187906901042
2096,2023-02-01 11:30:25.196,/benchmark1,0.0,dram,1,e338ce15d13d6313503924a6d20075a34370f3ae,0.0,12.807187906901042
2097,2023-02-01 11:30:25.196,/benchmark4,0.0,dram,1,e338ce15d13d6313503924a6d20075a34370f3ae,0.0,12.807187906901042
2098,2023-02-01 11:30:25.196,/benchmark3,0.0,dram,1,e338ce15d13d6313503924a6d20075a34370f3ae,0.0,12.807187906901042
2099,2023-02-01 11:30:25.196,/benchmark2,0.0,dram,1,e338ce15d13d6313503924a6d20075a34370f3ae,0.0,12.807187906901042
2100,2023-02-01 11:30:26.196,rapl,72.22705078125,cpu,0,RAPL_ENERGY_PKG,1.0,0.0
2101,2023-02-01 11:30:26.196,global,72.36403960303467,cpu,0,e46328d77e9f35f861af016694c2714cafb866e6,1.0,72.36403960303467
2102,2023-02-01 11:30:26.196,/benchmark1,36.18195889040803,cpu,0,e46328d77e9f35f861af016694c2714cafb866e6,0.4999991582682554,71.45397592561237
2103,2023-02-01 11:30:26.196,/benchmark4,0.0,cpu,0,e46328d77e9f35f861af016694c2714cafb866e6,0.0,70.54391531230286
2104,2023-02-01 11:30:26.196,/benchmark2,0.0,cpu,0,e46328d77e9f35f861af016694c2714cafb866e6,0.0,70.54391531230286
2105,2023-02-01 11:30:26.196,/benchmark3,36.182080712627204,cpu,0,e46328d77e9f35f861af016694c2714cafb866e6,0.5000008417317524,71.45397898972517
2106,2023-02-01 11:30:26.196,rapl,70.60943603515625,cpu,1,RAPL_ENERGY_PKG,1.0,0.0
2107,2023-02-01 11:30:26.196,global,71.07251344324047,cpu,1,b56c7a1e321c4581d02a9de890abf570bd93c969,1.0,71.07251344324047
2108,2023-02-01 11:30:26.196,/benchmark1,0.0,cpu,1,b56c7a1e321c4581d02a9de890abf570bd93c969,0.0,69.54572774602578
2109,2023-02-01 11:30:26.196,/benchmark4,35.536325624510305,cpu,1,b56c7a1e321c4581d02a9de890abf570bd93c969,0.5000009694731019,70.30912207481079
2110,2023-02-01 11:30:26.196,/benchmark2,35.53618781872951,cpu,1,b56c7a1e321c4581d02a9de890abf570bd93c969,0.4999990305268888,70.30911911445544
2111,2023-02-01 11:30:26.196,/benchmark3,0.0,cpu,1,b56c7a1e321c4581d02a9de890abf570bd93c969,0.0,69.54572774602578
2112,2023-02-01 11:30:26.196,rapl,12.67486572265625,dram,0,RAPL_ENERGY_DRAM,1.0,0.0
2113,2023-02-01 11:30:26.196,global,12.461949157714844,dram,0,78b0a292a97c15df67fefab7e0af9a601bf982d3,1.0,12.461949157714844
2114,2023-02-01 11:30:26.196,/benchmark1,0.0,dram,0,78b0a292a97c15df67fefab7e0af9a601bf982d3,0.0,12.461949157714844
2115,2023-02-01 11:30:26.196,/benchmark4,0.0,dram,0,78b0a292a97c15df67fefab7e0af9a601bf982d3,0.0,12.461949157714844
2116,2023-02-01 11:30:26.196,/benchmark2,0.0,dram,0,78b0a292a97c15df67fefab7e0af9a601bf982d3,0.0,12.461949157714844
2117,2023-02-01 11:30:26.196,/benchmark3,0.0,dram,0,78b0a292a97c15df67fefab7e0af9a601bf982d3,0.0,12.461949157714844
2118,2023-02-01 11:30:26.196,rapl,12.998931884765625,dram,1,RAPL_ENERGY_DRAM,1.0,0.0
2119,2023-02-01 11:30:26.196,global,12.807187906901042,dram,1,e338ce15d13d6313503924a6d20075a34370f3ae,1.0,12.807187906901042
2120,2023-02-01 11:30:26.196,/benchmark1,0.0,dram,1,e338ce15d13d6313503924a6d20075a34370f3ae,0.0,12.807187906901042
2121,2023-02-01 11:30:26.196,/benchmark4,0.0,dram,1,e338ce15d13d6313503924a6d20075a34370f3ae,0.0,12.807187906901042
2122,2023-02-01 11:30:26.196,/benchmark2,0.0,dram,1,e338ce15d13d6313503924a6d20075a34370f3ae,0.0,12.807187906901042
2123,2023-02-01 11:30:26.196,/benchmark3,0.0,dram,1,e338ce15d13d6313503924a6d20075a34370f3ae,0.0,12.807187906901042
2124,2023-02-01 11:30:27.197,rapl,72.27099609375,cpu,0,RAPL_ENERGY_PKG,1.0,0.0
2125,2023-02-01 11:30:27.197,global,72.36403965774957,cpu,0,e46328d77e9f35f861af016694c2714cafb866e6,1.0,72.36403965774957
2126,2023-02-01 11:30:27.197,/benchmark1,36.18239579907531,cpu,0,e46328d77e9f35f861af016694c2714cafb866e6,0.5000051955391421,71.4539869415535
2127,2023-02-01 11:30:27.197,/benchmark3,36.18164385867426,cpu,0,e46328d77e9f35f861af016694c2714cafb866e6,0.49999480446085787,71.45396802849893
2128,2023-02-01 11:30:27.197,/benchmark2,0.0,cpu,0,e46328d77e9f35f861af016694c2714cafb866e6,0.0,70.54391531230286
2129,2023-02-01 11:30:27.197,/benchmark4,0.0,cpu,0,e46328d77e9f35f861af016694c2714cafb866e6,0.0,70.54391531230286
2130,2023-02-01 11:30:27.197,rapl,70.67730712890625,cpu,1,RAPL_ENERGY_PKG,1.0,0.0
2131,2023-02-01 11:30:27.197,global,71.07245766311276,cpu,1,b56c7a1e321c4581d02a9de890abf570bd93c969,1.0,71.07245766311276
2132,2023-02-01 11:30:27.197,/benchmark1,0.0,cpu,1,b56c7a1e321c4581d02a9de890abf570bd93c969,0.0,69.54572774602578
2133,2023-02-01 11:30:27.197,/benchmark3,0.0,cpu,1,b56c7a1e321c4581d02a9de890abf570bd93c969,0.0,69.54572774602578
2134,2023-02-01 11:30:27.197,/benchmark2,35.534491241661755,cpu,1,b56c7a1e321c4581d02a9de890abf570bd93c969,0.49997555185297154,70.30905537885178
2135,2023-02-01 11:30:27.197,/benchmark4,35.53796642145034,cpu,1,b56c7a1e321c4581d02a9de890abf570bd93c969,0.5000244481470192,70.30913003028674
2136,2023-02-01 11:30:27.197,rapl,12.664703369140625,dram,0,RAPL_ENERGY_DRAM,1.0,0.0
2137,2023-02-01 11:30:27.197,global,12.461949157714844,dram,0,78b0a292a97c15df67fefab7e0af9a601bf982d3,1.0,12.461949157714844
2138,2023-02-01 11:30:27.197,/benchmark1,0.0,dram,0,78b0a292a97c15df67fefab7e0af9a601bf982d3,0.0,12.461949157714844
2139,2023-02-01 11:30:27.197,/benchmark3,0.0,dram,0,78b0a292a97c15df67fefab7e0af9a601bf982d3,0.0,12.461949157714844
2140,2023-02-01 11:30:27.197,/benchmark2,0.0,dram,0,78b0a292a97c15df67fefab7e0af9a601bf982d3,0.0,12.461949157714844
2141,2023-02-01 11:30:27.197,/benchmark4,0.0,dram,0,78b0a292a97c15df67fefab7e0af9a601bf982d3,0.0,12.461949157714844
2142,2023-02-01 11:30:27.197,rapl,13.033355712890625,dram,1,RAPL_ENERGY_DRAM,1.0,0.0
2143,2023-02-01 11:30:27.197,global,12.807187906901042,dram,1,e338ce15d13d6313503924a6d20075a34370f3ae,1.0,12.807187906901042
2144,2023-02-01 11:30:27.197,/benchmark1,0.0,dram,1,e338ce15d13d6313503924a6d20075a34370f3ae,0.0,12.807187906901042
2145,2023-02-01 11:30:27.197,/benchmark3,0.0,dram,1,e338ce15d13d6313503924a6d20075a34370f3ae,0.0,12.807187906901042
2146,2023-02-01 11:30:27.197,/benchmark2,0.0,dram,1,e338ce15d13d6313503924a6d20075a34370f3ae,0.0,12.807187906901042
2147,2023-02-01 11:30:27.197,/benchmark4,0.0,dram,1,e338ce15d13d6313503924a6d20075a34370f3ae,0.0,12.807187906901042
2148,2023-02-01 11:30:28.197,rapl,72.3302001953125,cpu,0,RAPL_ENERGY_PKG,1.0,0.0
2149,2023-02-01 11:30:28.197,global,72.36407393665921,cpu,0,e46328d77e9f35f861af016694c2714cafb866e6,1.0,72.36407393665921
2150,2023-02-01 11:30:28.197,/benchmark4,0.0,cpu,0,e46328d77e9f35f861af016694c2714cafb866e6,0.0,70.54391531230286
2151,2023-02-01 11:30:28.197,/benchmark3,36.18233045445979,cpu,0,e46328d77e9f35f861af016694c2714cafb866e6,0.5000040556883301,71.45400200647713
2152,2023-02-01 11:30:28.197,/benchmark2,0.0,cpu,0,e46328d77e9f35f861af016694c2714cafb866e6,0.0,70.54391531230286
2153,2023-02-01 11:30:28.197,/benchmark1,36.18174348219942,cpu,0,e46328d77e9f35f861af016694c2714cafb866e6,0.4999959443116699,71.45398724248494
2154,2023-02-01 11:30:28.197,rapl,70.66595458984375,cpu,1,RAPL_ENERGY_PKG,1.0,0.0
2155,2023-02-01 11:30:28.197,global,71.07240736767534,cpu,1,b56c7a1e321c4581d02a9de890abf570bd93c969,1.0,71.07240736767534
2156,2023-02-01 11:30:28.197,/benchmark4,35.53871142078603,cpu,1,b56c7a1e321c4581d02a9de890abf570bd93c969,0.500035284255047,70.3091214246037
2157,2023-02-01 11:30:28.197,/benchmark3,0.0,cpu,1,b56c7a1e321c4581d02a9de890abf570bd93c969,0.0,69.54572774602578
2158,2023-02-01 11:30:28.197,/benchmark2,35.53369594688998,cpu,1,b56c7a1e321c4581d02a9de890abf570bd93c969,0.49996471574496243,70.30901368909743
2159,2023-02-01 11:30:28.197,/benchmark1,0.0,cpu,1,b56c7a1e321c4581d02a9de890abf570bd93c969,0.0,69.54572774602578
2160,2023-02-01 11:30:28.197,rapl,12.652206420898438,dram,0,RAPL_ENERGY_DRAM,1.0,0.0
2161,2023-02-01 11:30:28.197,global,12.461949157714844,dram,0,78b0a292a97c15df67fefab7e0af9a601bf982d3,1.0,12.461949157714844
2162,2023-02-01 11:30:28.197,/benchmark4,0.0,dram,0,78b0a292a97c15df67fefab7e0af9a601bf982d3,0.0,12.461949157714844
2163,2023-02-01 11:30:28.197,/benchmark3,0.0,dram,0,78b0a292a97c15df67fefab7e0af9a601bf982d3,0.0,12.461949157714844
2164,2023-02-01 11:30:28.197,/benchmark2,0.0,dram,0,78b0a292a97c15df67fefab7e0af9a601bf982d3,0.0,12.461949157714844
2165,2023-02-01 11:30:28.197,/benchmark1,0.0,dram,0,78b0a292a97c15df67fefab7e0af9a601bf982d3,0.0,12.461949157714844
2166,2023-02-01 11:30:28.197,rapl,13.0302734375,dram,1,RAPL_ENERGY_DRAM,1.0,0.0
2167,2023-02-01 11:30:28.197,global,12.807187906901042,dram,1,e338ce15d13d6313503924a6d20075a34370f3ae,1.0,12.807187906901042
2168,2023-02-01 11:30:28.197,/benchmark4,0.0,dram,1,e338ce15d13d6313503924a6d20075a34370f3ae,0.0,12.807187906901042
2169,2023-02-01 11:30:28.197,/benchmark3,0.0,dram,1,e338ce15d13d6313503924a6d20075a34370f3ae,0.0,12.807187906901042
2170,2023-02-01 11:30:28.197,/benchmark2,0.0,dram,1,e338ce15d13d6313503924a6d20075a34370f3ae,0.0,12.807187906901042
2171,2023-02-01 11:30:28.197,/benchmark1,0.0,dram,1,e338ce15d13d6313503924a6d20075a34370f3ae,0.0,12.807187906901042
2172,2023-02-01 11:30:29.197,rapl,72.3258056640625,cpu,0,RAPL_ENERGY_PKG,1.0,0.0
2173,2023-02-01 11:30:29.197,global,72.36407440173495,cpu,0,e46328d77e9f35f861af016694c2714cafb866e6,1.0,72.36407440173495
2174,2023-02-01 11:30:29.197,/benchmark1,36.18194801198631,cpu,0,e46328d77e9f35f861af016694c2714cafb866e6,0.4999987674977963,71.45399261366882
2175,2023-02-01 11:30:29.197,/benchmark4,0.0,cpu,0,e46328d77e9f35f861af016694c2714cafb866e6,0.0,70.54391531230286
2176,2023-02-01 11:30:29.197,/benchmark3,36.182126389748646,cpu,0,e46328d77e9f35f861af016694c2714cafb866e6,0.5000012325022037,71.453997100369
2177,2023-02-01 11:30:29.197,/benchmark2,0.0,cpu,0,e46328d77e9f35f861af016694c2714cafb866e6,0.0,70.54391531230286
2178,2023-02-01 11:30:29.197,rapl,70.67584228515625,cpu,1,RAPL_ENERGY_PKG,1.0,0.0
2179,2023-02-01 11:30:29.197,global,71.07241952272433,cpu,1,b56c7a1e321c4581d02a9de890abf570bd93c969,1.0,71.07241952272433
2180,2023-02-01 11:30:29.197,/benchmark1,0.0,cpu,1,b56c7a1e321c4581d02a9de890abf570bd93c969,0.0,69.54572774602578
2181,2023-02-01 11:30:29.197,/benchmark4,35.539455157937255,cpu,1,b56c7a1e321c4581d02a9de890abf570bd93c969,0.5000456632347243,70.30914334806
2182,2023-02-01 11:30:29.197,/benchmark3,0.0,cpu,1,b56c7a1e321c4581d02a9de890abf570bd93c969,0.0,69.54572774602578
2183,2023-02-01 11:30:29.197,/benchmark2,35.53296436478708,cpu,1,b56c7a1e321c4581d02a9de890abf570bd93c969,0.49995433676527573,70.3090039206901
2184,2023-02-01 11:30:29.197,rapl,12.679229736328125,dram,0,RAPL_ENERGY_DRAM,1.0,0.0
2185,2023-02-01 11:30:29.197,global,12.461949157714844,dram,0,78b0a292a97c15df67fefab7e0af9a601bf982d3,1.0,12.461949157714844
2186,2023-02-01 11:30:29.197,/benchmark1,0.0,dram,0,78b0a292a97c15df67fefab7e0af9a601bf982d3,0.0,12.461949157714844
2187,2023-02-01 11:30:29.197,/benchmark4,0.0,dram,0,78b0a292a97c15df67fefab7e0af9a601bf982d3,0.0,12.461949157714844
2188,2023-02-01 11:30:29.197,/benchmark3,0.0,dram,0,78b0a292a97c15df67fefab7e0af9a601bf982d3,0.0,12.461949157714844
2189,2023-02-01 11:30:29.197,/benchmark2,0.0,dram,0,78b0a292a97c15df67fefab7e0af9a601bf982d3,0.0,12.461949157714844
2190,2023-02-01 11:30:29.197,rapl,13.037948608398438,dram,1,RAPL_ENERGY_DRAM,1.0,0.0
2191,2023-02-01 11:30:29.197,global,12.807187906901042,dram,1,e338ce15d13d6313503924a6d20075a34370f3ae,1.0,12.807187906901042
2192,2023-02-01 11:30:29.197,/benchmark1,0.0,dram,1,e338ce15d13d6313503924a6d20075a34370f3ae,0.0,12.807187906901042
2193,2023-02-01 11:30:29.197,/benchmark4,0.0,dram,1,e338ce15d13d6313503924a6d20075a34370f3ae,0.0,12.807187906901042
2194,2023-02-01 11:30:29.197,/benchmark3,0.0,dram,1,e338ce15d13d6313503924a6d20075a34370f3ae,0.0,12.807187906901042
2195,2023-02-01 11:30:29.197,/benchmark2,0.0,dram,1,e338ce15d13d6313503924a6d20075a34370f3ae,0.0,12.807187906901042
2196,2023-02-01 11:30:30.197,rapl,72.39154052734375,cpu,0,RAPL_ENERGY_PKG,1.0,0.0
2197,2023-02-01 11:30:30.197,global,72.36403783391754,cpu,0,e46328d77e9f35f861af016694c2714cafb866e6,1.0,72.36403783391754
2198,2023-02-01 11:30:30.197,/benchmark1,36.18199498663798,cpu,0,e46328d77e9f35f861af016694c2714cafb866e6,0.49999966930644696,71.45397597120741
2199,2023-02-01 11:30:30.197,/benchmark4,0.0,cpu,0,e46328d77e9f35f861af016694c2714cafb866e6,0.0,70.54391531230286
2200,2023-02-01 11:30:30.197,/benchmark3,36.18204284727955,cpu,0,e46328d77e9f35f861af016694c2714cafb866e6,0.500000330693553,71.45397717501298
2201,2023-02-01 11:30:30.197,/benchmark2,0.0,cpu,0,e46328d77e9f35f861af016694c2714cafb866e6,0.0,70.54391531230286
2202,2023-02-01 11:30:30.197,rapl,70.6961669921875,cpu,1,RAPL_ENERGY_PKG,1.0,0.0
2203,2023-02-01 11:30:30.197,global,71.07238710415925,cpu,1,b56c7a1e321c4581d02a9de890abf570bd93c969,1.0,71.07238710415925
2204,2023-02-01 11:30:30.197,/benchmark1,0.0,cpu,1,b56c7a1e321c4581d02a9de890abf570bd93c969,0.0,69.54572774602578
2205,2023-02-01 11:30:30.197,/benchmark4,35.539137029632634,cpu,1,b56c7a1e321c4581d02a9de890abf570bd93c969,0.5000414152060025,70.30912065200432
2206,2023-02-01 11:30:30.197,/benchmark3,0.0,cpu,1,b56c7a1e321c4581d02a9de890abf570bd93c969,0.0,69.54572774602578
2207,2023-02-01 11:30:30.197,/benchmark2,35.53325007452661,cpu,1,b56c7a1e321c4581d02a9de890abf570bd93c969,0.49995858479399746,70.3089941981807
2208,2023-02-01 11:30:30.197,rapl,12.593460083007812,dram,0,RAPL_ENERGY_DRAM,1.0,0.0
2209,2023-02-01 11:30:30.197,global,12.461949157714844,dram,0,78b0a292a97c15df67fefab7e0af9a601bf982d3,1.0,12.461949157714844
2210,2023-02-01 11:30:30.197,/benchmark1,0.0,dram,0,78b0a292a97c15df67fefab7e0af9a601bf982d3,0.0,12.461949157714844
2211,2023-02-01 11:30:30.197,/benchmark4,0.0,dram,0,78b0a292a97c15df67fefab7e0af9a601bf982d3,0.0,12.461949157714844
2212,2023-02-01 11:30:30.197,/benchmark3,0.0,dram,0,78b0a292a97c15df67fefab7e0af9a601bf982d3,0.0,12.461949157714844
2213,2023-02-01 11:30:30.197,/benchmark2,0.0,dram,0,78b0a292a97c15df67fefab7e0af9a601bf982d3,0.0,12.461949157714844
2214,2023-02-01 11:30:30.197,rapl,13.039657592773438,dram,1,RAPL_ENERGY_DRAM,1.0,0.0
2215,2023-02-01 11:30:30.197,global,12.807187906901042,dram,1,e338ce15d13d6313503924a6d20075a34370f3ae,1.0,12.807187906901042
2216,2023-02-01 11:30:30.197,/benchmark1,0.0,dram,1,e338ce15d13d6313503924a6d20075a34370f3ae,0.0,12.807187906901042
2217,2023-02-01 11:30:30.197,/benchmark4,0.0,dram,1,e338ce15d13d6313503924a6d20075a34370f3ae,0.0,12.807187906901042
2218,2023-02-01 11:30:30.197,/benchmark3,0.0,dram,1,e338ce15d13d6313503924a6d20075a34370f3ae,0.0,12.807187906901042
2219,2023-02-01 11:30:30.197,/benchmark2,0.0,dram,1,e338ce15d13d6313503924a6d20075a34370f3ae,0.0,12.807187906901042
2220,2023-02-01 11:30:31.197,rapl,72.34521484375,cpu,0,RAPL_ENERGY_PKG,1.0,0.0
2221,2023-02-01 11:30:31.197,global,72.36407581520345,cpu,0,e46328d77e9f35f861af016694c2714cafb866e6,1.0,72.36407581520345
2222,2023-02-01 11:30:31.197,/benchmark1,36.18197246579971,cpu,0,e46328d77e9f35f861af016694c2714cafb866e6,0.49999909565898165,71.45399391770735
2223,2023-02-01 11:30:31.197,/benchmark4,0.0,cpu,0,e46328d77e9f35f861af016694c2714cafb866e6,0.0,70.54391531230286
2224,2023-02-01 11:30:31.197,/benchmark3,36.18210334940375,cpu,0,e46328d77e9f35f861af016694c2714cafb866e6,0.5000009043410184,71.45399720979896
2225,2023-02-01 11:30:31.197,/benchmark2,0.0,cpu,0,e46328d77e9f35f861af016694c2714cafb866e6,0.0,70.54391531230286
2226,2023-02-01 11:30:31.197,rapl,70.5966796875,cpu,1,RAPL_ENERGY_PKG,1.0,0.0
2227,2023-02-01 11:30:31.197,global,71.07243707066912,cpu,1,b56c7a1e321c4581d02a9de890abf570bd93c969,1.0,71.07243707066912
2228,2023-02-01 11:30:31.197,/benchmark1,0.0,cpu,1,b56c7a1e321c4581d02a9de890abf570bd93c969,0.0,69.54572774602578
2229,2023-02-01 11:30:31.197,/benchmark4,35.53882611191533,cpu,1,b56c7a1e321c4581d02a9de890abf570bd93c969,0.5000366889991147,70.30913842178451
2230,2023-02-01 11:30:31.197,/benchmark3,0.0,cpu,1,b56c7a1e321c4581d02a9de890abf570bd93c969,0.0,69.54572774602578
2231,2023-02-01 11:30:31.197,/benchmark2,35.5336109587538,cpu,1,b56c7a1e321c4581d02a9de890abf570bd93c969,0.4999633110008853,70.30902639491039
2232,2023-02-01 11:30:31.197,rapl,12.657958984375,dram,0,RAPL_ENERGY_DRAM,1.0,0.0
2233,2023-02-01 11:30:31.197,global,12.461949157714844,dram,0,78b0a292a97c15df67fefab7e0af9a601bf982d3,1.0,12.461949157714844
2234,2023-02-01 11:30:31.197,/benchmark1,0.0,dram,0,78b0a292a97c15df67fefab7e0af9a601bf982d3,0.0,12.461949157714844
2235,2023-02-01 11:30:31.197,/benchmark4,0.0,dram,0,78b0a292a97c15df67fefab7e0af9a601bf982d3,0.0,12.461949157714844
2236,2023-02-01 11:30:31.197,/benchmark3,0.0,dram,0,78b0a292a97c15df67fefab7e0af9a601bf982d3,0.0,12.461949157714844
2237,2023-02-01 11:30:31.197,/benchmark2,0.0,dram,0,78b0a292a97c15df67fefab7e0af9a601bf982d3,0.0,12.461949157714844
2238,2023-02-01 11:30:31.197,rapl,13.051803588867188,dram,1,RAPL_ENERGY_DRAM,1.0,0.0
2239,2023-02-01 11:30:31.197,global,12.807187906901042,dram,1,e338ce15d13d6313503924a6d20075a34370f3ae,1.0,12.807187906901042
2240,2023-02-01 11:30:31.197,/benchmark1,0.0,dram,1,e338ce15d13d6313503924a6d20075a34370f3ae,0.0,12.807187906901042
2241,2023-02-01 11:30:31.197,/benchmark4,0.0,dram,1,e338ce15d13d6313503924a6d20075a34370f3ae,0.0,12.807187906901042
2242,2023-02-01 11:30:31.197,/benchmark3,0.0,dram,1,e338ce15d13d6313503924a6d20075a34370f3ae,0.0,12.807187906901042
2243,2023-02-01 11:30:31.197,/benchmark2,0.0,dram,1,e338ce15d13d6313503924a6d20075a34370f3ae,0.0,12.807187906901042
2244,2023-02-01 11:30:32.198,rapl,72.20745849609375,cpu,0,RAPL_ENERGY_PKG,1.0,0.0
2245,2023-02-01 11:30:32.198,global,72.36405783222614,cpu,0,e46328d77e9f35f861af016694c2714cafb866e6,1.0,72.36405783222614
2246,2023-02-01 11:30:32.198,/benchmark1,36.18206680145982,cpu,0,e46328d77e9f35f861af016694c2714cafb866e6,0.5000005235381747,71.45398752517859
2247,2023-02-01 11:30:32.198,/benchmark4,0.0,cpu,0,e46328d77e9f35f861af016694c2714cafb866e6,0.0,70.54391531230286
2248,2023-02-01 11:30:32.198,/benchmark3,36.18199103076576,cpu,0,e46328d77e9f35f861af016694c2714cafb866e6,0.4999994764618175,71.45398561935039
2249,2023-02-01 11:30:32.198,/benchmark2,0.0,cpu,0,e46328d77e9f35f861af016694c2714cafb866e6,0.0,70.54391531230286
2250,2023-02-01 11:30:32.198,rapl,70.62164306640625,cpu,1,RAPL_ENERGY_PKG,1.0,0.0
2251,2023-02-01 11:30:32.198,global,71.07252829856176,cpu,1,b56c7a1e321c4581d02a9de890abf570bd93c969,1.0,71.07252829856176
2252,2023-02-01 11:30:32.198,/benchmark1,0.0,cpu,1,b56c7a1e321c4581d02a9de890abf570bd93c969,0.0,69.54572774602578
2253,2023-02-01 11:30:32.198,/benchmark4,35.536279638924064,cpu,1,b56c7a1e321c4581d02a9de890abf570bd93c969,0.5000002179413559,70.30912835504675
2254,2023-02-01 11:30:32.198,/benchmark3,0.0,cpu,1,b56c7a1e321c4581d02a9de890abf570bd93c969,0.0,69.54572774602578
2255,2023-02-01 11:30:32.198,/benchmark2,35.53624865963704,cpu,1,b56c7a1e321c4581d02a9de890abf570bd93c969,0.4999997820586349,70.30912768954077
2256,2023-02-01 11:30:32.198,rapl,12.682830810546875,dram,0,RAPL_ENERGY_DRAM,1.0,0.0
2257,2023-02-01 11:30:32.198,global,12.461949157714844,dram,0,78b0a292a97c15df67fefab7e0af9a601bf982d3,1.0,12.461949157714844
2258,2023-02-01 11:30:32.198,/benchmark1,0.0,dram,0,78b0a292a97c15df67fefab7e0af9a601bf982d3,0.0,12.461949157714844
2259,2023-02-01 11:30:32.198,/benchmark4,0.0,dram,0,78b0a292a97c15df67fefab7e0af9a601bf982d3,0.0,12.461949157714844
2260,2023-02-01 11:30:32.198,/benchmark3,0.0,dram,0,78b0a292a97c15df67fefab7e0af9a601bf982d3,0.0,12.461949157714844
2261,2023-02-01 11:30:32.198,/benchmark2,0.0,dram,0,78b0a292a97c15df67fefab7e0af9a601bf982d3,0.0,12.461949157714844
2262,2023-02-01 11:30:32.198,rapl,12.950302124023438,dram,1,RAPL_ENERGY_DRAM,1.0,0.0
2263,2023-02-01 11:30:32.198,global,12.807187906901042,dram,1,e338ce15d13d6313503924a6d20075a34370f3ae,1.0,12.807187906901042
2264,2023-02-01 11:30:32.198,/benchmark1,0.0,dram,1,e338ce15d13d6313503924a6d20075a34370f3ae,0.0,12.807187906901042
2265,2023-02-01 11:30:32.198,/benchmark4,0.0,dram,1,e338ce15d13d6313503924a6d20075a34370f3ae,0.0,12.807187906901042
2266,2023-02-01 11:30:32.198,/benchmark3,0.0,dram,1,e338ce15d13d6313503924a6d20075a34370f3ae,0.0,12.807187906901042
2267,2023-02-01 11:30:32.198,/benchmark2,0.0,dram,1,e338ce15d13d6313503924a6d20075a34370f3ae,0.0,12.807187906901042
2268,2023-02-01 11:30:33.198,rapl,72.1837158203125,cpu,0,RAPL_ENERGY_PKG,1.0,0.0
2269,2023-02-01 11:30:33.198,global,72.3640536465335,cpu,0,e46328d77e9f35f861af016694c2714cafb866e6,1.0,72.3640536465335
2270,2023-02-01 11:30:33.198,/benchmark1,36.18206162695992,cpu,0,e46328d77e9f35f861af016694c2714cafb866e6,0.5000004809527855,71.45398535481878
2271,2023-02-01 11:30:33.198,/benchmark4,0.0,cpu,0,e46328d77e9f35f861af016694c2714cafb866e6,0.0,70.54391531230286
2272,2023-02-01 11:30:33.198,/benchmark3,36.181992019573585,cpu,0,e46328d77e9f35f861af016694c2714cafb866e6,0.4999995190472145,71.45398360401758
2273,2023-02-01 11:30:33.198,/benchmark2,0.0,cpu,0,e46328d77e9f35f861af016694c2714cafb866e6,0.0,70.54391531230286
2274,2023-02-01 11:30:33.198,rapl,70.673828125,cpu,1,RAPL_ENERGY_PKG,1.0,0.0
2275,2023-02-01 11:30:33.198,global,71.07251208162963,cpu,1,b56c7a1e321c4581d02a9de890abf570bd93c969,1.0,71.07251208162963
2276,2023-02-01 11:30:33.198,/benchmark1,0.0,cpu,1,b56c7a1e321c4581d02a9de890abf570bd93c969,0.0,69.54572774602578
2277,2023-02-01 11:30:33.198,/benchmark4,35.53665183215611,cpu,1,b56c7a1e321c4581d02a9de890abf570bd93c969,0.5000055688384961,70.30912841624308
2278,2023-02-01 11:30:33.198,/benchmark3,0.0,cpu,1,b56c7a1e321c4581d02a9de890abf570bd93c969,0.0,69.54572774602578
2279,2023-02-01 11:30:33.198,/benchmark2,35.53586024947352,cpu,1,b56c7a1e321c4581d02a9de890abf570bd93c969,0.49999443116150394,70.30911141141232
2280,2023-02-01 11:30:33.198,rapl,12.660110473632812,dram,0,RAPL_ENERGY_DRAM,1.0,0.0
2281,2023-02-01 11:30:33.198,global,12.461949157714844,dram,0,78b0a292a97c15df67fefab7e0af9a601bf982d3,1.0,12.461949157714844
2282,2023-02-01 11:30:33.198,/benchmark1,0.0,dram,0,78b0a292a97c15df67fefab7e0af9a601bf982d3,0.0,12.461949157714844
2283,2023-02-01 11:30:33.198,/benchmark4,0.0,dram,0,78b0a292a97c15df67fefab7e0af9a601bf982d3,0.0,12.461949157714844
2284,2023-02-01 11:30:33.198,/benchmark3,0.0,dram,0,78b0a292a97c15df67fefab7e0af9a601bf982d3,0.0,12.461949157714844
2285,2023-02-01 11:30:33.198,/benchmark2,0.0,dram,0,78b0a292a97c15df67fefab7e0af9a601bf982d3,0.0,12.461949157714844
2286,2023-02-01 11:30:33.198,rapl,13.01513671875,dram,1,RAPL_ENERGY_DRAM,1.0,0.0
2287,2023-02-01 11:30:33.198,global,12.807187906901042,dram,1,e338ce15d13d6313503924a6d20075a34370f3ae,1.0,12.807187906901042
2288,2023-02-01 11:30:33.198,/benchmark1,0.0,dram,1,e338ce15d13d6313503924a6d20075a34370f3ae,0.0,12.807187906901042
2289,2023-02-01 11:30:33.198,/benchmark4,0.0,dram,1,e338ce15d13d6313503924a6d20075a34370f3ae,0.0,12.807187906901042
2290,2023-02-01 11:30:33.198,/benchmark3,0.0,dram,1,e338ce15d13d6313503924a6d20075a34370f3ae,0.0,12.807187906901042
2291,2023-02-01 11:30:33.198,/benchmark2,0.0,dram,1,e338ce15d13d6313503924a6d20075a34370f3ae,0.0,12.807187906901042
2292,2023-02-01 11:30:34.198,rapl,72.173583984375,cpu,0,RAPL_ENERGY_PKG,1.0,0.0
2293,2023-02-01 11:30:34.198,global,72.36400256101999,cpu,0,e46328d77e9f35f861af016694c2714cafb866e6,1.0,72.36400256101999
2294,2023-02-01 11:30:34.198,/benchmark1,36.18237109456333,cpu,0,e46328d77e9f35f861af016694c2714cafb866e6,0.5000051104698503,71.45396823816243
2295,2023-02-01 11:30:34.198,/benchmark4,0.0,cpu,0,e46328d77e9f35f861af016694c2714cafb866e6,0.0,70.54391531230286
2296,2023-02-01 11:30:34.198,/benchmark3,36.181631466456096,cpu,0,e46328d77e9f35f861af016694c2714cafb866e6,0.49999488953014193,71.4539496351604
2297,2023-02-01 11:30:34.198,/benchmark2,0.0,cpu,0,e46328d77e9f35f861af016694c2714cafb866e6,0.0,70.54391531230286
2298,2023-02-01 11:30:34.198,rapl,70.70965576171875,cpu,1,RAPL_ENERGY_PKG,1.0,0.0
2299,2023-02-01 11:30:34.198,global,71.07246439466955,cpu,1,b56c7a1e321c4581d02a9de890abf570bd93c969,1.0,71.07246439466955
2300,2023-02-01 11:30:34.198,/benchmark1,0.0,cpu,1,b56c7a1e321c4581d02a9de890abf570bd93c969,0.0,69.54572774602578
2301,2023-02-01 11:30:34.198,/benchmark4,35.53654324933506,cpu,1,b56c7a1e321c4581d02a9de890abf570bd93c969,0.5000043765472737,70.30910275218278
2302,2023-02-01 11:30:34.198,/benchmark3,0.0,cpu,1,b56c7a1e321c4581d02a9de890abf570bd93c969,0.0,69.54572774602578
2303,2023-02-01 11:30:34.198,/benchmark2,35.5359211453345,cpu,1,b56c7a1e321c4581d02a9de890abf570bd93c969,0.49999562345272636,70.30908938851255
2304,2023-02-01 11:30:34.198,rapl,12.618682861328125,dram,0,RAPL_ENERGY_DRAM,1.0,0.0
2305,2023-02-01 11:30:34.198,global,12.461949157714844,dram,0,78b0a292a97c15df67fefab7e0af9a601bf982d3,1.0,12.461949157714844
2306,2023-02-01 11:30:34.198,/benchmark1,0.0,dram,0,78b0a292a97c15df67fefab7e0af9a601bf982d3,0.0,12.461949157714844
2307,2023-02-01 11:30:34.198,/benchmark4,0.0,dram,0,78b0a292a97c15df67fefab7e0af9a601bf982d3,0.0,12.461949157714844
2308,2023-02-01 11:30:34.198,/benchmark3,0.0,dram,0,78b0a292a97c15df67fefab7e0af9a601bf982d3,0.0,12.461949157714844
2309,2023-02-01 11:30:34.198,/benchmark2,0.0,dram,0,78b0a292a97c15df67fefab7e0af9a601bf982d3,0.0,12.461949157714844
2310,2023-02-01 11:30:34.198,rapl,13.022857666015625,dram,1,RAPL_ENERGY_DRAM,1.0,0.0
2311,2023-02-01 11:30:34.198,global,12.807187906901042,dram,1,e338ce15d13d6313503924a6d20075a34370f3ae,1.0,12.807187906901042
2312,2023-02-01 11:30:34.198,/benchmark1,0.0,dram,1,e338ce15d13d6313503924a6d20075a34370f3ae,0.0,12.807187906901042
2313,2023-02-01 11:30:34.198,/benchmark4,0.0,dram,1,e338ce15d13d6313503924a6d20075a34370f3ae,0.0,12.807187906901042
2314,2023-02-01 11:30:34.198,/benchmark3,0.0,dram,1,e338ce15d13d6313503924a6d20075a34370f3ae,0.0,12.807187906901042
2315,2023-02-01 11:30:34.198,/benchmark2,0.0,dram,1,e338ce15d13d6313503924a6d20075a34370f3ae,0.0,12.807187906901042
2316,2023-02-01 11:30:35.198,rapl,72.2197265625,cpu,0,RAPL_ENERGY_PKG,1.0,0.0
2317,2023-02-01 11:30:35.198,global,72.36404246645068,cpu,0,e46328d77e9f35f861af016694c2714cafb866e6,1.0,72.36404246645068
2318,2023-02-01 11:30:35.198,/benchmark1,36.182031020732495,cpu,0,e46328d77e9f35f861af016694c2714cafb866e6,0.5000001352537368,71.45397913555577
2319,2023-02-01 11:30:35.198,/benchmark4,0.0,cpu,0,e46328d77e9f35f861af016694c2714cafb866e6,0.0,70.54391531230286
2320,2023-02-01 11:30:35.198,/benchmark3,36.18201144571819,cpu,0,e46328d77e9f35f861af016694c2714cafb866e6,0.49999986474626323,71.45397864319777
2321,2023-02-01 11:30:35.198,/benchmark2,0.0,cpu,0,e46328d77e9f35f861af016694c2714cafb866e6,0.0,70.54391531230286
2322,2023-02-01 11:30:35.198,rapl,70.71734619140625,cpu,1,RAPL_ENERGY_PKG,1.0,0.0
2323,2023-02-01 11:30:35.198,global,71.07245074031917,cpu,1,b56c7a1e321c4581d02a9de890abf570bd93c969,1.0,71.07245074031917
2324,2023-02-01 11:30:35.198,/benchmark1,0.0,cpu,1,b56c7a1e321c4581d02a9de890abf570bd93c969,0.0,69.54572774602578
2325,2023-02-01 11:30:35.198,/benchmark4,35.53777369977848,cpu,1,b56c7a1e321c4581d02a9de890abf570bd93c969,0.5000217852290552,70.3091225031826
2326,2023-02-01 11:30:35.198,/benchmark3,0.0,cpu,1,b56c7a1e321c4581d02a9de890abf570bd93c969,0.0,69.54572774602578
2327,2023-02-01 11:30:35.198,/benchmark2,35.534677040541354,cpu,1,b56c7a1e321c4581d02a9de890abf570bd93c969,0.4999782147709541,70.30905598316235
2328,2023-02-01 11:30:35.198,rapl,12.667022705078125,dram,0,RAPL_ENERGY_DRAM,1.0,0.0
2329,2023-02-01 11:30:35.198,global,12.461949157714844,dram,0,78b0a292a97c15df67fefab7e0af9a601bf982d3,1.0,12.461949157714844
2330,2023-02-01 11:30:35.198,/benchmark1,0.0,dram,0,78b0a292a97c15df67fefab7e0af9a601bf982d3,0.0,12.461949157714844
2331,2023-02-01 11:30:35.198,/benchmark4,0.0,dram,0,78b0a292a97c15df67fefab7e0af9a601bf982d3,0.0,12.461949157714844
2332,2023-02-01 11:30:35.198,/benchmark3,0.0,dram,0,78b0a292a97c15df67fefab7e0af9a601bf982d3,0.0,12.461949157714844
2333,2023-02-01 11:30:35.198,/benchmark2,0.0,dram,0,78b0a292a97c15df67fefab7e0af9a601bf982d3,0.0,12.461949157714844
2334,2023-02-01 11:30:35.198,rapl,12.933380126953125,dram,1,RAPL_ENERGY_DRAM,1.0,0.0
2335,2023-02-01 11:30:35.198,global,12.807187906901042,dram,1,e338ce15d13d6313503924a6d20075a34370f3ae,1.0,12.807187906901042
2336,2023-02-01 11:30:35.198,/benchmark1,0.0,dram,1,e338ce15d13d6313503924a6d20075a34370f3ae,0.0,12.807187906901042
2337,2023-02-01 11:30:35.198,/benchmark4,0.0,dram,1,e338ce15d13d6313503924a6d20075a34370f3ae,0.0,12.807187906901042
2338,2023-02-01 11:30:35.198,/benchmark3,0.0,dram,1,e338ce15d13d6313503924a6d20075a34370f3ae,0.0,12.807187906901042
2339,2023-02-01 11:30:35.198,/benchmark2,0.0,dram,1,e338ce15d13d6313503924a6d20075a34370f3ae,0.0,12.807187906901042
2340,2023-02-01 11:30:36.198,rapl,72.178955078125,cpu,0,RAPL_ENERGY_PKG,1.0,0.0
2341,2023-02-01 11:30:36.198,global,72.36404671596257,cpu,0,e46328d77e9f35f861af016694c2714cafb866e6,1.0,72.36404671596257
2342,2023-02-01 11:30:36.198,/benchmark1,36.18199689015241,cpu,0,e46328d77e9f35f861af016694c2714cafb866e6,0.4999996342406198,71.45398034840258
2343,2023-02-01 11:30:36.198,/benchmark4,0.0,cpu,0,e46328d77e9f35f861af016694c2714cafb866e6,0.0,70.54391531230286
2344,2023-02-01 11:30:36.198,/benchmark3,36.18204982581016,cpu,0,e46328d77e9f35f861af016694c2714cafb866e6,0.5000003657593802,71.45398167986285
2345,2023-02-01 11:30:36.198,/benchmark2,0.0,cpu,0,e46328d77e9f35f861af016694c2714cafb866e6,0.0,70.54391531230286
2346,2023-02-01 11:30:36.198,rapl,70.659423828125,cpu,1,RAPL_ENERGY_PKG,1.0,0.0
2347,2023-02-01 11:30:36.198,global,71.07238582669255,cpu,1,b56c7a1e321c4581d02a9de890abf570bd93c969,1.0,71.07238582669255
2348,2023-02-01 11:30:36.198,/benchmark1,0.0,cpu,1,b56c7a1e321c4581d02a9de890abf570bd93c969,0.0,69.54572774602578
2349,2023-02-01 11:30:36.198,/benchmark4,35.5393370648963,cpu,1,b56c7a1e321c4581d02a9de890abf570bd93c969,0.5000442387224441,70.30912432376226
2350,2023-02-01 11:30:36.198,/benchmark3,0.0,cpu,1,b56c7a1e321c4581d02a9de890abf570bd93c969,0.0,69.54572774602578
2351,2023-02-01 11:30:36.198,/benchmark2,35.53304876179625,cpu,1,b56c7a1e321c4581d02a9de890abf570bd93c969,0.4999557612775559,70.30898924895607
2352,2023-02-01 11:30:36.198,rapl,12.657455444335938,dram,0,RAPL_ENERGY_DRAM,1.0,0.0
2353,2023-02-01 11:30:36.198,global,12.461949157714844,dram,0,78b0a292a97c15df67fefab7e0af9a601bf982d3,1.0,12.461949157714844
2354,2023-02-01 11:30:36.198,/benchmark1,0.0,dram,0,78b0a292a97c15df67fefab7e0af9a601bf982d3,0.0,12.461949157714844
2355,2023-02-01 11:30:36.198,/benchmark4,0.0,dram,0,78b0a292a97c15df67fefab7e0af9a601bf982d3,0.0,12.461949157714844
2356,2023-02-01 11:30:36.198,/benchmark3,0.0,dram,0,78b0a292a97c15df67fefab7e0af9a601bf982d3,0.0,12.461949157714844
2357,2023-02-01 11:30:36.198,/benchmark2,0.0,dram,0,78b0a292a97c15df67fefab7e0af9a601bf982d3,0.0,12.461949157714844
2358,2023-02-01 11:30:36.198,rapl,12.96826171875,dram,1,RAPL_ENERGY_DRAM,1.0,0.0
2359,2023-02-01 11:30:36.198,global,12.807187906901042,dram,1,e338ce15d13d6313503924a6d20075a34370f3ae,1.0,12.807187906901042
2360,2023-02-01 11:30:36.198,/benchmark1,0.0,dram,1,e338ce15d13d6313503924a6d20075a34370f3ae,0.0,12.807187906901042
2361,2023-02-01 11:30:36.198,/benchmark4,0.0,dram,1,e338ce15d13d6313503924a6d20075a34370f3ae,0.0,12.807187906901042
2362,2023-02-01 11:30:36.198,/benchmark3,0.0,dram,1,e338ce15d13d6313503924a6d20075a34370f3ae,0.0,12.807187906901042
2363,2023-02-01 11:30:36.198,/benchmark2,0.0,dram,1,e338ce15d13d6313503924a6d20075a34370f3ae,0.0,12.807187906901042
2364,2023-02-01 11:30:37.199,rapl,72.31829833984375,cpu,0,RAPL_ENERGY_PKG,1.0,0.0
2365,2023-02-01 11:30:37.199,global,72.36404263969025,cpu,0,e46328d77e9f35f861af016694c2714cafb866e6,1.0,72.36404263969025
2366,2023-02-01 11:30:37.199,/benchmark1,36.18205231730805,cpu,0,e46328d77e9f35f861af016694c2714cafb866e6,0.5000004283544948,71.45397975565628
2367,2023-02-01 11:30:37.199,/benchmark4,0.0,cpu,0,e46328d77e9f35f861af016694c2714cafb866e6,0.0,70.54391531230286
2368,2023-02-01 11:30:37.199,/benchmark3,36.181990322382205,cpu,0,e46328d77e9f35f861af016694c2714cafb866e6,0.4999995716455053,71.45397819633683
2369,2023-02-01 11:30:37.199,/benchmark2,0.0,cpu,0,e46328d77e9f35f861af016694c2714cafb866e6,0.0,70.54391531230286
2370,2023-02-01 11:30:37.199,rapl,70.691650390625,cpu,1,RAPL_ENERGY_PKG,1.0,0.0
2371,2023-02-01 11:30:37.199,global,71.07237742754639,cpu,1,b56c7a1e321c4581d02a9de890abf570bd93c969,1.0,71.07237742754639
2372,2023-02-01 11:30:37.199,/benchmark1,0.0,cpu,1,b56c7a1e321c4581d02a9de890abf570bd93c969,0.0,69.54572774602578
2373,2023-02-01 11:30:37.199,/benchmark4,35.53949349160464,cpu,1,b56c7a1e321c4581d02a9de890abf570bd93c969,0.5000464987657802,70.30912357411205
2374,2023-02-01 11:30:37.199,/benchmark3,0.0,cpu,1,b56c7a1e321c4581d02a9de890abf570bd93c969,0.0,69.54572774602578
2375,2023-02-01 11:30:37.199,/benchmark2,35.53288393594241,cpu,1,b56c7a1e321c4581d02a9de890abf570bd93c969,0.4999535012342291,70.30898159946013
2376,2023-02-01 11:30:37.199,rapl,12.6651611328125,dram,0,RAPL_ENERGY_DRAM,1.0,0.0
2377,2023-02-01 11:30:37.199,global,12.461949157714844,dram,0,78b0a292a97c15df67fefab7e0af9a601bf982d3,1.0,12.461949157714844
2378,2023-02-01 11:30:37.199,/benchmark1,0.0,dram,0,78b0a292a97c15df67fefab7e0af9a601bf982d3,0.0,12.461949157714844
2379,2023-02-01 11:30:37.199,/benchmark4,0.0,dram,0,78b0a292a97c15df67fefab7e0af9a601bf982d3,0.0,12.461949157714844
2380,2023-02-01 11:30:37.199,/benchmark3,0.0,dram,0,78b0a292a97c15df67fefab7e0af9a601bf982d3,0.0,12.461949157714844
2381,2023-02-01 11:30:37.199,/benchmark2,0.0,dram,0,78b0a292a97c15df67fefab7e0af9a601bf982d3,0.0,12.461949157714844
2382,2023-02-01 11:30:37.199,rapl,12.957061767578125,dram,1,RAPL_ENERGY_DRAM,1.0,0.0
2383,2023-02-01 11:30:37.199,global,12.807187906901042,dram,1,e338ce15d13d6313503924a6d20075a34370f3ae,1.0,12.807187906901042
2384,2023-02-01 11:30:37.199,/benchmark1,0.0,dram,1,e338ce15d13d6313503924a6d20075a34370f3ae,0.0,12.807187906901042
2385,2023-02-01 11:30:37.199,/benchmark4,0.0,dram,1,e338ce15d13d6313503924a6d20075a34370f3ae,0.0,12.807187906901042
2386,2023-02-01 11:30:37.199,/benchmark3,0.0,dram,1,e338ce15d13d6313503924a6d20075a34370f3ae,0.0,12.807187906901042
2387,2023-02-01 11:30:37.199,/benchmark2,0.0,dram,1,e338ce15d13d6313503924a6d20075a34370f3ae,0.0,12.807187906901042
2388,2023-02-01 11:30:38.199,rapl,72.109375,cpu,0,RAPL_ENERGY_PKG,1.0,0.0
2389,2023-02-01 11:30:38.199,global,72.36404780113793,cpu,0,e46328d77e9f35f861af016694c2714cafb866e6,1.0,72.36404780113793
2390,2023-02-01 11:30:38.199,/benchmark1,36.181621644057046,cpu,0,e46328d77e9f35f861af016694c2714cafb866e6,0.49999444121046094,71.45397143898695
2391,2023-02-01 11:30:38.199,/benchmark4,0.0,cpu,0,e46328d77e9f35f861af016694c2714cafb866e6,0.0,70.54391531230286
2392,2023-02-01 11:30:38.199,/benchmark3,36.18242615708088,cpu,0,e46328d77e9f35f861af016694c2714cafb866e6,0.500005558789539,71.45399167445383
2393,2023-02-01 11:30:38.199,/benchmark2,0.0,cpu,0,e46328d77e9f35f861af016694c2714cafb866e6,0.0,70.54391531230286
2394,2023-02-01 11:30:38.199,rapl,70.685791015625,cpu,1,RAPL_ENERGY_PKG,1.0,0.0
2395,2023-02-01 11:30:38.199,global,71.07242154219114,cpu,1,b56c7a1e321c4581d02a9de890abf570bd93c969,1.0,71.07242154219114
2396,2023-02-01 11:30:38.199,/benchmark1,0.0,cpu,1,b56c7a1e321c4581d02a9de890abf570bd93c969,0.0,69.54572774602578
2397,2023-02-01 11:30:38.199,/benchmark4,35.538766381818846,cpu,1,b56c7a1e321c4581d02a9de890abf570bd93c969,0.500035957839452,70.30912954071887
2398,2023-02-01 11:30:38.199,/benchmark3,0.0,cpu,1,b56c7a1e321c4581d02a9de890abf570bd93c969,0.0,69.54572774602578
2399,2023-02-01 11:30:38.199,/benchmark2,35.53365516037229,cpu,1,b56c7a1e321c4581d02a9de890abf570bd93c969,0.49996404216054807,70.30901974749804
2400,2023-02-01 11:30:38.199,rapl,12.638763427734375,dram,0,RAPL_ENERGY_DRAM,1.0,0.0
2401,2023-02-01 11:30:38.199,global,12.461949157714844,dram,0,78b0a292a97c15df67fefab7e0af9a601bf982d3,1.0,12.461949157714844
2402,2023-02-01 11:30:38.199,/benchmark1,0.0,dram,0,78b0a292a97c15df67fefab7e0af9a601bf982d3,0.0,12.461949157714844
2403,2023-02-01 11:30:38.199,/benchmark4,0.0,dram,0,78b0a292a97c15df67fefab7e0af9a601bf982d3,0.0,12.461949157714844
2404,2023-02-01 11:30:38.199,/benchmark3,0.0,dram,0,78b0a292a97c15df67fefab7e0af9a601bf982d3,0.0,12.461949157714844
2405,2023-02-01 11:30:38.199,/benchmark2,0.0,dram,0,78b0a292a97c15df67fefab7e0af9a601bf982d3,0.0,12.461949157714844
2406,2023-02-01 11:30:38.199,rapl,12.921066284179688,dram,1,RAPL_ENERGY_DRAM,1.0,0.0
2407,2023-02-01 11:30:38.199,global,12.807187906901042,dram,1,e338ce15d13d6313503924a6d20075a34370f3ae,1.0,12.807187906901042
2408,2023-02-01 11:30:38.199,/benchmark1,0.0,dram,1,e338ce15d13d6313503924a6d20075a34370f3ae,0.0,12.807187906901042
2409,2023-02-01 11:30:38.199,/benchmark4,0.0,dram,1,e338ce15d13d6313503924a6d20075a34370f3ae,0.0,12.807187906901042
2410,2023-02-01 11:30:38.199,/benchmark3,0.0,dram,1,e338ce15d13d6313503924a6d20075a34370f3ae,0.0,12.807187906901042
2411,2023-02-01 11:30:38.199,/benchmark2,0.0,dram,1,e338ce15d13d6313503924a6d20075a34370f3ae,0.0,12.807187906901042
2412,2023-02-01 11:30:39.199,rapl,72.0286865234375,cpu,0,RAPL_ENERGY_PKG,1.0,0.0
2413,2023-02-01 11:30:39.199,global,72.36401843747214,cpu,0,e46328d77e9f35f861af016694c2714cafb866e6,1.0,72.36401843747214
2414,2023-02-01 11:30:39.199,/benchmark1,36.18240966607262,cpu,0,e46328d77e9f35f861af016694c2714cafb866e6,0.5000055337907595,71.45397694695735
2415,2023-02-01 11:30:39.199,/benchmark4,0.0,cpu,0,e46328d77e9f35f861af016694c2714cafb866e6,0.0,70.54391531230286
2416,2023-02-01 11:30:39.199,/benchmark3,36.18160877139952,cpu,0,e46328d77e9f35f861af016694c2714cafb866e6,0.49999446620924043,71.45395680281764
2417,2023-02-01 11:30:39.199,/benchmark2,0.0,cpu,0,e46328d77e9f35f861af016694c2714cafb866e6,0.0,70.54391531230286
2418,2023-02-01 11:30:39.199,rapl,70.6787109375,cpu,1,RAPL_ENERGY_PKG,1.0,0.0
2419,2023-02-01 11:30:39.199,global,71.07240736767451,cpu,1,b56c7a1e321c4581d02a9de890abf570bd93c969,1.0,71.07240736767451
2420,2023-02-01 11:30:39.199,/benchmark1,0.0,cpu,1,b56c7a1e321c4581d02a9de890abf570bd93c969,0.0,69.54572774602578
2421,2023-02-01 11:30:39.199,/benchmark4,35.538135232437476,cpu,1,b56c7a1e321c4581d02a9de890abf570bd93c969,0.5000271771939597,70.30910904771834
2422,2023-02-01 11:30:39.199,/benchmark3,0.0,cpu,1,b56c7a1e321c4581d02a9de890abf570bd93c969,0.0,69.54572774602578
2423,2023-02-01 11:30:39.199,/benchmark2,35.534272135237046,cpu,1,b56c7a1e321c4581d02a9de890abf570bd93c969,0.49997282280604033,70.30902606598195
2424,2023-02-01 11:30:39.199,rapl,12.732467651367188,dram,0,RAPL_ENERGY_DRAM,1.0,0.0
2425,2023-02-01 11:30:39.199,global,12.461949157714844,dram,0,78b0a292a97c15df67fefab7e0af9a601bf982d3,1.0,12.461949157714844
2426,2023-02-01 11:30:39.199,/benchmark1,0.0,dram,0,78b0a292a97c15df67fefab7e0af9a601bf982d3,0.0,12.461949157714844
2427,2023-02-01 11:30:39.199,/benchmark4,0.0,dram,0,78b0a292a97c15df67fefab7e0af9a601bf982d3,0.0,12.461949157714844
2428,2023-02-01 11:30:39.199,/benchmark3,0.0,dram,0,78b0a292a97c15df67fefab7e0af9a601bf982d3,0.0,12.461949157714844
2429,2023-02-01 11:30:39.199,/benchmark2,0.0,dram,0,78b0a292a97c15df67fefab7e0af9a601bf982d3,0.0,12.461949157714844
2430,2023-02-01 11:30:39.199,rapl,12.968734741210938,dram,1,RAPL_ENERGY_DRAM,1.0,0.0
2431,2023-02-01 11:30:39.199,global,12.807187906901042,dram,1,e338ce15d13d6313503924a6d20075a34370f3ae,1.0,12.807187906901042
2432,2023-02-01 11:30:39.199,/benchmark1,0.0,dram,1,e338ce15d13d6313503924a6d20075a34370f3ae,0.0,12.807187906901042
2433,2023-02-01 11:30:39.199,/benchmark4,0.0,dram,1,e338ce15d13d6313503924a6d20075a34370f3ae,0.0,12.807187906901042
2434,2023-02-01 11:30:39.199,/benchmark3,0.0,dram,1,e338ce15d13d6313503924a6d20075a34370f3ae,0.0,12.807187906901042
2435,2023-02-01 11:30:39.199,/benchmark2,0.0,dram,1,e338ce15d13d6313503924a6d20075a34370f3ae,0.0,12.807187906901042
2436,2023-02-01 11:30:40.199,rapl,72.18438720703125,cpu,0,RAPL_ENERGY_PKG,1.0,0.0
2437,2023-02-01 11:30:40.199,global,72.36407997353736,cpu,0,e46328d77e9f35f861af016694c2714cafb866e6,1.0,72.36407997353736
2438,2023-02-01 11:30:40.199,/benchmark1,36.18169937018665,cpu,0,e46328d77e9f35f861af016694c2714cafb866e6,0.4999952930157869,71.45398907543378
2439,2023-02-01 11:30:40.199,/benchmark4,0.0,cpu,0,e46328d77e9f35f861af016694c2714cafb866e6,0.0,70.54391531230286
2440,2023-02-01 11:30:40.199,/benchmark3,36.182380603350715,cpu,0,e46328d77e9f35f861af016694c2714cafb866e6,0.5000047069842132,71.45400621040643
2441,2023-02-01 11:30:40.199,/benchmark2,0.0,cpu,0,e46328d77e9f35f861af016694c2714cafb866e6,0.0,70.54391531230286
2442,2023-02-01 11:30:40.199,rapl,70.740966796875,cpu,1,RAPL_ENERGY_PKG,1.0,0.0
2443,2023-02-01 11:30:40.199,global,71.0725704472867,cpu,1,b56c7a1e321c4581d02a9de890abf570bd93c969,1.0,71.0725704472867
2444,2023-02-01 11:30:40.199,/benchmark1,0.0,cpu,1,b56c7a1e321c4581d02a9de890abf570bd93c969,0.0,69.54572774602578
2445,2023-02-01 11:30:40.199,/benchmark4,35.5359268349115,cpu,1,b56c7a1e321c4581d02a9de890abf570bd93c969,0.4999949574254935,70.30914139743815
2446,2023-02-01 11:30:40.199,/benchmark3,0.0,cpu,1,b56c7a1e321c4581d02a9de890abf570bd93c969,0.0,69.54572774602578
2447,2023-02-01 11:30:40.199,/benchmark2,35.53664361237453,cpu,1,b56c7a1e321c4581d02a9de890abf570bd93c969,0.5000050425744972,70.3091567958743
2448,2023-02-01 11:30:40.199,rapl,12.695022583007812,dram,0,RAPL_ENERGY_DRAM,1.0,0.0
2449,2023-02-01 11:30:40.199,global,12.461949157714844,dram,0,78b0a292a97c15df67fefab7e0af9a601bf982d3,1.0,12.461949157714844
2450,2023-02-01 11:30:40.199,/benchmark1,0.0,dram,0,78b0a292a97c15df67fefab7e0af9a601bf982d3,0.0,12.461949157714844
2451,2023-02-01 11:30:40.199,/benchmark4,0.0,dram,0,78b0a292a97c15df67fefab7e0af9a601bf982d3,0.0,12.461949157714844
2452,2023-02-01 11:30:40.199,/benchmark3,0.0,dram,0,78b0a292a97c15df67fefab7e0af9a601bf982d3,0.0,12.461949157714844
2453,2023-02-01 11:30:40.199,/benchmark2,0.0,dram,0,78b0a292a97c15df67fefab7e0af9a601bf982d3,0.0,12.461949157714844
2454,2023-02-01 11:30:40.199,rapl,13.0302734375,dram,1,RAPL_ENERGY_DRAM,1.0,0.0
2455,2023-02-01 11:30:40.199,global,12.807187906901042,dram,1,e338ce15d13d6313503924a6d20075a34370f3ae,1.0,12.807187906901042
2456,2023-02-01 11:30:40.199,/benchmark1,0.0,dram,1,e338ce15d13d6313503924a6d20075a34370f3ae,0.0,12.807187906901042
2457,2023-02-01 11:30:40.199,/benchmark4,0.0,dram,1,e338ce15d13d6313503924a6d20075a34370f3ae,0.0,12.807187906901042
2458,2023-02-01 11:30:40.199,/benchmark3,0.0,dram,1,e338ce15d13d6313503924a6d20075a34370f3ae,0.0,12.807187906901042
2459,2023-02-01 11:30:40.199,/benchmark2,0.0,dram,1,e338ce15d13d6313503924a6d20075a34370f3ae,0.0,12.807187906901042
2460,2023-02-01 11:30:41.199,rapl,72.15911865234375,cpu,0,RAPL_ENERGY_PKG,1.0,0.0
2461,2023-02-01 11:30:41.199,global,72.36405906331322,cpu,0,e46328d77e9f35f861af016694c2714cafb866e6,1.0,72.36405906331322
2462,2023-02-01 11:30:41.199,/benchmark1,36.18202916760979,cpu,0,e46328d77e9f35f861af016694c2714cafb866e6,0.49999999496923164,71.45398717865132
2463,2023-02-01 11:30:41.199,/benchmark4,0.0,cpu,0,e46328d77e9f35f861af016694c2714cafb866e6,0.0,70.54391531230286
2464,2023-02-01 11:30:41.199,/benchmark3,36.18202989570343,cpu,0,e46328d77e9f35f861af016694c2714cafb866e6,0.5000000050307684,71.45398719696476
2465,2023-02-01 11:30:41.199,/benchmark2,0.0,cpu,0,e46328d77e9f35f861af016694c2714cafb866e6,0.0,70.54391531230286
2466,2023-02-01 11:30:41.199,rapl,70.72576904296875,cpu,1,RAPL_ENERGY_PKG,1.0,0.0
2467,2023-02-01 11:30:41.199,global,71.07252086325167,cpu,1,b56c7a1e321c4581d02a9de890abf570bd93c969,1.0,71.07252086325167
2468,2023-02-01 11:30:41.199,/benchmark1,0.0,cpu,1,b56c7a1e321c4581d02a9de890abf570bd93c969,0.0,69.54572774602578
2469,2023-02-01 11:30:41.199,/benchmark4,35.536572896712336,cpu,1,b56c7a1e321c4581d02a9de890abf570bd93c969,0.500004396426111,70.30913101707185
2470,2023-02-01 11:30:41.199,/benchmark3,0.0,cpu,1,b56c7a1e321c4581d02a9de890abf570bd93c969,0.0,69.54572774602578
2471,2023-02-01 11:30:41.199,/benchmark2,35.53594796653934,cpu,1,b56c7a1e321c4581d02a9de890abf570bd93c969,0.499995603573889,70.3091175922056
2472,2023-02-01 11:30:41.199,rapl,12.657318115234375,dram,0,RAPL_ENERGY_DRAM,1.0,0.0
2473,2023-02-01 11:30:41.199,global,12.461949157714844,dram,0,78b0a292a97c15df67fefab7e0af9a601bf982d3,1.0,12.461949157714844
2474,2023-02-01 11:30:41.199,/benchmark1,0.0,dram,0,78b0a292a97c15df67fefab7e0af9a601bf982d3,0.0,12.461949157714844
2475,2023-02-01 11:30:41.199,/benchmark4,0.0,dram,0,78b0a292a97c15df67fefab7e0af9a601bf982d3,0.0,12.461949157714844
2476,2023-02-01 11:30:41.199,/benchmark3,0.0,dram,0,78b0a292a97c15df67fefab7e0af9a601bf982d3,0.0,12.461949157714844
2477,2023-02-01 11:30:41.199,/benchmark2,0.0,dram,0,78b0a292a97c15df67fefab7e0af9a601bf982d3,0.0,12.461949157714844
2478,2023-02-01 11:30:41.199,rapl,12.938232421875,dram,1,RAPL_ENERGY_DRAM,1.0,0.0
2479,2023-02-01 11:30:41.199,global,12.807187906901042,dram,1,e338ce15d13d6313503924a6d20075a34370f3ae,1.0,12.807187906901042
2480,2023-02-01 11:30:41.199,/benchmark1,0.0,dram,1,e338ce15d13d6313503924a6d20075a34370f3ae,0.0,12.807187906901042
2481,2023-02-01 11:30:41.199,/benchmark4,0.0,dram,1,e338ce15d13d6313503924a6d20075a34370f3ae,0.0,12.807187906901042
2482,2023-02-01 11:30:41.199,/benchmark3,0.0,dram,1,e338ce15d13d6313503924a6d20075a34370f3ae,0.0,12.807187906901042
2483,2023-02-01 11:30:41.199,/benchmark2,0.0,dram,1,e338ce15d13d6313503924a6d20075a34370f3ae,0.0,12.807187906901042
2484,2023-02-01 11:30:42.200,rapl,72.16278076171875,cpu,0,RAPL_ENERGY_PKG,1.0,0.0
2485,2023-02-01 11:30:42.200,global,72.3640404146378,cpu,0,e46328d77e9f35f861af016694c2714cafb866e6,1.0,72.3640404146378
2486,2023-02-01 11:30:42.200,/benchmark1,36.18201531127145,cpu,0,e46328d77e9f35f861af016694c2714cafb866e6,0.4999999323414306,71.45397774032327
2487,2023-02-01 11:30:42.200,/benchmark4,0.0,cpu,0,e46328d77e9f35f861af016694c2714cafb866e6,0.0,70.54391531230286
2488,2023-02-01 11:30:42.200,/benchmark3,36.18202510336635,cpu,0,e46328d77e9f35f861af016694c2714cafb866e6,0.5000000676585694,71.45397798661739
2489,2023-02-01 11:30:42.200,/benchmark2,0.0,cpu,0,e46328d77e9f35f861af016694c2714cafb866e6,0.0,70.54391531230286
2490,2023-02-01 11:30:42.200,rapl,70.80621337890625,cpu,1,RAPL_ENERGY_PKG,1.0,0.0
2491,2023-02-01 11:30:42.200,global,71.07251534031518,cpu,1,b56c7a1e321c4581d02a9de890abf570bd93c969,1.0,71.07251534031518
2492,2023-02-01 11:30:42.200,/benchmark1,0.0,cpu,1,b56c7a1e321c4581d02a9de890abf570bd93c969,0.0,69.54572774602578
2493,2023-02-01 11:30:42.200,/benchmark4,35.53627031124017,cpu,1,b56c7a1e321c4581d02a9de890abf570bd93c969,0.5000001778617589,70.3091218147276
2494,2023-02-01 11:30:42.200,/benchmark3,0.0,cpu,1,b56c7a1e321c4581d02a9de890abf570bd93c969,0.0,69.54572774602578
2495,2023-02-01 11:30:42.200,/benchmark2,35.536245029075,cpu,1,b56c7a1e321c4581d02a9de890abf570bd93c969,0.49999982213824107,70.30912127161335
2496,2023-02-01 11:30:42.200,rapl,12.668594360351562,dram,0,RAPL_ENERGY_DRAM,1.0,0.0
2497,2023-02-01 11:30:42.200,global,12.461949157714844,dram,0,78b0a292a97c15df67fefab7e0af9a601bf982d3,1.0,12.461949157714844
2498,2023-02-01 11:30:42.200,/benchmark1,0.0,dram,0,78b0a292a97c15df67fefab7e0af9a601bf982d3,0.0,12.461949157714844
2499,2023-02-01 11:30:42.200,/benchmark4,0.0,dram,0,78b0a292a97c15df67fefab7e0af9a601bf982d3,0.0,12.461949157714844
2500,2023-02-01 11:30:42.200,/benchmark3,0.0,dram,0,78b0a292a97c15df67fefab7e0af9a601bf982d3,0.0,12.461949157714844
2501,2023-02-01 11:30:42.200,/benchmark2,0.0,dram,0,78b0a292a97c15df67fefab7e0af9a601bf982d3,0.0,12.461949157714844
2502,2023-02-01 11:30:42.200,rapl,12.984130859375,dram,1,RAPL_ENERGY_DRAM,1.0,0.0
2503,2023-02-01 11:30:42.200,global,12.807187906901042,dram,1,e338ce15d13d6313503924a6d20075a34370f3ae,1.0,12.807187906901042
2504,2023-02-01 11:30:42.200,/benchmark1,0.0,dram,1,e338ce15d13d6313503924a6d20075a34370f3ae,0.0,12.807187906901042
2505,2023-02-01 11:30:42.200,/benchmark4,0.0,dram,1,e338ce15d13d6313503924a6d20075a34370f3ae,0.0,12.807187906901042
2506,2023-02-01 11:30:42.200,/benchmark3,0.0,dram,1,e338ce15d13d6313503924a6d20075a34370f3ae,0.0,12.807187906901042
2507,2023-02-01 11:30:42.200,/benchmark2,0.0,dram,1,e338ce15d13d6313503924a6d20075a34370f3ae,0.0,12.807187906901042
2508,2023-02-01 11:30:43.200,rapl,72.19580078125,cpu,0,RAPL_ENERGY_PKG,1.0,0.0
2509,2023-02-01 11:30:43.200,global,72.36404262147393,cpu,0,e46328d77e9f35f861af016694c2714cafb866e6,1.0,72.36404262147393
2510,2023-02-01 11:30:43.200,/benchmark1,36.18200372521369,cpu,0,e46328d77e9f35f861af016694c2714cafb866e6,0.49999975698533916,71.45397852457077
2511,2023-02-01 11:30:43.200,/benchmark4,0.0,cpu,0,e46328d77e9f35f861af016694c2714cafb866e6,0.0,70.54391531230286
2512,2023-02-01 11:30:43.200,/benchmark3,36.18203889626024,cpu,0,e46328d77e9f35f861af016694c2714cafb866e6,0.5000002430146608,71.45397940920601
2513,2023-02-01 11:30:43.200,/benchmark2,0.0,cpu,0,e46328d77e9f35f861af016694c2714cafb866e6,0.0,70.54391531230286
2514,2023-02-01 11:30:43.200,rapl,70.796630859375,cpu,1,RAPL_ENERGY_PKG,1.0,0.0
2515,2023-02-01 11:30:43.200,global,71.07250673463226,cpu,1,b56c7a1e321c4581d02a9de890abf570bd93c969,1.0,71.07250673463226
2516,2023-02-01 11:30:43.200,/benchmark1,0.0,cpu,1,b56c7a1e321c4581d02a9de890abf570bd93c969,0.0,69.54572774602578
2517,2023-02-01 11:30:43.200,/benchmark4,35.5365848859841,cpu,1,b56c7a1e321c4581d02a9de890abf570bd93c969,0.5000046645135117,70.30912436201024
2518,2023-02-01 11:30:43.200,/benchmark3,0.0,cpu,1,b56c7a1e321c4581d02a9de890abf570bd93c969,0.0,69.54572774602578
2519,2023-02-01 11:30:43.200,/benchmark2,35.53592184864816,cpu,1,b56c7a1e321c4581d02a9de890abf570bd93c969,0.4999953354864884,70.3091101186478
2520,2023-02-01 11:30:43.200,rapl,12.737075805664062,dram,0,RAPL_ENERGY_DRAM,1.0,0.0
2521,2023-02-01 11:30:43.200,global,12.461949157714844,dram,0,78b0a292a97c15df67fefab7e0af9a601bf982d3,1.0,12.461949157714844
2522,2023-02-01 11:30:43.200,/benchmark1,0.0,dram,0,78b0a292a97c15df67fefab7e0af9a601bf982d3,0.0,12.461949157714844
2523,2023-02-01 11:30:43.200,/benchmark4,0.0,dram,0,78b0a292a97c15df67fefab7e0af9a601bf982d3,0.0,12.461949157714844
2524,2023-02-01 11:30:43.200,/benchmark3,0.0,dram,0,78b0a292a97c15df67fefab7e0af9a601bf982d3,0.0,12.461949157714844
2525,2023-02-01 11:30:43.200,/benchmark2,0.0,dram,0,78b0a292a97c15df67fefab7e0af9a601bf982d3,0.0,12.461949157714844
2526,2023-02-01 11:30:43.200,rapl,12.940719604492188,dram,1,RAPL_ENERGY_DRAM,1.0,0.0
2527,2023-02-01 11:30:43.200,global,12.807187906901042,dram,1,e338ce15d13d6313503924a6d20075a34370f3ae,1.0,12.807187906901042
2528,2023-02-01 11:30:43.200,/benchmark1,0.0,dram,1,e338ce15d13d6313503924a6d20075a34370f3ae,0.0,12.807187906901042
2529,2023-02-01 11:30:43.200,/benchmark4,0.0,dram,1,e338ce15d13d6313503924a6d20075a34370f3ae,0.0,12.807187906901042
2530,2023-02-01 11:30:43.200,/benchmark3,0.0,dram,1,e338ce15d13d6313503924a6d20075a34370f3ae,0.0,12.807187906901042
2531,2023-02-01 11:30:43.200,/benchmark2,0.0,dram,1,e338ce15d13d6313503924a6d20075a34370f3ae,0.0,12.807187906901042
2532,2023-02-01 11:30:44.200,rapl,72.04071044921875,cpu,0,RAPL_ENERGY_PKG,1.0,0.0
2533,2023-02-01 11:30:44.200,global,72.36405707533719,cpu,0,e46328d77e9f35f861af016694c2714cafb866e6,1.0,72.36405707533719
2534,2023-02-01 11:30:44.200,/benchmark1,36.181494494533325,cpu,0,e46328d77e9f35f861af016694c2714cafb866e6,0.49999262004983064,71.45397276126451
2535,2023-02-01 11:30:44.200,/benchmark4,0.0,cpu,0,e46328d77e9f35f861af016694c2714cafb866e6,0.0,70.54391531230286
2536,2023-02-01 11:30:44.200,/benchmark3,36.18256258080386,cpu,0,e46328d77e9f35f861af016694c2714cafb866e6,0.5000073799501693,71.45399962637553
2537,2023-02-01 11:30:44.200,/benchmark2,0.0,cpu,0,e46328d77e9f35f861af016694c2714cafb866e6,0.0,70.54391531230286
2538,2023-02-01 11:30:44.200,rapl,70.75286865234375,cpu,1,RAPL_ENERGY_PKG,1.0,0.0
2539,2023-02-01 11:30:44.200,global,71.07255493410842,cpu,1,b56c7a1e321c4581d02a9de890abf570bd93c969,1.0,71.07255493410842
2540,2023-02-01 11:30:44.200,/benchmark1,0.0,cpu,1,b56c7a1e321c4581d02a9de890abf570bd93c969,0.0,69.54572774602578
2541,2023-02-01 11:30:44.200,/benchmark4,35.536176162925194,cpu,1,b56c7a1e321c4581d02a9de890abf570bd93c969,0.49999857463785974,70.30913916378543
2542,2023-02-01 11:30:44.200,/benchmark3,0.0,cpu,1,b56c7a1e321c4581d02a9de890abf570bd93c969,0.0,69.54572774602578
2543,2023-02-01 11:30:44.200,/benchmark2,35.53637877118323,cpu,1,b56c7a1e321c4581d02a9de890abf570bd93c969,0.5000014253621403,70.30914351634877
2544,2023-02-01 11:30:44.200,rapl,12.765380859375,dram,0,RAPL_ENERGY_DRAM,1.0,0.0
2545,2023-02-01 11:30:44.200,global,12.461949157714844,dram,0,78b0a292a97c15df67fefab7e0af9a601bf982d3,1.0,12.461949157714844
2546,2023-02-01 11:30:44.200,/benchmark1,0.0,dram,0,78b0a292a97c15df67fefab7e0af9a601bf982d3,0.0,12.461949157714844
2547,2023-02-01 11:30:44.200,/benchmark4,0.0,dram,0,78b0a292a97c15df67fefab7e0af9a601bf982d3,0.0,12.461949157714844
2548,2023-02-01 11:30:44.200,/benchmark3,0.0,dram,0,78b0a292a97c15df67fefab7e0af9a601bf982d3,0.0,12.461949157714844
2549,2023-02-01 11:30:44.200,/benchmark2,0.0,dram,0,78b0a292a97c15df67fefab7e0af9a601bf982d3,0.0,12.461949157714844
2550,2023-02-01 11:30:44.200,rapl,12.985382080078125,dram,1,RAPL_ENERGY_DRAM,1.0,0.0
2551,2023-02-01 11:30:44.200,global,12.807187906901042,dram,1,e338ce15d13d6313503924a6d20075a34370f3ae,1.0,12.807187906901042
2552,2023-02-01 11:30:44.200,/benchmark1,0.0,dram,1,e338ce15d13d6313503924a6d20075a34370f3ae,0.0,12.807187906901042
2553,2023-02-01 11:30:44.200,/benchmark4,0.0,dram,1,e338ce15d13d6313503924a6d20075a34370f3ae,0.0,12.807187906901042
2554,2023-02-01 11:30:44.200,/benchmark3,0.0,dram,1,e338ce15d13d6313503924a6d20075a34370f3ae,0.0,12.807187906901042
2555,2023-02-01 11:30:44.200,/benchmark2,0.0,dram,1,e338ce15d13d6313503924a6d20075a34370f3ae,0.0,12.807187906901042
2556,2023-02-01 11:30:45.200,rapl,72.09002685546875,cpu,0,RAPL_ENERGY_PKG,1.0,0.0
2557,2023-02-01 11:30:45.200,global,72.36404996239621,cpu,0,e46328d77e9f35f861af016694c2714cafb866e6,1.0,72.36404996239621
2558,2023-02-01 11:30:45.200,/benchmark1,36.18214099734098,cpu,0,e46328d77e9f35f861af016694c2714cafb866e6,0.500001603228992,71.45398555544217
2559,2023-02-01 11:30:45.200,/benchmark4,0.0,cpu,0,e46328d77e9f35f861af016694c2714cafb866e6,0.0,70.54391531230286
2560,2023-02-01 11:30:45.200,/benchmark3,36.18190896505523,cpu,0,e46328d77e9f35f861af016694c2714cafb866e6,0.499998396771008,71.45397971925689
2561,2023-02-01 11:30:45.200,/benchmark2,0.0,cpu,0,e46328d77e9f35f861af016694c2714cafb866e6,0.0,70.54391531230286
2562,2023-02-01 11:30:45.200,rapl,70.783447265625,cpu,1,RAPL_ENERGY_PKG,1.0,0.0
2563,2023-02-01 11:30:45.200,global,71.07251679372024,cpu,1,b56c7a1e321c4581d02a9de890abf570bd93c969,1.0,71.07251679372024
2564,2023-02-01 11:30:45.200,/benchmark1,0.0,cpu,1,b56c7a1e321c4581d02a9de890abf570bd93c969,0.0,69.54572774602578
2565,2023-02-01 11:30:45.200,/benchmark4,35.536393175597134,cpu,1,b56c7a1e321c4581d02a9de890abf570bd93c969,0.500001896355203,70.30912516520736
2566,2023-02-01 11:30:45.200,/benchmark3,0.0,cpu,1,b56c7a1e321c4581d02a9de890abf570bd93c969,0.0,69.54572774602578
2567,2023-02-01 11:30:45.200,/benchmark2,35.536123618122446,cpu,1,b56c7a1e321c4581d02a9de890abf570bd93c969,0.4999981036447877,70.30911937453864
2568,2023-02-01 11:30:45.200,rapl,12.649261474609375,dram,0,RAPL_ENERGY_DRAM,1.0,0.0
2569,2023-02-01 11:30:45.200,global,12.461949157714844,dram,0,78b0a292a97c15df67fefab7e0af9a601bf982d3,1.0,12.461949157714844
2570,2023-02-01 11:30:45.200,/benchmark1,0.0,dram,0,78b0a292a97c15df67fefab7e0af9a601bf982d3,0.0,12.461949157714844
2571,2023-02-01 11:30:45.200,/benchmark4,0.0,dram,0,78b0a292a97c15df67fefab7e0af9a601bf982d3,0.0,12.461949157714844
2572,2023-02-01 11:30:45.200,/benchmark3,0.0,dram,0,78b0a292a97c15df67fefab7e0af9a601bf982d3,0.0,12.461949157714844
2573,2023-02-01 11:30:45.200,/benchmark2,0.0,dram,0,78b0a292a97c15df67fefab7e0af9a601bf982d3,0.0,12.461949157714844
2574,2023-02-01 11:30:45.200,rapl,12.978271484375,dram,1,RAPL_ENERGY_DRAM,1.0,0.0
2575,2023-02-01 11:30:45.200,global,12.807187906901042,dram,1,e338ce15d13d6313503924a6d20075a34370f3ae,1.0,12.807187906901042
2576,2023-02-01 11:30:45.200,/benchmark1,0.0,dram,1,e338ce15d13d6313503924a6d20075a34370f3ae,0.0,12.807187906901042
2577,2023-02-01 11:30:45.200,/benchmark4,0.0,dram,1,e338ce15d13d6313503924a6d20075a34370f3ae,0.0,12.807187906901042
2578,2023-02-01 11:30:45.200,/benchmark3,0.0,dram,1,e338ce15d13d6313503924a6d20075a34370f3ae,0.0,12.807187906901042
2579,2023-02-01 11:30:45.200,/benchmark2,0.0,dram,1,e338ce15d13d6313503924a6d20075a34370f3ae,0.0,12.807187906901042
2580,2023-02-01 11:30:46.201,rapl,72.0499267578125,cpu,0,RAPL_ENERGY_PKG,1.0,0.0
2581,2023-02-01 11:30:46.201,global,72.36384415215561,cpu,0,e46328d77e9f35f861af016694c2714cafb866e6,1.0,72.36384415215561
2582,2023-02-01 11:30:46.201,/benchmark1,36.181924068806815,cpu,0,e46328d77e9f35f861af016694c2714cafb866e6,0.5000000275376334,71.45387978234577
2583,2023-02-01 11:30:46.201,/benchmark4,0.0,cpu,0,e46328d77e9f35f861af016694c2714cafb866e6,0.0,70.54391531230286
2584,2023-02-01 11:30:46.201,/benchmark3,36.18192008334823,cpu,0,e46328d77e9f35f861af016694c2714cafb866e6,0.49999997246235883,71.45387968211269
2585,2023-02-01 11:30:46.201,/benchmark2,0.0,cpu,0,e46328d77e9f35f861af016694c2714cafb866e6,0.0,70.54391531230286
2586,2023-02-01 11:30:46.201,rapl,70.7630615234375,cpu,1,RAPL_ENERGY_PKG,1.0,0.0
2587,2023-02-01 11:30:46.201,global,71.07252747241634,cpu,1,b56c7a1e321c4581d02a9de890abf570bd93c969,1.0,71.07252747241634
2588,2023-02-01 11:30:46.201,/benchmark1,0.0,cpu,1,b56c7a1e321c4581d02a9de890abf570bd93c969,0.0,69.54572774602578
2589,2023-02-01 11:30:46.201,/benchmark4,35.53621406248433,cpu,1,b56c7a1e321c4581d02a9de890abf570bd93c969,0.49999930108403906,70.30912654211636
2590,2023-02-01 11:30:46.201,/benchmark3,0.0,cpu,1,b56c7a1e321c4581d02a9de890abf570bd93c969,0.0,69.54572774602578
2591,2023-02-01 11:30:46.201,/benchmark2,35.536313409931346,cpu,1,b56c7a1e321c4581d02a9de890abf570bd93c969,0.5000006989159517,70.30912867632574
2592,2023-02-01 11:30:46.201,rapl,12.697799682617188,dram,0,RAPL_ENERGY_DRAM,1.0,0.0
2593,2023-02-01 11:30:46.201,global,12.461949157714844,dram,0,78b0a292a97c15df67fefab7e0af9a601bf982d3,1.0,12.461949157714844
2594,2023-02-01 11:30:46.201,/benchmark1,0.0,dram,0,78b0a292a97c15df67fefab7e0af9a601bf982d3,0.0,12.461949157714844
2595,2023-02-01 11:30:46.201,/benchmark4,0.0,dram,0,78b0a292a97c15df67fefab7e0af9a601bf982d3,0.0,12.461949157714844
2596,2023-02-01 11:30:46.201,/benchmark3,0.0,dram,0,78b0a292a97c15df67fefab7e0af9a601bf982d3,0.0,12.461949157714844
2597,2023-02-01 11:30:46.201,/benchmark2,0.0,dram,0,78b0a292a97c15df67fefab7e0af9a601bf982d3,0.0,12.461949157714844
2598,2023-02-01 11:30:46.201,rapl,12.958511352539062,dram,1,RAPL_ENERGY_DRAM,1.0,0.0
2599,2023-02-01 11:30:46.201,global,12.807187906901042,dram,1,e338ce15d13d6313503924a6d20075a34370f3ae,1.0,12.807187906901042
2600,2023-02-01 11:30:46.201,/benchmark1,0.0,dram,1,e338ce15d13d6313503924a6d20075a34370f3ae,0.0,12.807187906901042
2601,2023-02-01 11:30:46.201,/benchmark4,0.0,dram,1,e338ce15d13d6313503924a6d20075a34370f3ae,0.0,12.807187906901042
2602,2023-02-01 11:30:46.201,/benchmark3,0.0,dram,1,e338ce15d13d6313503924a6d20075a34370f3ae,0.0,12.807187906901042
2603,2023-02-01 11:30:46.201,/benchmark2,0.0,dram,1,e338ce15d13d6313503924a6d20075a34370f3ae,0.0,12.807187906901042
2604,2023-02-01 11:30:47.201,rapl,72.0177001953125,cpu,0,RAPL_ENERGY_PKG,1.0,0.0
2605,2023-02-01 11:30:47.201,global,72.36404126272046,cpu,0,e46328d77e9f35f861af016694c2714cafb866e6,1.0,72.36404126272046
2606,2023-02-01 11:30:47.201,/benchmark1,36.18195065638159,cpu,0,e46328d77e9f35f861af016694c2714cafb866e6,0.4999990330144997,71.45397652747626
2607,2023-02-01 11:30:47.201,/benchmark4,0.0,cpu,0,e46328d77e9f35f861af016694c2714cafb866e6,0.0,70.54391531230286
2608,2023-02-01 11:30:47.201,/benchmark3,36.182090606338875,cpu,0,e46328d77e9f35f861af016694c2714cafb866e6,0.5000009669855003,71.45398004754706
2609,2023-02-01 11:30:47.201,/benchmark2,0.0,cpu,0,e46328d77e9f35f861af016694c2714cafb866e6,0.0,70.54391531230286
2610,2023-02-01 11:30:47.201,rapl,70.82318115234375,cpu,1,RAPL_ENERGY_PKG,1.0,0.0
2611,2023-02-01 11:30:47.201,global,71.07252173529425,cpu,1,b56c7a1e321c4581d02a9de890abf570bd93c969,1.0,71.07252173529425
2612,2023-02-01 11:30:47.201,/benchmark1,0.0,cpu,1,b56c7a1e321c4581d02a9de890abf570bd93c969,0.0,69.54572774602578
2613,2023-02-01 11:30:47.201,/benchmark4,35.53679944676778,cpu,1,b56c7a1e321c4581d02a9de890abf570bd93c969,0.5000075778811207,70.30913631052336
2614,2023-02-01 11:30:47.201,/benchmark3,0.0,cpu,1,b56c7a1e321c4581d02a9de890abf570bd93c969,0.0,69.54572774602578
2615,2023-02-01 11:30:47.201,/benchmark2,35.535722288526465,cpu,1,b56c7a1e321c4581d02a9de890abf570bd93c969,0.4999924221188793,70.30911317079666
2616,2023-02-01 11:30:47.201,rapl,12.711349487304688,dram,0,RAPL_ENERGY_DRAM,1.0,0.0
2617,2023-02-01 11:30:47.201,global,12.461949157714844,dram,0,78b0a292a97c15df67fefab7e0af9a601bf982d3,1.0,12.461949157714844
2618,2023-02-01 11:30:47.201,/benchmark1,0.0,dram,0,78b0a292a97c15df67fefab7e0af9a601bf982d3,0.0,12.461949157714844
2619,2023-02-01 11:30:47.201,/benchmark4,0.0,dram,0,78b0a292a97c15df67fefab7e0af9a601bf982d3,0.0,12.461949157714844
2620,2023-02-01 11:30:47.201,/benchmark3,0.0,dram,0,78b0a292a97c15df67fefab7e0af9a601bf982d3,0.0,12.461949157714844
2621,2023-02-01 11:30:47.201,/benchmark2,0.0,dram,0,78b0a292a97c15df67fefab7e0af9a601bf982d3,0.0,12.461949157714844
2622,2023-02-01 11:30:47.201,rapl,12.969955444335938,dram,1,RAPL_ENERGY_DRAM,1.0,0.0
2623,2023-02-01 11:30:47.201,global,12.807187906901042,dram,1,e338ce15d13d6313503924a6d20075a34370f3ae,1.0,12.807187906901042
2624,2023-02-01 11:30:47.201,/benchmark1,0.0,dram,1,e338ce15d13d6313503924a6d20075a34370f3ae,0.0,12.807187906901042
2625,2023-02-01 11:30:47.201,/benchmark4,0.0,dram,1,e338ce15d13d6313503924a6d20075a34370f3ae,0.0,12.807187906901042
2626,2023-02-01 11:30:47.201,/benchmark3,0.0,dram,1,e338ce15d13d6313503924a6d20075a34370f3ae,0.0,12.807187906901042
2627,2023-02-01 11:30:47.201,/benchmark2,0.0,dram,1,e338ce15d13d6313503924a6d20075a34370f3ae,0.0,12.807187906901042
2628,2023-02-01 11:30:48.201,rapl,72.00537109375,cpu,0,RAPL_ENERGY_PKG,1.0,0.0
2629,2023-02-01 11:30:48.201,global,72.3644640541631,cpu,0,e46328d77e9f35f861af016694c2714cafb866e6,1.0,72.3644640541631
2630,2023-02-01 11:30:48.201,/benchmark4,0.0,cpu,0,e46328d77e9f35f861af016694c2714cafb866e6,0.0,70.54391531230286
2631,2023-02-01 11:30:48.201,/benchmark3,36.16759004446872,cpu,0,e46328d77e9f35f861af016694c2714cafb866e6,0.49979766335860826,71.45382131951506
2632,2023-02-01 11:30:48.201,/benchmark2,0.0,cpu,0,e46328d77e9f35f861af016694c2714cafb866e6,0.0,70.54391531230286
2633,2023-02-01 11:30:48.201,/benchmark1,36.196874009694376,cpu,0,e46328d77e9f35f861af016694c2714cafb866e6,0.5002023366413917,71.4545580469509
2634,2023-02-01 11:30:48.201,rapl,70.822998046875,cpu,1,RAPL_ENERGY_PKG,1.0,0.0
2635,2023-02-01 11:30:48.201,global,71.07226930956548,cpu,1,b56c7a1e321c4581d02a9de890abf570bd93c969,1.0,71.07226930956548
2636,2023-02-01 11:30:48.201,/benchmark4,35.53606805604574,cpu,1,b56c7a1e321c4581d02a9de890abf570bd93c969,0.4999990629434286,70.30899709733983
2637,2023-02-01 11:30:48.201,/benchmark3,0.0,cpu,1,b56c7a1e321c4581d02a9de890abf570bd93c969,0.0,69.54572774602578
2638,2023-02-01 11:30:48.201,/benchmark2,35.53620125351974,cpu,1,b56c7a1e321c4581d02a9de890abf570bd93c969,0.5000009370565713,70.30899995825143
2639,2023-02-01 11:30:48.201,/benchmark1,0.0,cpu,1,b56c7a1e321c4581d02a9de890abf570bd93c969,0.0,69.54572774602578
2640,2023-02-01 11:30:48.201,rapl,12.67333984375,dram,0,RAPL_ENERGY_DRAM,1.0,0.0
2641,2023-02-01 11:30:48.201,global,12.461949157714844,dram,0,78b0a292a97c15df67fefab7e0af9a601bf982d3,1.0,12.461949157714844
2642,2023-02-01 11:30:48.201,/benchmark4,0.0,dram,0,78b0a292a97c15df67fefab7e0af9a601bf982d3,0.0,12.461949157714844
2643,2023-02-01 11:30:48.201,/benchmark3,0.0,dram,0,78b0a292a97c15df67fefab7e0af9a601bf982d3,0.0,12.461949157714844
2644,2023-02-01 11:30:48.201,/benchmark2,0.0,dram,0,78b0a292a97c15df67fefab7e0af9a601bf982d3,0.0,12.461949157714844
2645,2023-02-01 11:30:48.201,/benchmark1,0.0,dram,0,78b0a292a97c15df67fefab7e0af9a601bf982d3,0.0,12.461949157714844
2646,2023-02-01 11:30:48.201,rapl,13.0777587890625,dram,1,RAPL_ENERGY_DRAM,1.0,0.0
2647,2023-02-01 11:30:48.201,global,12.807187906901042,dram,1,e338ce15d13d6313503924a6d20075a34370f3ae,1.0,12.807187906901042
2648,2023-02-01 11:30:48.201,/benchmark4,0.0,dram,1,e338ce15d13d6313503924a6d20075a34370f3ae,0.0,12.807187906901042
2649,2023-02-01 11:30:48.201,/benchmark3,0.0,dram,1,e338ce15d13d6313503924a6d20075a34370f3ae,0.0,12.807187906901042
2650,2023-02-01 11:30:48.201,/benchmark2,0.0,dram,1,e338ce15d13d6313503924a6d20075a34370f3ae,0.0,12.807187906901042
2651,2023-02-01 11:30:48.201,/benchmark1,0.0,dram,1,e338ce15d13d6313503924a6d20075a34370f3ae,0.0,12.807187906901042
2652,2023-02-01 11:30:49.201,rapl,71.924072265625,cpu,0,RAPL_ENERGY_PKG,1.0,0.0
2653,2023-02-01 11:30:49.201,global,72.36360161907874,cpu,0,e46328d77e9f35f861af016694c2714cafb866e6,1.0,72.36360161907874
2654,2023-02-01 11:30:49.201,/benchmark1,36.16746973345682,cpu,0,e46328d77e9f35f861af016694c2714cafb866e6,0.4998019573962337,71.45339809027656
2655,2023-02-01 11:30:49.201,/benchmark4,0.0,cpu,0,e46328d77e9f35f861af016694c2714cafb866e6,0.0,70.54391531230286
2656,2023-02-01 11:30:49.201,/benchmark3,36.19613188562192,cpu,0,e46328d77e9f35f861af016694c2714cafb866e6,0.5001980426037663,71.45411884110503
2657,2023-02-01 11:30:49.201,/benchmark2,0.0,cpu,0,e46328d77e9f35f861af016694c2714cafb866e6,0.0,70.54391531230286
2658,2023-02-01 11:30:49.201,rapl,70.79815673828125,cpu,1,RAPL_ENERGY_PKG,1.0,0.0
2659,2023-02-01 11:30:49.201,global,71.0727430275734,cpu,1,b56c7a1e321c4581d02a9de890abf570bd93c969,1.0,71.0727430275734
2660,2023-02-01 11:30:49.201,/benchmark1,0.0,cpu,1,b56c7a1e321c4581d02a9de890abf570bd93c969,0.0,69.54572774602578
2661,2023-02-01 11:30:49.201,/benchmark4,35.536854297071045,cpu,1,b56c7a1e321c4581d02a9de890abf570bd93c969,0.500006792805002,70.30924575951663
2662,2023-02-01 11:30:49.201,/benchmark3,0.0,cpu,1,b56c7a1e321c4581d02a9de890abf570bd93c969,0.0,69.54572774602578
2663,2023-02-01 11:30:49.201,/benchmark2,35.53588873050169,cpu,1,b56c7a1e321c4581d02a9de890abf570bd93c969,0.4999932071949887,70.30922501408253
2664,2023-02-01 11:30:49.201,rapl,12.690475463867188,dram,0,RAPL_ENERGY_DRAM,1.0,0.0
2665,2023-02-01 11:30:49.201,global,12.461949157714844,dram,0,78b0a292a97c15df67fefab7e0af9a601bf982d3,1.0,12.461949157714844
2666,2023-02-01 11:30:49.201,/benchmark1,0.0,dram,0,78b0a292a97c15df67fefab7e0af9a601bf982d3,0.0,12.461949157714844
2667,2023-02-01 11:30:49.201,/benchmark4,0.0,dram,0,78b0a292a97c15df67fefab7e0af9a601bf982d3,0.0,12.461949157714844
2668,2023-02-01 11:30:49.201,/benchmark3,0.0,dram,0,78b0a292a97c15df67fefab7e0af9a601bf982d3,0.0,12.461949157714844
2669,2023-02-01 11:30:49.201,/benchmark2,0.0,dram,0,78b0a292a97c15df67fefab7e0af9a601bf982d3,0.0,12.461949157714844
2670,2023-02-01 11:30:49.201,rapl,13.021621704101562,dram,1,RAPL_ENERGY_DRAM,1.0,0.0
2671,2023-02-01 11:30:49.201,global,12.807187906901042,dram,1,e338ce15d13d6313503924a6d20075a34370f3ae,1.0,12.807187906901042
2672,2023-02-01 11:30:49.201,/benchmark1,0.0,dram,1,e338ce15d13d6313503924a6d20075a34370f3ae,0.0,12.807187906901042
2673,2023-02-01 11:30:49.201,/benchmark4,0.0,dram,1,e338ce15d13d6313503924a6d20075a34370f3ae,0.0,12.807187906901042
2674,2023-02-01 11:30:49.201,/benchmark3,0.0,dram,1,e338ce15d13d6313503924a6d20075a34370f3ae,0.0,12.807187906901042
2675,2023-02-01 11:30:49.201,/benchmark2,0.0,dram,1,e338ce15d13d6313503924a6d20075a34370f3ae,0.0,12.807187906901042
2676,2023-02-01 11:30:50.201,rapl,71.92779541015625,cpu,0,RAPL_ENERGY_PKG,1.0,0.0
2677,2023-02-01 11:30:50.201,global,72.36400965572629,cpu,0,e46328d77e9f35f861af016694c2714cafb866e6,1.0,72.36400965572629
2678,2023-02-01 11:30:50.201,/benchmark1,36.182283999761424,cpu,0,e46328d77e9f35f861af016694c2714cafb866e6,0.5000038578832158,71.453969505726
2679,2023-02-01 11:30:50.201,/benchmark4,0.0,cpu,0,e46328d77e9f35f861af016694c2714cafb866e6,0.0,70.54391531230286
2680,2023-02-01 11:30:50.201,/benchmark3,36.181725655964875,cpu,0,e46328d77e9f35f861af016694c2714cafb866e6,0.4999961421167843,71.45395546230316
2681,2023-02-01 11:30:50.201,/benchmark2,0.0,cpu,0,e46328d77e9f35f861af016694c2714cafb866e6,0.0,70.54391531230286
2682,2023-02-01 11:30:50.201,rapl,70.71417236328125,cpu,1,RAPL_ENERGY_PKG,1.0,0.0
2683,2023-02-01 11:30:50.201,global,71.07246938214206,cpu,1,b56c7a1e321c4581d02a9de890abf570bd93c969,1.0,71.07246938214206
2684,2023-02-01 11:30:50.201,/benchmark1,0.0,cpu,1,b56c7a1e321c4581d02a9de890abf570bd93c969,0.0,69.54572774602578
2685,2023-02-01 11:30:50.201,/benchmark4,35.536573517671606,cpu,1,b56c7a1e321c4581d02a9de890abf570bd93c969,0.5000047673396397,70.30910584257984
2686,2023-02-01 11:30:50.201,/benchmark3,0.0,cpu,1,b56c7a1e321c4581d02a9de890abf570bd93c969,0.0,69.54572774602578
2687,2023-02-01 11:30:50.201,/benchmark2,35.53589586447045,cpu,1,b56c7a1e321c4581d02a9de890abf570bd93c969,0.4999952326603602,70.309091285588
2688,2023-02-01 11:30:50.201,rapl,12.738998413085938,dram,0,RAPL_ENERGY_DRAM,1.0,0.0
2689,2023-02-01 11:30:50.201,global,12.461949157714844,dram,0,78b0a292a97c15df67fefab7e0af9a601bf982d3,1.0,12.461949157714844
2690,2023-02-01 11:30:50.201,/benchmark1,0.0,dram,0,78b0a292a97c15df67fefab7e0af9a601bf982d3,0.0,12.461949157714844
2691,2023-02-01 11:30:50.201,/benchmark4,0.0,dram,0,78b0a292a97c15df67fefab7e0af9a601bf982d3,0.0,12.461949157714844
2692,2023-02-01 11:30:50.201,/benchmark3,0.0,dram,0,78b0a292a97c15df67fefab7e0af9a601bf982d3,0.0,12.461949157714844
2693,2023-02-01 11:30:50.201,/benchmark2,0.0,dram,0,78b0a292a97c15df67fefab7e0af9a601bf982d3,0.0,12.461949157714844
2694,2023-02-01 11:30:50.201,rapl,13.027969360351562,dram,1,RAPL_ENERGY_DRAM,1.0,0.0
2695,2023-02-01 11:30:50.201,global,12.807187906901042,dram,1,e338ce15d13d6313503924a6d20075a34370f3ae,1.0,12.807187906901042
2696,2023-02-01 11:30:50.201,/benchmark1,0.0,dram,1,e338ce15d13d6313503924a6d20075a34370f3ae,0.0,12.807187906901042
2697,2023-02-01 11:30:50.201,/benchmark4,0.0,dram,1,e338ce15d13d6313503924a6d20075a34370f3ae,0.0,12.807187906901042
2698,2023-02-01 11:30:50.201,/benchmark3,0.0,dram,1,e338ce15d13d6313503924a6d20075a34370f3ae,0.0,12.807187906901042
2699,2023-02-01 11:30:50.201,/benchmark2,0.0,dram,1,e338ce15d13d6313503924a6d20075a34370f3ae,0.0,12.807187906901042
2700,2023-02-01 11:30:51.202,rapl,71.88494873046875,cpu,0,RAPL_ENERGY_PKG,1.0,0.0
2701,2023-02-01 11:30:51.202,global,72.36406429771036,cpu,0,e46328d77e9f35f861af016694c2714cafb866e6,1.0,72.36406429771036
2702,2023-02-01 11:30:51.202,/benchmark1,36.18171998982948,cpu,0,e46328d77e9f35f861af016694c2714cafb866e6,0.49999568627012975,71.45398195337556
2703,2023-02-01 11:30:51.202,/benchmark4,0.0,cpu,0,e46328d77e9f35f861af016694c2714cafb866e6,0.0,70.54391531230286
2704,2023-02-01 11:30:51.202,/benchmark3,36.18234430788087,cpu,0,e46328d77e9f35f861af016694c2714cafb866e6,0.5000043137298702,71.45399765663765
2705,2023-02-01 11:30:51.202,/benchmark2,0.0,cpu,0,e46328d77e9f35f861af016694c2714cafb866e6,0.0,70.54391531230286
2706,2023-02-01 11:30:51.202,rapl,70.6802978515625,cpu,1,RAPL_ENERGY_PKG,1.0,0.0
2707,2023-02-01 11:30:51.202,global,71.07254563232071,cpu,1,b56c7a1e321c4581d02a9de890abf570bd93c969,1.0,71.07254563232071
2708,2023-02-01 11:30:51.202,/benchmark1,0.0,cpu,1,b56c7a1e321c4581d02a9de890abf570bd93c969,0.0,69.54572774602578
2709,2023-02-01 11:30:51.202,/benchmark4,35.53625803883955,cpu,1,b56c7a1e321c4581d02a9de890abf570bd93c969,0.49999979208116613,70.30913637171905
2710,2023-02-01 11:30:51.202,/benchmark3,0.0,cpu,1,b56c7a1e321c4581d02a9de890abf570bd93c969,0.0,69.54572774602578
2711,2023-02-01 11:30:51.202,/benchmark2,35.53628759348117,cpu,1,b56c7a1e321c4581d02a9de890abf570bd93c969,0.5000002079188339,70.30913700662744
2712,2023-02-01 11:30:51.202,rapl,12.658477783203125,dram,0,RAPL_ENERGY_DRAM,1.0,0.0
2713,2023-02-01 11:30:51.202,global,12.461949157714844,dram,0,78b0a292a97c15df67fefab7e0af9a601bf982d3,1.0,12.461949157714844
2714,2023-02-01 11:30:51.202,/benchmark1,0.0,dram,0,78b0a292a97c15df67fefab7e0af9a601bf982d3,0.0,12.461949157714844
2715,2023-02-01 11:30:51.202,/benchmark4,0.0,dram,0,78b0a292a97c15df67fefab7e0af9a601bf982d3,0.0,12.461949157714844
2716,2023-02-01 11:30:51.202,/benchmark3,0.0,dram,0,78b0a292a97c15df67fefab7e0af9a601bf982d3,0.0,12.461949157714844
2717,2023-02-01 11:30:51.202,/benchmark2,0.0,dram,0,78b0a292a97c15df67fefab7e0af9a601bf982d3,0.0,12.461949157714844
2718,2023-02-01 11:30:51.202,rapl,12.88482666015625,dram,1,RAPL_ENERGY_DRAM,1.0,0.0
2719,2023-02-01 11:30:51.202,global,12.807187906901042,dram,1,e338ce15d13d6313503924a6d20075a34370f3ae,1.0,12.807187906901042
2720,2023-02-01 11:30:51.202,/benchmark1,0.0,dram,1,e338ce15d13d6313503924a6d20075a34370f3ae,0.0,12.807187906901042
2721,2023-02-01 11:30:51.202,/benchmark4,0.0,dram,1,e338ce15d13d6313503924a6d20075a34370f3ae,0.0,12.807187906901042
2722,2023-02-01 11:30:51.202,/benchmark3,0.0,dram,1,e338ce15d13d6313503924a6d20075a34370f3ae,0.0,12.807187906901042
2723,2023-02-01 11:30:51.202,/benchmark2,0.0,dram,1,e338ce15d13d6313503924a6d20075a34370f3ae,0.0,12.807187906901042
2724,2023-02-01 11:30:52.202,rapl,71.86346435546875,cpu,0,RAPL_ENERGY_PKG,1.0,0.0
2725,2023-02-01 11:30:52.202,global,72.36405894476141,cpu,0,e46328d77e9f35f861af016694c2714cafb866e6,1.0,72.36405894476141
2726,2023-02-01 11:30:52.202,/benchmark1,36.1820463295557,cpu,0,e46328d77e9f35f861af016694c2714cafb866e6,0.5000002329495504,71.45398755253377
2727,2023-02-01 11:30:52.202,/benchmark4,0.0,cpu,0,e46328d77e9f35f861af016694c2714cafb866e6,0.0,70.54391531230286
2728,2023-02-01 11:30:52.202,/benchmark3,36.18201261520571,cpu,0,e46328d77e9f35f861af016694c2714cafb866e6,0.4999997670504496,71.4539867045305
2729,2023-02-01 11:30:52.202,/benchmark2,0.0,cpu,0,e46328d77e9f35f861af016694c2714cafb866e6,0.0,70.54391531230286
2730,2023-02-01 11:30:52.202,rapl,70.70556640625,cpu,1,RAPL_ENERGY_PKG,1.0,0.0
2731,2023-02-01 11:30:52.202,global,71.07253046336947,cpu,1,b56c7a1e321c4581d02a9de890abf570bd93c969,1.0,71.07253046336947
2732,2023-02-01 11:30:52.202,/benchmark1,0.0,cpu,1,b56c7a1e321c4581d02a9de890abf570bd93c969,0.0,69.54572774602578
2733,2023-02-01 11:30:52.202,/benchmark4,35.53626238302973,cpu,1,b56c7a1e321c4581d02a9de890abf570bd93c969,0.49999995991904345,70.30912904350191
2734,2023-02-01 11:30:52.202,/benchmark3,0.0,cpu,1,b56c7a1e321c4581d02a9de890abf570bd93c969,0.0,69.54572774602578
2735,2023-02-01 11:30:52.202,/benchmark2,35.536268080339745,cpu,1,b56c7a1e321c4581d02a9de890abf570bd93c969,0.5000000400809566,70.30912916589334
2736,2023-02-01 11:30:52.202,rapl,12.738327026367188,dram,0,RAPL_ENERGY_DRAM,1.0,0.0
2737,2023-02-01 11:30:52.202,global,12.461949157714844,dram,0,78b0a292a97c15df67fefab7e0af9a601bf982d3,1.0,12.461949157714844
2738,2023-02-01 11:30:52.202,/benchmark1,0.0,dram,0,78b0a292a97c15df67fefab7e0af9a601bf982d3,0.0,12.461949157714844
2739,2023-02-01 11:30:52.202,/benchmark4,0.0,dram,0,78b0a292a97c15df67fefab7e0af9a601bf982d3,0.0,12.461949157714844
2740,2023-02-01 11:30:52.202,/benchmark3,0.0,dram,0,78b0a292a97c15df67fefab7e0af9a601bf982d3,0.0,12.461949157714844
2741,2023-02-01 11:30:52.202,/benchmark2,0.0,dram,0,78b0a292a97c15df67fefab7e0af9a601bf982d3,0.0,12.461949157714844
2742,2023-02-01 11:30:52.202,rapl,13.042022705078125,dram,1,RAPL_ENERGY_DRAM,1.0,0.0
2743,2023-02-01 11:30:52.202,global,12.807187906901042,dram,1,e338ce15d13d6313503924a6d20075a34370f3ae,1.0,12.807187906901042
2744,2023-02-01 11:30:52.202,/benchmark1,0.0,dram,1,e338ce15d13d6313503924a6d20075a34370f3ae,0.0,12.807187906901042
2745,2023-02-01 11:30:52.202,/benchmark4,0.0,dram,1,e338ce15d13d6313503924a6d20075a34370f3ae,0.0,12.807187906901042
2746,2023-02-01 11:30:52.202,/benchmark3,0.0,dram,1,e338ce15d13d6313503924a6d20075a34370f3ae,0.0,12.807187906901042
2747,2023-02-01 11:30:52.202,/benchmark2,0.0,dram,1,e338ce15d13d6313503924a6d20075a34370f3ae,0.0,12.807187906901042
2748,2023-02-01 11:30:53.202,rapl,71.92071533203125,cpu,0,RAPL_ENERGY_PKG,1.0,0.0
2749,2023-02-01 11:30:53.202,global,72.36402598813338,cpu,0,e46328d77e9f35f861af016694c2714cafb866e6,1.0,72.36402598813338
2750,2023-02-01 11:30:53.202,/benchmark1,36.18229778319699,cpu,0,e46328d77e9f35f861af016694c2714cafb866e6,0.5000039355069927,71.45397781327641
2751,2023-02-01 11:30:53.202,/benchmark4,0.0,cpu,0,e46328d77e9f35f861af016694c2714cafb866e6,0.0,70.54391531230286
2752,2023-02-01 11:30:53.202,/benchmark3,36.18172820493582,cpu,0,e46328d77e9f35f861af016694c2714cafb866e6,0.49999606449299944,71.45396348715981
2753,2023-02-01 11:30:53.202,/benchmark2,0.0,cpu,0,e46328d77e9f35f861af016694c2714cafb866e6,0.0,70.54391531230286
2754,2023-02-01 11:30:53.202,rapl,70.75091552734375,cpu,1,RAPL_ENERGY_PKG,1.0,0.0
2755,2023-02-01 11:30:53.202,global,71.07246988700831,cpu,1,b56c7a1e321c4581d02a9de890abf570bd93c969,1.0,71.07246988700831
2756,2023-02-01 11:30:53.202,/benchmark1,0.0,cpu,1,b56c7a1e321c4581d02a9de890abf570bd93c969,0.0,69.54572774602578
2757,2023-02-01 11:30:53.202,/benchmark4,35.53694838423238,cpu,1,b56c7a1e321c4581d02a9de890abf570bd93c969,0.5000100382149285,70.3091141422828
2758,2023-02-01 11:30:53.202,/benchmark3,0.0,cpu,1,b56c7a1e321c4581d02a9de890abf570bd93c969,0.0,69.54572774602578
2759,2023-02-01 11:30:53.202,/benchmark2,35.53552150277593,cpu,1,b56c7a1e321c4581d02a9de890abf570bd93c969,0.4999899617850715,70.30908349075129
2760,2023-02-01 11:30:53.202,rapl,12.670089721679688,dram,0,RAPL_ENERGY_DRAM,1.0,0.0
2761,2023-02-01 11:30:53.202,global,12.461949157714844,dram,0,78b0a292a97c15df67fefab7e0af9a601bf982d3,1.0,12.461949157714844
2762,2023-02-01 11:30:53.202,/benchmark1,0.0,dram,0,78b0a292a97c15df67fefab7e0af9a601bf982d3,0.0,12.461949157714844
2763,2023-02-01 11:30:53.202,/benchmark4,0.0,dram,0,78b0a292a97c15df67fefab7e0af9a601bf982d3,0.0,12.461949157714844
2764,2023-02-01 11:30:53.202,/benchmark3,0.0,dram,0,78b0a292a97c15df67fefab7e0af9a601bf982d3,0.0,12.461949157714844
2765,2023-02-01 11:30:53.202,/benchmark2,0.0,dram,0,78b0a292a97c15df67fefab7e0af9a601bf982d3,0.0,12.461949157714844
2766,2023-02-01 11:30:53.202,rapl,12.954605102539062,dram,1,RAPL_ENERGY_DRAM,1.0,0.0
2767,2023-02-01 11:30:53.202,global,12.807187906901042,dram,1,e338ce15d13d6313503924a6d20075a34370f3ae,1.0,12.807187906901042
2768,2023-02-01 11:30:53.202,/benchmark1,0.0,dram,1,e338ce15d13d6313503924a6d20075a34370f3ae,0.0,12.807187906901042
2769,2023-02-01 11:30:53.202,/benchmark4,0.0,dram,1,e338ce15d13d6313503924a6d20075a34370f3ae,0.0,12.807187906901042
2770,2023-02-01 11:30:53.202,/benchmark3,0.0,dram,1,e338ce15d13d6313503924a6d20075a34370f3ae,0.0,12.807187906901042
2771,2023-02-01 11:30:53.202,/benchmark2,0.0,dram,1,e338ce15d13d6313503924a6d20075a34370f3ae,0.0,12.807187906901042
2772,2023-02-01 11:30:54.202,rapl,71.9591064453125,cpu,0,RAPL_ENERGY_PKG,1.0,0.0
2773,2023-02-01 11:30:54.202,global,72.36402445611743,cpu,0,e46328d77e9f35f861af016694c2714cafb866e6,1.0,72.36402445611743
2774,2023-02-01 11:30:54.202,/benchmark1,36.18201675853421,cpu,0,e46328d77e9f35f861af016694c2714cafb866e6,0.5000000626067377,71.45396999816124
2775,2023-02-01 11:30:54.202,/benchmark4,0.0,cpu,0,e46328d77e9f35f861af016694c2714cafb866e6,0.0,70.54391531230286
2776,2023-02-01 11:30:54.202,/benchmark3,36.182007697583224,cpu,0,e46328d77e9f35f861af016694c2714cafb866e6,0.4999999373932624,71.45396977025905
2777,2023-02-01 11:30:54.202,/benchmark2,0.0,cpu,0,e46328d77e9f35f861af016694c2714cafb866e6,0.0,70.54391531230286
2778,2023-02-01 11:30:54.202,rapl,70.67449951171875,cpu,1,RAPL_ENERGY_PKG,1.0,0.0
2779,2023-02-01 11:30:54.202,global,71.0725052965267,cpu,1,b56c7a1e321c4581d02a9de890abf570bd93c969,1.0,71.0725052965267
2780,2023-02-01 11:30:54.202,/benchmark1,0.0,cpu,1,b56c7a1e321c4581d02a9de890abf570bd93c969,0.0,69.54572774602578
2781,2023-02-01 11:30:54.202,/benchmark4,35.53619246921338,cpu,1,b56c7a1e321c4581d02a9de890abf570bd93c969,0.49999915327242633,70.30911522851159
2782,2023-02-01 11:30:54.202,/benchmark3,0.0,cpu,1,b56c7a1e321c4581d02a9de890abf570bd93c969,0.0,69.54572774602578
2783,2023-02-01 11:30:54.202,/benchmark2,35.53631282731332,cpu,1,b56c7a1e321c4581d02a9de890abf570bd93c969,0.5000008467275737,70.30911781404089
2784,2023-02-01 11:30:54.202,rapl,12.77655029296875,dram,0,RAPL_ENERGY_DRAM,1.0,0.0
2785,2023-02-01 11:30:54.202,global,12.461949157714844,dram,0,78b0a292a97c15df67fefab7e0af9a601bf982d3,1.0,12.461949157714844
2786,2023-02-01 11:30:54.202,/benchmark1,0.0,dram,0,78b0a292a97c15df67fefab7e0af9a601bf982d3,0.0,12.461949157714844
2787,2023-02-01 11:30:54.202,/benchmark4,0.0,dram,0,78b0a292a97c15df67fefab7e0af9a601bf982d3,0.0,12.461949157714844
2788,2023-02-01 11:30:54.202,/benchmark3,0.0,dram,0,78b0a292a97c15df67fefab7e0af9a601bf982d3,0.0,12.461949157714844
2789,2023-02-01 11:30:54.202,/benchmark2,0.0,dram,0,78b0a292a97c15df67fefab7e0af9a601bf982d3,0.0,12.461949157714844
2790,2023-02-01 11:30:54.202,rapl,12.990127563476562,dram,1,RAPL_ENERGY_DRAM,1.0,0.0
2791,2023-02-01 11:30:54.202,global,12.807187906901042,dram,1,e338ce15d13d6313503924a6d20075a34370f3ae,1.0,12.807187906901042
2792,2023-02-01 11:30:54.202,/benchmark1,0.0,dram,1,e338ce15d13d6313503924a6d20075a34370f3ae,0.0,12.807187906901042
2793,2023-02-01 11:30:54.202,/benchmark4,0.0,dram,1,e338ce15d13d6313503924a6d20075a34370f3ae,0.0,12.807187906901042
2794,2023-02-01 11:30:54.202,/benchmark3,0.0,dram,1,e338ce15d13d6313503924a6d20075a34370f3ae,0.0,12.807187906901042
2795,2023-02-01 11:30:54.202,/benchmark2,0.0,dram,1,e338ce15d13d6313503924a6d20075a34370f3ae,0.0,12.807187906901042
2796,2023-02-01 11:30:55.202,rapl,72.0218505859375,cpu,0,RAPL_ENERGY_PKG,1.0,0.0
2797,2023-02-01 11:30:55.202,global,72.36407681830879,cpu,0,e46328d77e9f35f861af016694c2714cafb866e6,1.0,72.36407681830879
2798,2023-02-01 11:30:55.202,/benchmark1,36.18174528602841,cpu,0,e46328d77e9f35f861af016694c2714cafb866e6,0.4999959493281906,71.45398869242892
2799,2023-02-01 11:30:55.202,/benchmark4,0.0,cpu,0,e46328d77e9f35f861af016694c2714cafb866e6,0.0,70.54391531230286
2800,2023-02-01 11:30:55.202,/benchmark3,36.18233153228038,cpu,0,e46328d77e9f35f861af016694c2714cafb866e6,0.5000040506718094,71.45400343818272
2801,2023-02-01 11:30:55.202,/benchmark2,0.0,cpu,0,e46328d77e9f35f861af016694c2714cafb866e6,0.0,70.54391531230286
2802,2023-02-01 11:30:55.202,rapl,70.64178466796875,cpu,1,RAPL_ENERGY_PKG,1.0,0.0
2803,2023-02-01 11:30:55.202,global,71.07255263925921,cpu,1,b56c7a1e321c4581d02a9de890abf570bd93c969,1.0,71.07255263925921
2804,2023-02-01 11:30:55.202,/benchmark1,0.0,cpu,1,b56c7a1e321c4581d02a9de890abf570bd93c969,0.0,69.54572774602578
2805,2023-02-01 11:30:55.202,/benchmark4,35.53629501373328,cpu,1,b56c7a1e321c4581d02a9de890abf570bd93c969,0.5000002630284545,70.30914059424089
2806,2023-02-01 11:30:55.202,/benchmark3,0.0,cpu,1,b56c7a1e321c4581d02a9de890abf570bd93c969,0.0,69.54572774602578
2807,2023-02-01 11:30:55.202,/benchmark2,35.536257625525934,cpu,1,b56c7a1e321c4581d02a9de890abf570bd93c969,0.49999973697154554,70.3091397910441
2808,2023-02-01 11:30:55.202,rapl,12.726409912109375,dram,0,RAPL_ENERGY_DRAM,1.0,0.0
2809,2023-02-01 11:30:55.202,global,12.461949157714844,dram,0,78b0a292a97c15df67fefab7e0af9a601bf982d3,1.0,12.461949157714844
2810,2023-02-01 11:30:55.202,/benchmark1,0.0,dram,0,78b0a292a97c15df67fefab7e0af9a601bf982d3,0.0,12.461949157714844
2811,2023-02-01 11:30:55.202,/benchmark4,0.0,dram,0,78b0a292a97c15df67fefab7e0af9a601bf982d3,0.0,12.461949157714844
2812,2023-02-01 11:30:55.202,/benchmark3,0.0,dram,0,78b0a292a97c15df67fefab7e0af9a601bf982d3,0.0,12.461949157714844
2813,2023-02-01 11:30:55.202,/benchmark2,0.0,dram,0,78b0a292a97c15df67fefab7e0af9a601bf982d3,0.0,12.461949157714844
2814,2023-02-01 11:30:55.202,rapl,12.975921630859375,dram,1,RAPL_ENERGY_DRAM,1.0,0.0
2815,2023-02-01 11:30:55.202,global,12.807187906901042,dram,1,e338ce15d13d6313503924a6d20075a34370f3ae,1.0,12.807187906901042
2816,2023-02-01 11:30:55.202,/benchmark1,0.0,dram,1,e338ce15d13d6313503924a6d20075a34370f3ae,0.0,12.807187906901042
2817,2023-02-01 11:30:55.202,/benchmark4,0.0,dram,1,e338ce15d13d6313503924a6d20075a34370f3ae,0.0,12.807187906901042
2818,2023-02-01 11:30:55.202,/benchmark3,0.0,dram,1,e338ce15d13d6313503924a6d20075a34370f3ae,0.0,12.807187906901042
2819,2023-02-01 11:30:55.202,/benchmark2,0.0,dram,1,e338ce15d13d6313503924a6d20075a34370f3ae,0.0,12.807187906901042
2820,2023-02-01 11:30:56.203,rapl,72.06622314453125,cpu,0,RAPL_ENERGY_PKG,1.0,0.0
2821,2023-02-01 11:30:56.203,global,72.36402401839372,cpu,0,e46328d77e9f35f861af016694c2714cafb866e6,1.0,72.36402401839372
2822,2023-02-01 11:30:56.203,/benchmark1,36.182329066478815,cpu,0,e46328d77e9f35f861af016694c2714cafb866e6,0.5000043814213797,71.45397764001149
2823,2023-02-01 11:30:56.203,/benchmark4,0.0,cpu,0,e46328d77e9f35f861af016694c2714cafb866e6,0.0,70.54391531230286
2824,2023-02-01 11:30:56.203,/benchmark3,36.181694951914906,cpu,0,e46328d77e9f35f861af016694c2714cafb866e6,0.4999956185786203,71.45396169068509
2825,2023-02-01 11:30:56.203,/benchmark2,0.0,cpu,0,e46328d77e9f35f861af016694c2714cafb866e6,0.0,70.54391531230286
2826,2023-02-01 11:30:56.203,rapl,70.6707763671875,cpu,1,RAPL_ENERGY_PKG,1.0,0.0
2827,2023-02-01 11:30:56.203,global,71.07248240923374,cpu,1,b56c7a1e321c4581d02a9de890abf570bd93c969,1.0,71.07248240923374
2828,2023-02-01 11:30:56.203,/benchmark1,0.0,cpu,1,b56c7a1e321c4581d02a9de890abf570bd93c969,0.0,69.54572774602578
2829,2023-02-01 11:30:56.203,/benchmark4,35.536551362796,cpu,1,b56c7a1e321c4581d02a9de890abf570bd93c969,0.5000043639699728,70.30911174034127
2830,2023-02-01 11:30:56.203,/benchmark3,0.0,cpu,1,b56c7a1e321c4581d02a9de890abf570bd93c969,0.0,69.54572774602578
2831,2023-02-01 11:30:56.203,/benchmark2,35.535931046437746,cpu,1,b56c7a1e321c4581d02a9de890abf570bd93c969,0.4999956360300272,70.30909841491825
2832,2023-02-01 11:30:56.203,rapl,12.733993530273438,dram,0,RAPL_ENERGY_DRAM,1.0,0.0
2833,2023-02-01 11:30:56.203,global,12.461949157714844,dram,0,78b0a292a97c15df67fefab7e0af9a601bf982d3,1.0,12.461949157714844
2834,2023-02-01 11:30:56.203,/benchmark1,0.0,dram,0,78b0a292a97c15df67fefab7e0af9a601bf982d3,0.0,12.461949157714844
2835,2023-02-01 11:30:56.203,/benchmark4,0.0,dram,0,78b0a292a97c15df67fefab7e0af9a601bf982d3,0.0,12.461949157714844
2836,2023-02-01 11:30:56.203,/benchmark3,0.0,dram,0,78b0a292a97c15df67fefab7e0af9a601bf982d3,0.0,12.461949157714844
2837,2023-02-01 11:30:56.203,/benchmark2,0.0,dram,0,78b0a292a97c15df67fefab7e0af9a601bf982d3,0.0,12.461949157714844
2838,2023-02-01 11:30:56.203,rapl,13.004302978515625,dram,1,RAPL_ENERGY_DRAM,1.0,0.0
2839,2023-02-01 11:30:56.203,global,12.807187906901042,dram,1,e338ce15d13d6313503924a6d20075a34370f3ae,1.0,12.807187906901042
2840,2023-02-01 11:30:56.203,/benchmark1,0.0,dram,1,e338ce15d13d6313503924a6d20075a34370f3ae,0.0,12.807187906901042
2841,2023-02-01 11:30:56.203,/benchmark4,0.0,dram,1,e338ce15d13d6313503924a6d20075a34370f3ae,0.0,12.807187906901042
2842,2023-02-01 11:30:56.203,/benchmark3,0.0,dram,1,e338ce15d13d6313503924a6d20075a34370f3ae,0.0,12.807187906901042
2843,2023-02-01 11:30:56.203,/benchmark2,0.0,dram,1,e338ce15d13d6313503924a6d20075a34370f3ae,0.0,12.807187906901042
2844,2023-02-01 11:30:57.203,rapl,72.08282470703125,cpu,0,RAPL_ENERGY_PKG,1.0,0.0
2845,2023-02-01 11:30:57.203,global,72.36409940645851,cpu,0,e46328d77e9f35f861af016694c2714cafb866e6,1.0,72.36409940645851
2846,2023-02-01 11:30:57.203,/benchmark1,36.18196921665947,cpu,0,e46328d77e9f35f861af016694c2714cafb866e6,0.4999988877555246,71.45400533489098
2847,2023-02-01 11:30:57.203,/benchmark4,0.0,cpu,0,e46328d77e9f35f861af016694c2714cafb866e6,0.0,70.54391531230286
2848,2023-02-01 11:30:57.203,/benchmark3,36.18213018979904,cpu,0,e46328d77e9f35f861af016694c2714cafb866e6,0.5000011122444754,71.45400938387039
2849,2023-02-01 11:30:57.203,/benchmark2,0.0,cpu,0,e46328d77e9f35f861af016694c2714cafb866e6,0.0,70.54391531230286
2850,2023-02-01 11:30:57.203,rapl,70.6553955078125,cpu,1,RAPL_ENERGY_PKG,1.0,0.0
2851,2023-02-01 11:30:57.203,global,71.07256970528553,cpu,1,b56c7a1e321c4581d02a9de890abf570bd93c969,1.0,71.07256970528553
2852,2023-02-01 11:30:57.203,/benchmark1,0.0,cpu,1,b56c7a1e321c4581d02a9de890abf570bd93c969,0.0,69.54572774602578
2853,2023-02-01 11:30:57.203,/benchmark4,35.53624639659916,cpu,1,b56c7a1e321c4581d02a9de890abf570bd93c969,0.4999994589186269,70.30914789950991
2854,2023-02-01 11:30:57.203,/benchmark3,0.0,cpu,1,b56c7a1e321c4581d02a9de890abf570bd93c969,0.0,69.54572774602578
2855,2023-02-01 11:30:57.203,/benchmark2,35.53632330868637,cpu,1,b56c7a1e321c4581d02a9de890abf570bd93c969,0.500000541081373,70.3091495518014
2856,2023-02-01 11:30:57.203,rapl,12.700180053710938,dram,0,RAPL_ENERGY_DRAM,1.0,0.0
2857,2023-02-01 11:30:57.203,global,12.461949157714844,dram,0,78b0a292a97c15df67fefab7e0af9a601bf982d3,1.0,12.461949157714844
2858,2023-02-01 11:30:57.203,/benchmark1,0.0,dram,0,78b0a292a97c15df67fefab7e0af9a601bf982d3,0.0,12.461949157714844
2859,2023-02-01 11:30:57.203,/benchmark4,0.0,dram,0,78b0a292a97c15df67fefab7e0af9a601bf982d3,0.0,12.461949157714844
2860,2023-02-01 11:30:57.203,/benchmark3,0.0,dram,0,78b0a292a97c15df67fefab7e0af9a601bf982d3,0.0,12.461949157714844
2861,2023-02-01 11:30:57.203,/benchmark2,0.0,dram,0,78b0a292a97c15df67fefab7e0af9a601bf982d3,0.0,12.461949157714844
2862,2023-02-01 11:30:57.203,rapl,12.97265625,dram,1,RAPL_ENERGY_DRAM,1.0,0.0
2863,2023-02-01 11:30:57.203,global,12.807187906901042,dram,1,e338ce15d13d6313503924a6d20075a34370f3ae,1.0,12.807187906901042
2864,2023-02-01 11:30:57.203,/benchmark1,0.0,dram,1,e338ce15d13d6313503924a6d20075a34370f3ae,0.0,12.807187906901042
2865,2023-02-01 11:30:57.203,/benchmark4,0.0,dram,1,e338ce15d13d6313503924a6d20075a34370f3ae,0.0,12.807187906901042
2866,2023-02-01 11:30:57.203,/benchmark3,0.0,dram,1,e338ce15d13d6313503924a6d20075a34370f3ae,0.0,12.807187906901042
2867,2023-02-01 11:30:57.203,/benchmark2,0.0,dram,1,e338ce15d13d6313503924a6d20075a34370f3ae,0.0,12.807187906901042
2868,2023-02-01 11:30:58.203,rapl,72.048095703125,cpu,0,RAPL_ENERGY_PKG,1.0,0.0
2869,2023-02-01 11:30:58.203,global,72.36406990598776,cpu,0,e46328d77e9f35f861af016694c2714cafb866e6,1.0,72.36406990598776
2870,2023-02-01 11:30:58.203,/benchmark1,36.182072838067675,cpu,0,e46328d77e9f35f861af016694c2714cafb866e6,0.5000005235343153,71.4539935620587
2871,2023-02-01 11:30:58.203,/benchmark4,0.0,cpu,0,e46328d77e9f35f861af016694c2714cafb866e6,0.0,70.54391531230286
2872,2023-02-01 11:30:58.203,/benchmark3,36.181997067920086,cpu,0,e46328d77e9f35f861af016694c2714cafb866e6,0.4999994764656846,71.45399165623192
2873,2023-02-01 11:30:58.203,/benchmark2,0.0,cpu,0,e46328d77e9f35f861af016694c2714cafb866e6,0.0,70.54391531230286
2874,2023-02-01 11:30:58.203,rapl,70.6695556640625,cpu,1,RAPL_ENERGY_PKG,1.0,0.0
2875,2023-02-01 11:30:58.203,global,71.07253734791651,cpu,1,b56c7a1e321c4581d02a9de890abf570bd93c969,1.0,71.07253734791651
2876,2023-02-01 11:30:58.203,/benchmark1,0.0,cpu,1,b56c7a1e321c4581d02a9de890abf570bd93c969,0.0,69.54572774602578
2877,2023-02-01 11:30:58.203,/benchmark4,35.536302145657956,cpu,1,b56c7a1e321c4581d02a9de890abf570bd93c969,0.5000004709512416,70.30913326602402
2878,2023-02-01 11:30:58.203,/benchmark3,0.0,cpu,1,b56c7a1e321c4581d02a9de890abf570bd93c969,0.0,69.54572774602578
2879,2023-02-01 11:30:58.203,/benchmark2,35.536235202258545,cpu,1,b56c7a1e321c4581d02a9de890abf570bd93c969,0.4999995290487584,70.30913182791826
2880,2023-02-01 11:30:58.203,rapl,12.622283935546875,dram,0,RAPL_ENERGY_DRAM,1.0,0.0
2881,2023-02-01 11:30:58.203,global,12.461949157714844,dram,0,78b0a292a97c15df67fefab7e0af9a601bf982d3,1.0,12.461949157714844
2882,2023-02-01 11:30:58.203,/benchmark1,0.0,dram,0,78b0a292a97c15df67fefab7e0af9a601bf982d3,0.0,12.461949157714844
2883,2023-02-01 11:30:58.203,/benchmark4,0.0,dram,0,78b0a292a97c15df67fefab7e0af9a601bf982d3,0.0,12.461949157714844
2884,2023-02-01 11:30:58.203,/benchmark3,0.0,dram,0,78b0a292a97c15df67fefab7e0af9a601bf982d3,0.0,12.461949157714844
2885,2023-02-01 11:30:58.203,/benchmark2,0.0,dram,0,78b0a292a97c15df67fefab7e0af9a601bf982d3,0.0,12.461949157714844
2886,2023-02-01 11:30:58.203,rapl,13.037094116210938,dram,1,RAPL_ENERGY_DRAM,1.0,0.0
2887,2023-02-01 11:30:58.203,global,12.807187906901042,dram,1,e338ce15d13d6313503924a6d20075a34370f3ae,1.0,12.807187906901042
2888,2023-02-01 11:30:58.203,/benchmark1,0.0,dram,1,e338ce15d13d6313503924a6d20075a34370f3ae,0.0,12.807187906901042
2889,2023-02-01 11:30:58.203,/benchmark4,0.0,dram,1,e338ce15d13d6313503924a6d20075a34370f3ae,0.0,12.807187906901042
2890,2023-02-01 11:30:58.203,/benchmark3,0.0,dram,1,e338ce15d13d6313503924a6d20075a34370f3ae,0.0,12.807187906901042
2891,2023-02-01 11:30:58.203,/benchmark2,0.0,dram,1,e338ce15d13d6313503924a6d20075a34370f3ae,0.0,12.807187906901042
2892,2023-02-01 11:30:59.203,rapl,72.08685302734375,cpu,0,RAPL_ENERGY_PKG,1.0,0.0
2893,2023-02-01 11:30:59.203,global,72.3640649725262,cpu,0,e46328d77e9f35f861af016694c2714cafb866e6,1.0,72.3640649725262
2894,2023-02-01 11:30:59.203,/benchmark1,36.181858459709154,cpu,0,e46328d77e9f35f861af016694c2714cafb866e6,0.49999759512467956,71.45398576518153
2895,2023-02-01 11:30:59.203,/benchmark4,0.0,cpu,0,e46328d77e9f35f861af016694c2714cafb866e6,0.0,70.54391531230286
2896,2023-02-01 11:30:59.203,/benchmark3,36.18220651281704,cpu,0,e46328d77e9f35f861af016694c2714cafb866e6,0.5000024048753204,71.45399451964752
2897,2023-02-01 11:30:59.203,/benchmark2,0.0,cpu,0,e46328d77e9f35f861af016694c2714cafb866e6,0.0,70.54391531230286
2898,2023-02-01 11:30:59.203,rapl,70.69671630859375,cpu,1,RAPL_ENERGY_PKG,1.0,0.0
2899,2023-02-01 11:30:59.203,global,71.07254459963889,cpu,1,b56c7a1e321c4581d02a9de890abf570bd93c969,1.0,71.07254459963889
2900,2023-02-01 11:30:59.203,/benchmark1,0.0,cpu,1,b56c7a1e321c4581d02a9de890abf570bd93c969,0.0,69.54572774602578
2901,2023-02-01 11:30:59.203,/benchmark4,35.53631324903545,cpu,1,b56c7a1e321c4581d02a9de890abf570bd93c969,0.500000576160826,70.30913705252439
2902,2023-02-01 11:30:59.203,/benchmark3,0.0,cpu,1,b56c7a1e321c4581d02a9de890abf570bd93c969,0.0,69.54572774602578
2903,2023-02-01 11:30:59.203,/benchmark2,35.53623135060344,cpu,1,b56c7a1e321c4581d02a9de890abf570bd93c969,0.49999942383917395,70.30913529314027
2904,2023-02-01 11:30:59.203,rapl,12.645523071289062,dram,0,RAPL_ENERGY_DRAM,1.0,0.0
2905,2023-02-01 11:30:59.203,global,12.461949157714844,dram,0,78b0a292a97c15df67fefab7e0af9a601bf982d3,1.0,12.461949157714844
2906,2023-02-01 11:30:59.203,/benchmark1,0.0,dram,0,78b0a292a97c15df67fefab7e0af9a601bf982d3,0.0,12.461949157714844
2907,2023-02-01 11:30:59.203,/benchmark4,0.0,dram,0,78b0a292a97c15df67fefab7e0af9a601bf982d3,0.0,12.461949157714844
2908,2023-02-01 11:30:59.203,/benchmark3,0.0,dram,0,78b0a292a97c15df67fefab7e0af9a601bf982d3,0.0,12.461949157714844
2909,2023-02-01 11:30:59.203,/benchmark2,0.0,dram,0,78b0a292a97c15df67fefab7e0af9a601bf982d3,0.0,12.461949157714844
2910,2023-02-01 11:30:59.203,rapl,13.040328979492188,dram,1,RAPL_ENERGY_DRAM,1.0,0.0
2911,2023-02-01 11:30:59.203,global,12.807187906901042,dram,1,e338ce15d13d6313503924a6d20075a34370f3ae,1.0,12.807187906901042
2912,2023-02-01 11:30:59.203,/benchmark1,0.0,dram,1,e338ce15d13d6313503924a6d20075a34370f3ae,0.0,12.807187906901042
2913,2023-02-01 11:30:59.203,/benchmark4,0.0,dram,1,e338ce15d13d6313503924a6d20075a34370f3ae,0.0,12.807187906901042
2914,2023-02-01 11:30:59.203,/benchmark3,0.0,dram,1,e338ce15d13d6313503924a6d20075a34370f3ae,0.0,12.807187906901042
2915,2023-02-01 11:30:59.203,/benchmark2,0.0,dram,1,e338ce15d13d6313503924a6d20075a34370f3ae,0.0,12.807187906901042
2916,2023-02-01 11:31:00.203,rapl,72.1153564453125,cpu,0,RAPL_ENERGY_PKG,1.0,0.0
2917,2023-02-01 11:31:00.203,global,72.36406515490995,cpu,0,e46328d77e9f35f861af016694c2714cafb866e6,1.0,72.36406515490995
2918,2023-02-01 11:31:00.203,/benchmark1,36.18185275006754,cpu,0,e46328d77e9f35f861af016694c2714cafb866e6,0.4999975149628887,71.4539857104665
2919,2023-02-01 11:31:00.203,/benchmark4,0.0,cpu,0,e46328d77e9f35f861af016694c2714cafb866e6,0.0,70.54391531230286
2920,2023-02-01 11:31:00.203,/benchmark3,36.18221240484241,cpu,0,e46328d77e9f35f861af016694c2714cafb866e6,0.5000024850371113,71.45399475674631
2921,2023-02-01 11:31:00.203,/benchmark2,0.0,cpu,0,e46328d77e9f35f861af016694c2714cafb866e6,0.0,70.54391531230286
2922,2023-02-01 11:31:00.203,rapl,70.6951904296875,cpu,1,RAPL_ENERGY_PKG,1.0,0.0
2923,2023-02-01 11:31:00.203,global,71.0725385641861,cpu,1,b56c7a1e321c4581d02a9de890abf570bd93c969,1.0,71.0725385641861
2924,2023-02-01 11:31:00.203,/benchmark1,0.0,cpu,1,b56c7a1e321c4581d02a9de890abf570bd93c969,0.0,69.54572774602578
2925,2023-02-01 11:31:00.203,/benchmark4,35.536103526149034,cpu,1,b56c7a1e321c4581d02a9de890abf570bd93c969,0.49999766779198596,70.30912959426551
2926,2023-02-01 11:31:00.203,/benchmark3,0.0,cpu,1,b56c7a1e321c4581d02a9de890abf570bd93c969,0.0,69.54572774602578
2927,2023-02-01 11:31:00.203,/benchmark2,35.53643503803707,cpu,1,b56c7a1e321c4581d02a9de890abf570bd93c969,0.500002332208014,70.30913671594637
2928,2023-02-01 11:31:00.203,rapl,12.718490600585938,dram,0,RAPL_ENERGY_DRAM,1.0,0.0
2929,2023-02-01 11:31:00.203,global,12.461949157714844,dram,0,78b0a292a97c15df67fefab7e0af9a601bf982d3,1.0,12.461949157714844
2930,2023-02-01 11:31:00.203,/benchmark1,0.0,dram,0,78b0a292a97c15df67fefab7e0af9a601bf982d3,0.0,12.461949157714844
2931,2023-02-01 11:31:00.203,/benchmark4,0.0,dram,0,78b0a292a97c15df67fefab7e0af9a601bf982d3,0.0,12.461949157714844
2932,2023-02-01 11:31:00.203,/benchmark3,0.0,dram,0,78b0a292a97c15df67fefab7e0af9a601bf982d3,0.0,12.461949157714844
2933,2023-02-01 11:31:00.203,/benchmark2,0.0,dram,0,78b0a292a97c15df67fefab7e0af9a601bf982d3,0.0,12.461949157714844
2934,2023-02-01 11:31:00.203,rapl,12.993087768554688,dram,1,RAPL_ENERGY_DRAM,1.0,0.0
2935,2023-02-01 11:31:00.203,global,12.807187906901042,dram,1,e338ce15d13d6313503924a6d20075a34370f3ae,1.0,12.807187906901042
2936,2023-02-01 11:31:00.203,/benchmark1,0.0,dram,1,e338ce15d13d6313503924a6d20075a34370f3ae,0.0,12.807187906901042
2937,2023-02-01 11:31:00.203,/benchmark4,0.0,dram,1,e338ce15d13d6313503924a6d20075a34370f3ae,0.0,12.807187906901042
2938,2023-02-01 11:31:00.203,/benchmark3,0.0,dram,1,e338ce15d13d6313503924a6d20075a34370f3ae,0.0,12.807187906901042
2939,2023-02-01 11:31:00.203,/benchmark2,0.0,dram,1,e338ce15d13d6313503924a6d20075a34370f3ae,0.0,12.807187906901042
2940,2023-02-01 11:31:01.204,rapl,72.099609375,cpu,0,RAPL_ENERGY_PKG,1.0,0.0
2941,2023-02-01 11:31:01.204,global,72.36402697300396,cpu,0,e46328d77e9f35f861af016694c2714cafb866e6,1.0,72.36402697300396
2942,2023-02-01 11:31:01.204,/benchmark1,36.1824052305324,cpu,0,e46328d77e9f35f861af016694c2714cafb866e6,0.5000054135189377,71.45398099586235
2943,2023-02-01 11:31:01.204,/benchmark4,0.0,cpu,0,e46328d77e9f35f861af016694c2714cafb866e6,0.0,70.54391531230286
2944,2023-02-01 11:31:01.204,/benchmark3,36.181621742471556,cpu,0,e46328d77e9f35f861af016694c2714cafb866e6,0.4999945864810623,71.45396128944446
2945,2023-02-01 11:31:01.204,/benchmark2,0.0,cpu,0,e46328d77e9f35f861af016694c2714cafb866e6,0.0,70.54391531230286
2946,2023-02-01 11:31:01.204,rapl,70.72393798828125,cpu,1,RAPL_ENERGY_PKG,1.0,0.0
2947,2023-02-01 11:31:01.204,global,71.07249461018105,cpu,1,b56c7a1e321c4581d02a9de890abf570bd93c969,1.0,71.07249461018105
2948,2023-02-01 11:31:01.204,/benchmark1,0.0,cpu,1,b56c7a1e321c4581d02a9de890abf570bd93c969,0.0,69.54572774602578
2949,2023-02-01 11:31:01.204,/benchmark4,35.5364155583517,cpu,1,b56c7a1e321c4581d02a9de890abf570bd93c969,0.5000023673470602,70.30911479249046
2950,2023-02-01 11:31:01.204,/benchmark3,0.0,cpu,1,b56c7a1e321c4581d02a9de890abf570bd93c969,0.0,69.54572774602578
2951,2023-02-01 11:31:01.204,/benchmark2,35.536079051829354,cpu,1,b56c7a1e321c4581d02a9de890abf570bd93c969,0.49999763265293984,70.30910756371637
2952,2023-02-01 11:31:01.204,rapl,12.678756713867188,dram,0,RAPL_ENERGY_DRAM,1.0,0.0
2953,2023-02-01 11:31:01.204,global,12.461949157714844,dram,0,78b0a292a97c15df67fefab7e0af9a601bf982d3,1.0,12.461949157714844
2954,2023-02-01 11:31:01.204,/benchmark1,0.0,dram,0,78b0a292a97c15df67fefab7e0af9a601bf982d3,0.0,12.461949157714844
2955,2023-02-01 11:31:01.204,/benchmark4,0.0,dram,0,78b0a292a97c15df67fefab7e0af9a601bf982d3,0.0,12.461949157714844
2956,2023-02-01 11:31:01.204,/benchmark3,0.0,dram,0,78b0a292a97c15df67fefab7e0af9a601bf982d3,0.0,12.461949157714844
2957,2023-02-01 11:31:01.204,/benchmark2,0.0,dram,0,78b0a292a97c15df67fefab7e0af9a601bf982d3,0.0,12.461949157714844
2958,2023-02-01 11:31:01.204,rapl,13.019866943359375,dram,1,RAPL_ENERGY_DRAM,1.0,0.0
2959,2023-02-01 11:31:01.204,global,12.807187906901042,dram,1,e338ce15d13d6313503924a6d20075a34370f3ae,1.0,12.807187906901042
2960,2023-02-01 11:31:01.204,/benchmark1,0.0,dram,1,e338ce15d13d6313503924a6d20075a34370f3ae,0.0,12.807187906901042
2961,2023-02-01 11:31:01.204,/benchmark4,0.0,dram,1,e338ce15d13d6313503924a6d20075a34370f3ae,0.0,12.807187906901042
2962,2023-02-01 11:31:01.204,/benchmark3,0.0,dram,1,e338ce15d13d6313503924a6d20075a34370f3ae,0.0,12.807187906901042
2963,2023-02-01 11:31:01.204,/benchmark2,0.0,dram,1,e338ce15d13d6313503924a6d20075a34370f3ae,0.0,12.807187906901042
2964,2023-02-01 11:31:02.204,rapl,72.19091796875,cpu,0,RAPL_ENERGY_PKG,1.0,0.0
2965,2023-02-01 11:31:02.204,global,72.36405707533723,cpu,0,e46328d77e9f35f861af016694c2714cafb866e6,1.0,72.36405707533723
2966,2023-02-01 11:31:02.204,/benchmark1,36.181656193461116,cpu,0,e46328d77e9f35f861af016694c2714cafb866e6,0.49999485456976095,71.45397682840758
2967,2023-02-01 11:31:02.204,/benchmark4,0.0,cpu,0,e46328d77e9f35f861af016694c2714cafb866e6,0.0,70.54391531230286
2968,2023-02-01 11:31:02.204,/benchmark3,36.18240088187611,cpu,0,e46328d77e9f35f861af016694c2714cafb866e6,0.5000051454302391,71.45399555923251
2969,2023-02-01 11:31:02.204,/benchmark2,0.0,cpu,0,e46328d77e9f35f861af016694c2714cafb866e6,0.0,70.54391531230286
2970,2023-02-01 11:31:02.204,rapl,70.6688232421875,cpu,1,RAPL_ENERGY_PKG,1.0,0.0
2971,2023-02-01 11:31:02.204,global,71.07255305998159,cpu,1,b56c7a1e321c4581d02a9de890abf570bd93c969,1.0,71.07255305998159
2972,2023-02-01 11:31:02.204,/benchmark1,0.0,cpu,1,b56c7a1e321c4581d02a9de890abf570bd93c969,0.0,69.54572774602578
2973,2023-02-01 11:31:02.204,/benchmark4,35.53589730669522,cpu,1,b56c7a1e321c4581d02a9de890abf570bd93c969,0.49999466427925765,70.30913225629018
2974,2023-02-01 11:31:02.204,/benchmark3,0.0,cpu,1,b56c7a1e321c4581d02a9de890abf570bd93c969,0.0,69.54572774602578
2975,2023-02-01 11:31:02.204,/benchmark2,35.53665575328703,cpu,1,b56c7a1e321c4581d02a9de890abf570bd93c969,0.5000053357207517,70.3091485497172
2976,2023-02-01 11:31:02.204,rapl,12.7293701171875,dram,0,RAPL_ENERGY_DRAM,1.0,0.0
2977,2023-02-01 11:31:02.204,global,12.461949157714844,dram,0,78b0a292a97c15df67fefab7e0af9a601bf982d3,1.0,12.461949157714844
2978,2023-02-01 11:31:02.204,/benchmark1,0.0,dram,0,78b0a292a97c15df67fefab7e0af9a601bf982d3,0.0,12.461949157714844
2979,2023-02-01 11:31:02.204,/benchmark4,0.0,dram,0,78b0a292a97c15df67fefab7e0af9a601bf982d3,0.0,12.461949157714844
2980,2023-02-01 11:31:02.204,/benchmark3,0.0,dram,0,78b0a292a97c15df67fefab7e0af9a601bf982d3,0.0,12.461949157714844
2981,2023-02-01 11:31:02.204,/benchmark2,0.0,dram,0,78b0a292a97c15df67fefab7e0af9a601bf982d3,0.0,12.461949157714844
2982,2023-02-01 11:31:02.204,rapl,13.025390625,dram,1,RAPL_ENERGY_DRAM,1.0,0.0
2983,2023-02-01 11:31:02.204,global,12.807187906901042,dram,1,e338ce15d13d6313503924a6d20075a34370f3ae,1.0,12.807187906901042
2984,2023-02-01 11:31:02.204,/benchmark1,0.0,dram,1,e338ce15d13d6313503924a6d20075a34370f3ae,0.0,12.807187906901042
2985,2023-02-01 11:31:02.204,/benchmark4,0.0,dram,1,e338ce15d13d6313503924a6d20075a34370f3ae,0.0,12.807187906901042
2986,2023-02-01 11:31:02.204,/benchmark3,0.0,dram,1,e338ce15d13d6313503924a6d20075a34370f3ae,0.0,12.807187906901042
2987,2023-02-01 11:31:02.204,/benchmark2,0.0,dram,1,e338ce15d13d6313503924a6d20075a34370f3ae,0.0,12.807187906901042
2988,2023-02-01 11:31:03.204,rapl,72.05908203125,cpu,0,RAPL_ENERGY_PKG,1.0,0.0
2989,2023-02-01 11:31:03.204,global,72.36405266166564,cpu,0,e46328d77e9f35f861af016694c2714cafb866e6,1.0,72.36405266166564
2990,2023-02-01 11:31:03.204,/benchmark1,36.18206367243448,cpu,0,e46328d77e9f35f861af016694c2714cafb866e6,0.50000051602419,71.45398492621915
2991,2023-02-01 11:31:03.204,/benchmark4,0.0,cpu,0,e46328d77e9f35f861af016694c2714cafb866e6,0.0,70.54391531230286
2992,2023-02-01 11:31:03.204,/benchmark3,36.18198898923116,cpu,0,e46328d77e9f35f861af016694c2714cafb866e6,0.49999948397581,71.45398304774935
2993,2023-02-01 11:31:03.204,/benchmark2,0.0,cpu,0,e46328d77e9f35f861af016694c2714cafb866e6,0.0,70.54391531230286
2994,2023-02-01 11:31:03.204,rapl,70.7545166015625,cpu,1,RAPL_ENERGY_PKG,1.0,0.0
2995,2023-02-01 11:31:03.204,global,71.072523991896,cpu,1,b56c7a1e321c4581d02a9de890abf570bd93c969,1.0,71.072523991896
2996,2023-02-01 11:31:03.204,/benchmark1,0.0,cpu,1,b56c7a1e321c4581d02a9de890abf570bd93c969,0.0,69.54572774602578
2997,2023-02-01 11:31:03.204,/benchmark4,35.536351373245864,cpu,1,b56c7a1e321c4581d02a9de890abf570bd93c969,0.5000012575506376,70.30912778898448
2998,2023-02-01 11:31:03.204,/benchmark3,0.0,cpu,1,b56c7a1e321c4581d02a9de890abf570bd93c969,0.0,69.54572774602578
2999,2023-02-01 11:31:03.204,/benchmark2,35.536172618650134,cpu,1,b56c7a1e321c4581d02a9de890abf570bd93c969,0.4999987424493623,70.3091239489373
3000,2023-02-01 11:31:03.204,rapl,12.652420043945312,dram,0,RAPL_ENERGY_DRAM,1.0,0.0
3001,2023-02-01 11:31:03.204,global,12.461949157714844,dram,0,78b0a292a97c15df67fefab7e0af9a601bf982d3,1.0,12.461949157714844
3002,2023-02-01 11:31:03.204,/benchmark1,0.0,dram,0,78b0a292a97c15df67fefab7e0af9a601bf982d3,0.0,12.461949157714844
3003,2023-02-01 11:31:03.204,/benchmark4,0.0,dram,0,78b0a292a97c15df67fefab7e0af9a601bf982d3,0.0,12.461949157714844
3004,2023-02-01 11:31:03.204,/benchmark3,0.0,dram,0,78b0a292a97c15df67fefab7e0af9a601bf982d3,0.0,12.461949157714844
3005,2023-02-01 11:31:03.204,/benchmark2,0.0,dram,0,78b0a292a97c15df67fefab7e0af9a601bf982d3,0.0,12.461949157714844
3006,2023-02-01 11:31:03.204,rapl,13.032699584960938,dram,1,RAPL_ENERGY_DRAM,1.0,0.0
3007,2023-02-01 11:31:03.204,global,12.807187906901042,dram,1,e338ce15d13d6313503924a6d20075a34370f3ae,1.0,12.807187906901042
3008,2023-02-01 11:31:03.204,/benchmark1,0.0,dram,1,e338ce15d13d6313503924a6d20075a34370f3ae,0.0,12.807187906901042
3009,2023-02-01 11:31:03.204,/benchmark4,0.0,dram,1,e338ce15d13d6313503924a6d20075a34370f3ae,0.0,12.807187906901042
3010,2023-02-01 11:31:03.204,/benchmark3,0.0,dram,1,e338ce15d13d6313503924a6d20075a34370f3ae,0.0,12.807187906901042
3011,2023-02-01 11:31:03.204,/benchmark2,0.0,dram,1,e338ce15d13d6313503924a6d20075a34370f3ae,0.0,12.807187906901042
3012,2023-02-01 11:31:04.204,rapl,72.05206298828125,cpu,0,RAPL_ENERGY_PKG,1.0,0.0
3013,2023-02-01 11:31:04.204,global,72.36402328886093,cpu,0,e46328d77e9f35f861af016694c2714cafb866e6,1.0,72.36402328886093
3014,2023-02-01 11:31:04.204,/benchmark1,36.18236677066996,cpu,0,e46328d77e9f35f861af016694c2714cafb866e6,0.5000049074971699,71.45397823275664
3015,2023-02-01 11:31:04.204,/benchmark4,0.0,cpu,0,e46328d77e9f35f861af016694c2714cafb866e6,0.0,70.54391531230286
3016,2023-02-01 11:31:04.204,/benchmark3,36.18165651819041,cpu,0,e46328d77e9f35f861af016694c2714cafb866e6,0.4999950925028223,71.45396036840714
3017,2023-02-01 11:31:04.204,/benchmark2,0.0,cpu,0,e46328d77e9f35f861af016694c2714cafb866e6,0.0,70.54391531230286
3018,2023-02-01 11:31:04.204,rapl,70.7420654296875,cpu,1,RAPL_ENERGY_PKG,1.0,0.0
3019,2023-02-01 11:31:04.204,global,71.07249097666897,cpu,1,b56c7a1e321c4581d02a9de890abf570bd93c969,1.0,71.07249097666897
3020,2023-02-01 11:31:04.204,/benchmark1,0.0,cpu,1,b56c7a1e321c4581d02a9de890abf570bd93c969,0.0,69.54572774602578
3021,2023-02-01 11:31:04.204,/benchmark4,35.53634056500124,cpu,1,b56c7a1e321c4581d02a9de890abf570bd93c969,0.5000013377421482,70.3091114037629
3022,2023-02-01 11:31:04.204,/benchmark3,0.0,cpu,1,b56c7a1e321c4581d02a9de890abf570bd93c969,0.0,69.54572774602578
3023,2023-02-01 11:31:04.204,/benchmark2,35.536150411667734,cpu,1,b56c7a1e321c4581d02a9de890abf570bd93c969,0.4999986622578519,70.30910731893185
3024,2023-02-01 11:31:04.204,rapl,12.737335205078125,dram,0,RAPL_ENERGY_DRAM,1.0,0.0
3025,2023-02-01 11:31:04.204,global,12.461949157714844,dram,0,78b0a292a97c15df67fefab7e0af9a601bf982d3,1.0,12.461949157714844
3026,2023-02-01 11:31:04.204,/benchmark1,0.0,dram,0,78b0a292a97c15df67fefab7e0af9a601bf982d3,0.0,12.461949157714844
3027,2023-02-01 11:31:04.204,/benchmark4,0.0,dram,0,78b0a292a97c15df67fefab7e0af9a601bf982d3,0.0,12.461949157714844
3028,2023-02-01 11:31:04.204,/benchmark3,0.0,dram,0,78b0a292a97c15df67fefab7e0af9a601bf982d3,0.0,12.461949157714844
3029,2023-02-01 11:31:04.204,/benchmark2,0.0,dram,0,78b0a292a97c15df67fefab7e0af9a601bf982d3,0.0,12.461949157714844
3030,2023-02-01 11:31:04.204,rapl,13.002685546875,dram,1,RAPL_ENERGY_DRAM,1.0,0.0
3031,2023-02-01 11:31:04.204,global,12.807187906901042,dram,1,e338ce15d13d6313503924a6d20075a34370f3ae,1.0,12.807187906901042
3032,2023-02-01 11:31:04.204,/benchmark1,0.0,dram,1,e338ce15d13d6313503924a6d20075a34370f3ae,0.0,12.807187906901042
3033,2023-02-01 11:31:04.204,/benchmark4,0.0,dram,1,e338ce15d13d6313503924a6d20075a34370f3ae,0.0,12.807187906901042
3034,2023-02-01 11:31:04.204,/benchmark3,0.0,dram,1,e338ce15d13d6313503924a6d20075a34370f3ae,0.0,12.807187906901042
3035,2023-02-01 11:31:04.204,/benchmark2,0.0,dram,1,e338ce15d13d6313503924a6d20075a34370f3ae,0.0,12.807187906901042
3036,2023-02-01 11:31:05.204,rapl,72.08343505859375,cpu,0,RAPL_ENERGY_PKG,1.0,0.0
3037,2023-02-01 11:31:05.204,global,72.36404340571968,cpu,0,e46328d77e9f35f861af016694c2714cafb866e6,1.0,72.36404340571968
3038,2023-02-01 11:31:05.204,/benchmark1,36.18201535653733,cpu,0,e46328d77e9f35f861af016694c2714cafb866e6,0.4999999123000565,71.45397919938614
3039,2023-02-01 11:31:05.204,/benchmark4,0.0,cpu,0,e46328d77e9f35f861af016694c2714cafb866e6,0.0,70.54391531230286
3040,2023-02-01 11:31:05.204,/benchmark2,0.0,cpu,0,e46328d77e9f35f861af016694c2714cafb866e6,0.0,70.54391531230286
3041,2023-02-01 11:31:05.204,/benchmark3,36.18202804918236,cpu,0,e46328d77e9f35f861af016694c2714cafb866e6,0.5000000876999434,71.4539795186364
3042,2023-02-01 11:31:05.204,rapl,70.73968505859375,cpu,1,RAPL_ENERGY_PKG,1.0,0.0
3043,2023-02-01 11:31:05.204,global,71.07246083000504,cpu,1,b56c7a1e321c4581d02a9de890abf570bd93c969,1.0,71.07246083000504
3044,2023-02-01 11:31:05.204,/benchmark1,0.0,cpu,1,b56c7a1e321c4581d02a9de890abf570bd93c969,0.0,69.54572774602578
3045,2023-02-01 11:31:05.204,/benchmark4,35.53758626294901,cpu,1,b56c7a1e321c4581d02a9de890abf570bd93c969,0.5000190769804599,70.30912341347262
3046,2023-02-01 11:31:05.204,/benchmark2,35.534874567056036,cpu,1,b56c7a1e321c4581d02a9de890abf570bd93c969,0.49998092301954017,70.3090651625582
3047,2023-02-01 11:31:05.204,/benchmark3,0.0,cpu,1,b56c7a1e321c4581d02a9de890abf570bd93c969,0.0,69.54572774602578
3048,2023-02-01 11:31:05.204,rapl,12.69903564453125,dram,0,RAPL_ENERGY_DRAM,1.0,0.0
3049,2023-02-01 11:31:05.204,global,12.461949157714844,dram,0,78b0a292a97c15df67fefab7e0af9a601bf982d3,1.0,12.461949157714844
3050,2023-02-01 11:31:05.204,/benchmark1,0.0,dram,0,78b0a292a97c15df67fefab7e0af9a601bf982d3,0.0,12.461949157714844
3051,2023-02-01 11:31:05.204,/benchmark4,0.0,dram,0,78b0a292a97c15df67fefab7e0af9a601bf982d3,0.0,12.461949157714844
3052,2023-02-01 11:31:05.204,/benchmark2,0.0,dram,0,78b0a292a97c15df67fefab7e0af9a601bf982d3,0.0,12.461949157714844
3053,2023-02-01 11:31:05.204,/benchmark3,0.0,dram,0,78b0a292a97c15df67fefab7e0af9a601bf982d3,0.0,12.461949157714844
3054,2023-02-01 11:31:05.204,rapl,13.033111572265625,dram,1,RAPL_ENERGY_DRAM,1.0,0.0
3055,2023-02-01 11:31:05.204,global,12.807187906901042,dram,1,e338ce15d13d6313503924a6d20075a34370f3ae,1.0,12.807187906901042
3056,2023-02-01 11:31:05.204,/benchmark1,0.0,dram,1,e338ce15d13d6313503924a6d20075a34370f3ae,0.0,12.807187906901042
3057,2023-02-01 11:31:05.204,/benchmark4,0.0,dram,1,e338ce15d13d6313503924a6d20075a34370f3ae,0.0,12.807187906901042
3058,2023-02-01 11:31:05.204,/benchmark2,0.0,dram,1,e338ce15d13d6313503924a6d20075a34370f3ae,0.0,12.807187906901042
3059,2023-02-01 11:31:05.204,/benchmark3,0.0,dram,1,e338ce15d13d6313503924a6d20075a34370f3ae,0.0,12.807187906901042
3060,2023-02-01 11:31:06.205,rapl,72.101318359375,cpu,0,RAPL_ENERGY_PKG,1.0,0.0
3061,2023-02-01 11:31:06.205,global,72.36395678285544,cpu,0,e46328d77e9f35f861af016694c2714cafb866e6,1.0,72.36395678285544
3062,2023-02-01 11:31:06.205,/benchmark1,36.18339967671187,cpu,0,e46328d77e9f35f861af016694c2714cafb866e6,0.5000196407900748,71.4539717946316
3063,2023-02-01 11:31:06.205,/benchmark4,0.0,cpu,0,e46328d77e9f35f861af016694c2714cafb866e6,0.0,70.54391531230286
3064,2023-02-01 11:31:06.205,/benchmark3,36.18055710614413,cpu,0,e46328d77e9f35f861af016694c2714cafb866e6,0.499980359209933,71.45390030052671
3065,2023-02-01 11:31:06.205,/benchmark2,0.0,cpu,0,e46328d77e9f35f861af016694c2714cafb866e6,0.0,70.54391531230286
3066,2023-02-01 11:31:06.205,rapl,70.73974609375,cpu,1,RAPL_ENERGY_PKG,1.0,0.0
3067,2023-02-01 11:31:06.205,global,71.07278490091619,cpu,1,b56c7a1e321c4581d02a9de890abf570bd93c969,1.0,71.07278490091619
3068,2023-02-01 11:31:06.205,/benchmark1,0.0,cpu,1,b56c7a1e321c4581d02a9de890abf570bd93c969,0.0,69.54572774602578
3069,2023-02-01 11:31:06.205,/benchmark4,35.538312851014915,cpu,1,b56c7a1e321c4581d02a9de890abf570bd93c969,0.5000270201956979,70.30929758485415
3070,2023-02-01 11:31:06.205,/benchmark3,0.0,cpu,1,b56c7a1e321c4581d02a9de890abf570bd93c969,0.0,69.54572774602578
3071,2023-02-01 11:31:06.205,/benchmark2,35.534472049900614,cpu,1,b56c7a1e321c4581d02a9de890abf570bd93c969,0.4999729798042928,70.3092150620878
3072,2023-02-01 11:31:06.205,rapl,12.694580078125,dram,0,RAPL_ENERGY_DRAM,1.0,0.0
3073,2023-02-01 11:31:06.205,global,12.461949157714844,dram,0,78b0a292a97c15df67fefab7e0af9a601bf982d3,1.0,12.461949157714844
3074,2023-02-01 11:31:06.205,/benchmark1,0.0,dram,0,78b0a292a97c15df67fefab7e0af9a601bf982d3,0.0,12.461949157714844
3075,2023-02-01 11:31:06.205,/benchmark4,0.0,dram,0,78b0a292a97c15df67fefab7e0af9a601bf982d3,0.0,12.461949157714844
3076,2023-02-01 11:31:06.205,/benchmark3,0.0,dram,0,78b0a292a97c15df67fefab7e0af9a601bf982d3,0.0,12.461949157714844
3077,2023-02-01 11:31:06.205,/benchmark2,0.0,dram,0,78b0a292a97c15df67fefab7e0af9a601bf982d3,0.0,12.461949157714844
3078,2023-02-01 11:31:06.205,rapl,13.120651245117188,dram,1,RAPL_ENERGY_DRAM,1.0,0.0
3079,2023-02-01 11:31:06.205,global,12.807187906901042,dram,1,e338ce15d13d6313503924a6d20075a34370f3ae,1.0,12.807187906901042
3080,2023-02-01 11:31:06.205,/benchmark1,0.0,dram,1,e338ce15d13d6313503924a6d20075a34370f3ae,0.0,12.807187906901042
3081,2023-02-01 11:31:06.205,/benchmark4,0.0,dram,1,e338ce15d13d6313503924a6d20075a34370f3ae,0.0,12.807187906901042
3082,2023-02-01 11:31:06.205,/benchmark3,0.0,dram,1,e338ce15d13d6313503924a6d20075a34370f3ae,0.0,12.807187906901042
3083,2023-02-01 11:31:06.205,/benchmark2,0.0,dram,1,e338ce15d13d6313503924a6d20075a34370f3ae,0.0,12.807187906901042
3084,2023-02-01 11:31:07.205,rapl,71.91607666015625,cpu,0,RAPL_ENERGY_PKG,1.0,0.0
3085,2023-02-01 11:31:07.205,global,72.36405328176731,cpu,0,e46328d77e9f35f861af016694c2714cafb866e6,1.0,72.36405328176731
3086,2023-02-01 11:31:07.205,/benchmark4,0.0,cpu,0,e46328d77e9f35f861af016694c2714cafb866e6,0.0,70.54391531230286
3087,2023-02-01 11:31:07.205,/benchmark3,36.182274992229985,cpu,0,e46328d77e9f35f861af016694c2714cafb866e6,0.5000034319711938,71.45399054369616
3088,2023-02-01 11:31:07.205,/benchmark2,0.0,cpu,0,e46328d77e9f35f861af016694c2714cafb866e6,0.0,70.54391531230286
3089,2023-02-01 11:31:07.205,/benchmark1,36.18177828953733,cpu,0,e46328d77e9f35f861af016694c2714cafb866e6,0.4999965680288062,71.453978050374
3090,2023-02-01 11:31:07.205,rapl,70.724609375,cpu,1,RAPL_ENERGY_PKG,1.0,0.0
3091,2023-02-01 11:31:07.205,global,71.07218322213419,cpu,1,b56c7a1e321c4581d02a9de890abf570bd93c969,1.0,71.07218322213419
3092,2023-02-01 11:31:07.205,/benchmark4,35.53291321571766,cpu,1,b56c7a1e321c4581d02a9de890abf570bd93c969,0.49995527933425804,70.30888721997486
3093,2023-02-01 11:31:07.205,/benchmark3,0.0,cpu,1,b56c7a1e321c4581d02a9de890abf570bd93c969,0.0,69.54572774602578
3094,2023-02-01 11:31:07.205,/benchmark2,35.53927000641652,cpu,1,b56c7a1e321c4581d02a9de890abf570bd93c969,0.500044720665742,70.3090237481851
3095,2023-02-01 11:31:07.205,/benchmark1,0.0,cpu,1,b56c7a1e321c4581d02a9de890abf570bd93c969,0.0,69.54572774602578
3096,2023-02-01 11:31:07.205,rapl,12.686676025390625,dram,0,RAPL_ENERGY_DRAM,1.0,0.0
3097,2023-02-01 11:31:07.205,global,12.461949157714844,dram,0,78b0a292a97c15df67fefab7e0af9a601bf982d3,1.0,12.461949157714844
3098,2023-02-01 11:31:07.205,/benchmark4,0.0,dram,0,78b0a292a97c15df67fefab7e0af9a601bf982d3,0.0,12.461949157714844
3099,2023-02-01 11:31:07.205,/benchmark3,0.0,dram,0,78b0a292a97c15df67fefab7e0af9a601bf982d3,0.0,12.461949157714844
3100,2023-02-01 11:31:07.205,/benchmark2,0.0,dram,0,78b0a292a97c15df67fefab7e0af9a601bf982d3,0.0,12.461949157714844
3101,2023-02-01 11:31:07.205,/benchmark1,0.0,dram,0,78b0a292a97c15df67fefab7e0af9a601bf982d3,0.0,12.461949157714844
3102,2023-02-01 11:31:07.205,rapl,13.04248046875,dram,1,RAPL_ENERGY_DRAM,1.0,0.0
3103,2023-02-01 11:31:07.205,global,12.807187906901042,dram,1,e338ce15d13d6313503924a6d20075a34370f3ae,1.0,12.807187906901042
3104,2023-02-01 11:31:07.205,/benchmark4,0.0,dram,1,e338ce15d13d6313503924a6d20075a34370f3ae,0.0,12.807187906901042
3105,2023-02-01 11:31:07.205,/benchmark3,0.0,dram,1,e338ce15d13d6313503924a6d20075a34370f3ae,0.0,12.807187906901042
3106,2023-02-01 11:31:07.205,/benchmark2,0.0,dram,1,e338ce15d13d6313503924a6d20075a34370f3ae,0.0,12.807187906901042
3107,2023-02-01 11:31:07.205,/benchmark1,0.0,dram,1,e338ce15d13d6313503924a6d20075a34370f3ae,0.0,12.807187906901042
3108,2023-02-01 11:31:08.205,rapl,72.10272216796875,cpu,0,RAPL_ENERGY_PKG,1.0,0.0
3109,2023-02-01 11:31:08.205,global,72.36415342834194,cpu,0,e46328d77e9f35f861af016694c2714cafb866e6,1.0,72.36415342834194
3110,2023-02-01 11:31:08.205,/benchmark1,36.18056312902095,cpu,0,e46328d77e9f35f861af016694c2714cafb866e6,0.49997908377175293,71.4539962978065
3111,2023-02-01 11:31:08.205,/benchmark4,0.0,cpu,0,e46328d77e9f35f861af016694c2714cafb866e6,0.0,70.54391531230286
3112,2023-02-01 11:31:08.205,/benchmark3,36.18359029932098,cpu,0,e46328d77e9f35f861af016694c2714cafb866e6,0.5000209162282471,71.4540724428383
3113,2023-02-01 11:31:08.205,/benchmark2,0.0,cpu,0,e46328d77e9f35f861af016694c2714cafb866e6,0.0,70.54391531230286
3114,2023-02-01 11:31:08.205,rapl,70.64031982421875,cpu,1,RAPL_ENERGY_PKG,1.0,0.0
3115,2023-02-01 11:31:08.205,global,71.07268596233041,cpu,1,b56c7a1e321c4581d02a9de890abf570bd93c969,1.0,71.07268596233041
3116,2023-02-01 11:31:08.205,/benchmark1,0.0,cpu,1,b56c7a1e321c4581d02a9de890abf570bd93c969,0.0,69.54572774602578
3117,2023-02-01 11:31:08.205,/benchmark4,35.536143238298564,cpu,1,b56c7a1e321c4581d02a9de890abf570bd93c969,0.49999718959732653,70.30920256281064
3118,2023-02-01 11:31:08.205,/benchmark3,0.0,cpu,1,b56c7a1e321c4581d02a9de890abf570bd93c969,0.0,69.54572774602578
3119,2023-02-01 11:31:08.205,/benchmark2,35.53654272403185,cpu,1,b56c7a1e321c4581d02a9de890abf570bd93c969,0.5000028104026735,70.30921114554555
3120,2023-02-01 11:31:08.205,rapl,12.685989379882812,dram,0,RAPL_ENERGY_DRAM,1.0,0.0
3121,2023-02-01 11:31:08.205,global,12.461949157714844,dram,0,78b0a292a97c15df67fefab7e0af9a601bf982d3,1.0,12.461949157714844
3122,2023-02-01 11:31:08.205,/benchmark1,0.0,dram,0,78b0a292a97c15df67fefab7e0af9a601bf982d3,0.0,12.461949157714844
3123,2023-02-01 11:31:08.205,/benchmark4,0.0,dram,0,78b0a292a97c15df67fefab7e0af9a601bf982d3,0.0,12.461949157714844
3124,2023-02-01 11:31:08.205,/benchmark3,0.0,dram,0,78b0a292a97c15df67fefab7e0af9a601bf982d3,0.0,12.461949157714844
3125,2023-02-01 11:31:08.205,/benchmark2,0.0,dram,0,78b0a292a97c15df67fefab7e0af9a601bf982d3,0.0,12.461949157714844
3126,2023-02-01 11:31:08.205,rapl,13.01495361328125,dram,1,RAPL_ENERGY_DRAM,1.0,0.0
3127,2023-02-01 11:31:08.205,global,12.807187906901042,dram,1,e338ce15d13d6313503924a6d20075a34370f3ae,1.0,12.807187906901042
3128,2023-02-01 11:31:08.205,/benchmark1,0.0,dram,1,e338ce15d13d6313503924a6d20075a34370f3ae,0.0,12.807187906901042
3129,2023-02-01 11:31:08.205,/benchmark4,0.0,dram,1,e338ce15d13d6313503924a6d20075a34370f3ae,0.0,12.807187906901042
3130,2023-02-01 11:31:08.205,/benchmark3,0.0,dram,1,e338ce15d13d6313503924a6d20075a34370f3ae,0.0,12.807187906901042
3131,2023-02-01 11:31:08.205,/benchmark2,0.0,dram,1,e338ce15d13d6313503924a6d20075a34370f3ae,0.0,12.807187906901042
3132,2023-02-01 11:31:09.205,rapl,72.2191162109375,cpu,0,RAPL_ENERGY_PKG,1.0,0.0
3133,2023-02-01 11:31:09.205,global,72.36405426663457,cpu,0,e46328d77e9f35f861af016694c2714cafb866e6,1.0,72.36405426663457
3134,2023-02-01 11:31:09.205,/benchmark1,36.182027494327386,cpu,0,e46328d77e9f35f861af016694c2714cafb866e6,0.5000000049888043,71.45398479854903
3135,2023-02-01 11:31:09.205,/benchmark4,0.0,cpu,0,e46328d77e9f35f861af016694c2714cafb866e6,0.0,70.54391531230286
3136,2023-02-01 11:31:09.205,/benchmark3,36.18202677230718,cpu,0,e46328d77e9f35f861af016694c2714cafb866e6,0.49999999501119574,71.4539847803884
3137,2023-02-01 11:31:09.205,/benchmark2,0.0,cpu,0,e46328d77e9f35f861af016694c2714cafb866e6,0.0,70.54391531230286
3138,2023-02-01 11:31:09.205,rapl,70.72021484375,cpu,1,RAPL_ENERGY_PKG,1.0,0.0
3139,2023-02-01 11:31:09.205,global,71.07252838270641,cpu,1,b56c7a1e321c4581d02a9de890abf570bd93c969,1.0,71.07252838270641
3140,2023-02-01 11:31:09.205,/benchmark1,0.0,cpu,1,b56c7a1e321c4581d02a9de890abf570bd93c969,0.0,69.54572774602578
3141,2023-02-01 11:31:09.205,/benchmark4,35.536260274436806,cpu,1,b56c7a1e321c4581d02a9de890abf570bd93c969,0.4999999448884613,70.30912798022176
3142,2023-02-01 11:31:09.205,/benchmark3,0.0,cpu,1,b56c7a1e321c4581d02a9de890abf570bd93c969,0.0,69.54572774602578
3143,2023-02-01 11:31:09.205,/benchmark2,35.53626810826894,cpu,1,b56c7a1e321c4581d02a9de890abf570bd93c969,0.5000000551115295,70.30912814851041
3144,2023-02-01 11:31:09.205,rapl,12.6810302734375,dram,0,RAPL_ENERGY_DRAM,1.0,0.0
3145,2023-02-01 11:31:09.205,global,12.461949157714844,dram,0,78b0a292a97c15df67fefab7e0af9a601bf982d3,1.0,12.461949157714844
3146,2023-02-01 11:31:09.205,/benchmark1,0.0,dram,0,78b0a292a97c15df67fefab7e0af9a601bf982d3,0.0,12.461949157714844
3147,2023-02-01 11:31:09.205,/benchmark4,0.0,dram,0,78b0a292a97c15df67fefab7e0af9a601bf982d3,0.0,12.461949157714844
3148,2023-02-01 11:31:09.205,/benchmark3,0.0,dram,0,78b0a292a97c15df67fefab7e0af9a601bf982d3,0.0,12.461949157714844
3149,2023-02-01 11:31:09.205,/benchmark2,0.0,dram,0,78b0a292a97c15df67fefab7e0af9a601bf982d3,0.0,12.461949157714844
3150,2023-02-01 11:31:09.205,rapl,13.059356689453125,dram,1,RAPL_ENERGY_DRAM,1.0,0.0
3151,2023-02-01 11:31:09.205,global,12.807187906901042,dram,1,e338ce15d13d6313503924a6d20075a34370f3ae,1.0,12.807187906901042
3152,2023-02-01 11:31:09.205,/benchmark1,0.0,dram,1,e338ce15d13d6313503924a6d20075a34370f3ae,0.0,12.807187906901042
3153,2023-02-01 11:31:09.205,/benchmark4,0.0,dram,1,e338ce15d13d6313503924a6d20075a34370f3ae,0.0,12.807187906901042
3154,2023-02-01 11:31:09.205,/benchmark3,0.0,dram,1,e338ce15d13d6313503924a6d20075a34370f3ae,0.0,12.807187906901042
3155,2023-02-01 11:31:09.205,/benchmark2,0.0,dram,1,e338ce15d13d6313503924a6d20075a34370f3ae,0.0,12.807187906901042
3156,2023-02-01 11:31:10.206,rapl,72.13787841796875,cpu,0,RAPL_ENERGY_PKG,1.0,0.0
3157,2023-02-01 11:31:10.206,global,72.36405542476798,cpu,0,e46328d77e9f35f861af016694c2714cafb866e6,1.0,72.36405542476798
3158,2023-02-01 11:31:10.206,/benchmark1,36.18190643651022,cpu,0,e46328d77e9f35f861af016694c2714cafb866e6,0.49999832408682654,71.45398231813863
3159,2023-02-01 11:31:10.206,/benchmark4,0.0,cpu,0,e46328d77e9f35f861af016694c2714cafb866e6,0.0,70.54391531230286
3160,2023-02-01 11:31:10.206,/benchmark3,36.182148988257765,cpu,0,e46328d77e9f35f861af016694c2714cafb866e6,0.5000016759131735,71.45398841893221
3161,2023-02-01 11:31:10.206,/benchmark2,0.0,cpu,0,e46328d77e9f35f861af016694c2714cafb866e6,0.0,70.54391531230286
3162,2023-02-01 11:31:10.206,rapl,70.73828125,cpu,1,RAPL_ENERGY_PKG,1.0,0.0
3163,2023-02-01 11:31:10.206,global,71.07253353081757,cpu,1,b56c7a1e321c4581d02a9de890abf570bd93c969,1.0,71.07253353081757
3164,2023-02-01 11:31:10.206,/benchmark1,0.0,cpu,1,b56c7a1e321c4581d02a9de890abf570bd93c969,0.0,69.54572774602578
3165,2023-02-01 11:31:10.206,/benchmark4,35.536133056361976,cpu,1,b56c7a1e321c4581d02a9de890abf570bd93c969,0.49999811869592703,70.30912776603573
3166,2023-02-01 11:31:10.206,/benchmark3,0.0,cpu,1,b56c7a1e321c4581d02a9de890abf570bd93c969,0.0,69.54572774602578
3167,2023-02-01 11:31:10.206,/benchmark2,35.53640047445559,cpu,1,b56c7a1e321c4581d02a9de890abf570bd93c969,0.500001881304073,70.30913351080761
3168,2023-02-01 11:31:10.206,rapl,12.7193603515625,dram,0,RAPL_ENERGY_DRAM,1.0,0.0
3169,2023-02-01 11:31:10.206,global,12.461949157714844,dram,0,78b0a292a97c15df67fefab7e0af9a601bf982d3,1.0,12.461949157714844
3170,2023-02-01 11:31:10.206,/benchmark1,0.0,dram,0,78b0a292a97c15df67fefab7e0af9a601bf982d3,0.0,12.461949157714844
3171,2023-02-01 11:31:10.206,/benchmark4,0.0,dram,0,78b0a292a97c15df67fefab7e0af9a601bf982d3,0.0,12.461949157714844
3172,2023-02-01 11:31:10.206,/benchmark3,0.0,dram,0,78b0a292a97c15df67fefab7e0af9a601bf982d3,0.0,12.461949157714844
3173,2023-02-01 11:31:10.206,/benchmark2,0.0,dram,0,78b0a292a97c15df67fefab7e0af9a601bf982d3,0.0,12.461949157714844
3174,2023-02-01 11:31:10.206,rapl,12.927642822265625,dram,1,RAPL_ENERGY_DRAM,1.0,0.0
3175,2023-02-01 11:31:10.206,global,12.807187906901042,dram,1,e338ce15d13d6313503924a6d20075a34370f3ae,1.0,12.807187906901042
3176,2023-02-01 11:31:10.206,/benchmark1,0.0,dram,1,e338ce15d13d6313503924a6d20075a34370f3ae,0.0,12.807187906901042
3177,2023-02-01 11:31:10.206,/benchmark4,0.0,dram,1,e338ce15d13d6313503924a6d20075a34370f3ae,0.0,12.807187906901042
3178,2023-02-01 11:31:10.206,/benchmark3,0.0,dram,1,e338ce15d13d6313503924a6d20075a34370f3ae,0.0,12.807187906901042
3179,2023-02-01 11:31:10.206,/benchmark2,0.0,dram,1,e338ce15d13d6313503924a6d20075a34370f3ae,0.0,12.807187906901042
3180,2023-02-01 11:31:11.206,rapl,72.03466796875,cpu,0,RAPL_ENERGY_PKG,1.0,0.0
3181,2023-02-01 11:31:11.206,global,72.36403765153447,cpu,0,e46328d77e9f35f861af016694c2714cafb866e6,1.0,72.36403765153447
3182,2023-02-01 11:31:11.206,/benchmark1,36.18208843529034,cpu,0,e46328d77e9f35f861af016694c2714cafb866e6,0.5000009619353115,71.45397823275862
3183,2023-02-01 11:31:11.206,/benchmark4,0.0,cpu,0,e46328d77e9f35f861af016694c2714cafb866e6,0.0,70.54391531230286
3184,2023-02-01 11:31:11.206,/benchmark3,36.181949216244135,cpu,0,e46328d77e9f35f861af016694c2714cafb866e6,0.49999903806468843,71.45397473107872
3185,2023-02-01 11:31:11.206,/benchmark2,0.0,cpu,0,e46328d77e9f35f861af016694c2714cafb866e6,0.0,70.54391531230286
3186,2023-02-01 11:31:11.206,rapl,70.7425537109375,cpu,1,RAPL_ENERGY_PKG,1.0,0.0
3187,2023-02-01 11:31:11.206,global,71.07251104894797,cpu,1,b56c7a1e321c4581d02a9de890abf570bd93c969,1.0,71.07251104894797
3188,2023-02-01 11:31:11.206,/benchmark1,0.0,cpu,1,b56c7a1e321c4581d02a9de890abf570bd93c969,0.0,69.54572774602578
3189,2023-02-01 11:31:11.206,/benchmark4,35.536329234656066,cpu,1,b56c7a1e321c4581d02a9de890abf570bd93c969,0.500001037112394,70.30912098093276
3190,2023-02-01 11:31:11.206,/benchmark3,0.0,cpu,1,b56c7a1e321c4581d02a9de890abf570bd93c969,0.0,69.54572774602578
3191,2023-02-01 11:31:11.206,/benchmark2,35.5361818142919,cpu,1,b56c7a1e321c4581d02a9de890abf570bd93c969,0.499998962887606,70.30911781404099
3192,2023-02-01 11:31:11.206,rapl,12.636215209960938,dram,0,RAPL_ENERGY_DRAM,1.0,0.0
3193,2023-02-01 11:31:11.206,global,12.461949157714844,dram,0,78b0a292a97c15df67fefab7e0af9a601bf982d3,1.0,12.461949157714844
3194,2023-02-01 11:31:11.206,/benchmark1,0.0,dram,0,78b0a292a97c15df67fefab7e0af9a601bf982d3,0.0,12.461949157714844
3195,2023-02-01 11:31:11.206,/benchmark4,0.0,dram,0,78b0a292a97c15df67fefab7e0af9a601bf982d3,0.0,12.461949157714844
3196,2023-02-01 11:31:11.206,/benchmark3,0.0,dram,0,78b0a292a97c15df67fefab7e0af9a601bf982d3,0.0,12.461949157714844
3197,2023-02-01 11:31:11.206,/benchmark2,0.0,dram,0,78b0a292a97c15df67fefab7e0af9a601bf982d3,0.0,12.461949157714844
3198,2023-02-01 11:31:11.206,rapl,13.06573486328125,dram,1,RAPL_ENERGY_DRAM,1.0,0.0
3199,2023-02-01 11:31:11.206,global,12.807187906901042,dram,1,e338ce15d13d6313503924a6d20075a34370f3ae,1.0,12.807187906901042
3200,2023-02-01 11:31:11.206,/benchmark1,0.0,dram,1,e338ce15d13d6313503924a6d20075a34370f3ae,0.0,12.807187906901042
3201,2023-02-01 11:31:11.206,/benchmark4,0.0,dram,1,e338ce15d13d6313503924a6d20075a34370f3ae,0.0,12.807187906901042
3202,2023-02-01 11:31:11.206,/benchmark3,0.0,dram,1,e338ce15d13d6313503924a6d20075a34370f3ae,0.0,12.807187906901042
3203,2023-02-01 11:31:11.206,/benchmark2,0.0,dram,1,e338ce15d13d6313503924a6d20075a34370f3ae,0.0,12.807187906901042
3204,2023-02-01 11:31:12.206,rapl,72.01409912109375,cpu,0,RAPL_ENERGY_PKG,1.0,0.0
3205,2023-02-01 11:31:12.206,global,72.36405821523103,cpu,0,e46328d77e9f35f861af016694c2714cafb866e6,1.0,72.36405821523103
3206,2023-02-01 11:31:12.206,/benchmark1,36.1820601043899,cpu,0,e46328d77e9f35f861af016694c2714cafb866e6,0.5000004283448877,71.45398754341585
3207,2023-02-01 11:31:12.206,/benchmark4,0.0,cpu,0,e46328d77e9f35f861af016694c2714cafb866e6,0.0,70.54391531230286
3208,2023-02-01 11:31:12.206,/benchmark3,36.18199811084113,cpu,0,e46328d77e9f35f861af016694c2714cafb866e6,0.4999995716551124,71.45398598411803
3209,2023-02-01 11:31:12.206,/benchmark2,0.0,cpu,0,e46328d77e9f35f861af016694c2714cafb866e6,0.0,70.54391531230286
3210,2023-02-01 11:31:12.206,rapl,70.74896240234375,cpu,1,RAPL_ENERGY_PKG,1.0,0.0
3211,2023-02-01 11:31:12.206,global,71.07253040217378,cpu,1,b56c7a1e321c4581d02a9de890abf570bd93c969,1.0,71.07253040217378
3212,2023-02-01 11:31:12.206,/benchmark1,0.0,cpu,1,b56c7a1e321c4581d02a9de890abf570bd93c969,0.0,69.54572774602578
3213,2023-02-01 11:31:12.206,/benchmark4,35.5362951120885,cpu,1,b56c7a1e321c4581d02a9de890abf570bd93c969,0.5000004208517896,70.30912971665741
3214,2023-02-01 11:31:12.206,/benchmark3,0.0,cpu,1,b56c7a1e321c4581d02a9de890abf570bd93c969,0.0,69.54572774602578
3215,2023-02-01 11:31:12.206,/benchmark2,35.53623529008528,cpu,1,b56c7a1e321c4581d02a9de890abf570bd93c969,0.4999995791482104,70.30912843154215
3216,2023-02-01 11:31:12.206,rapl,12.672088623046875,dram,0,RAPL_ENERGY_DRAM,1.0,0.0
3217,2023-02-01 11:31:12.206,global,12.461949157714844,dram,0,78b0a292a97c15df67fefab7e0af9a601bf982d3,1.0,12.461949157714844
3218,2023-02-01 11:31:12.206,/benchmark1,0.0,dram,0,78b0a292a97c15df67fefab7e0af9a601bf982d3,0.0,12.461949157714844
3219,2023-02-01 11:31:12.206,/benchmark4,0.0,dram,0,78b0a292a97c15df67fefab7e0af9a601bf982d3,0.0,12.461949157714844
3220,2023-02-01 11:31:12.206,/benchmark3,0.0,dram,0,78b0a292a97c15df67fefab7e0af9a601bf982d3,0.0,12.461949157714844
3221,2023-02-01 11:31:12.206,/benchmark2,0.0,dram,0,78b0a292a97c15df67fefab7e0af9a601bf982d3,0.0,12.461949157714844
3222,2023-02-01 11:31:12.206,rapl,12.994430541992188,dram,1,RAPL_ENERGY_DRAM,1.0,0.0
3223,2023-02-01 11:31:12.206,global,12.807187906901042,dram,1,e338ce15d13d6313503924a6d20075a34370f3ae,1.0,12.807187906901042
3224,2023-02-01 11:31:12.206,/benchmark1,0.0,dram,1,e338ce15d13d6313503924a6d20075a34370f3ae,0.0,12.807187906901042
3225,2023-02-01 11:31:12.206,/benchmark4,0.0,dram,1,e338ce15d13d6313503924a6d20075a34370f3ae,0.0,12.807187906901042
3226,2023-02-01 11:31:12.206,/benchmark3,0.0,dram,1,e338ce15d13d6313503924a6d20075a34370f3ae,0.0,12.807187906901042
3227,2023-02-01 11:31:12.206,/benchmark2,0.0,dram,1,e338ce15d13d6313503924a6d20075a34370f3ae,0.0,12.807187906901042
3228,2023-02-01 11:31:13.206,rapl,71.97210693359375,cpu,0,RAPL_ENERGY_PKG,1.0,0.0
3229,2023-02-01 11:31:13.206,global,72.36405661937799,cpu,0,e46328d77e9f35f861af016694c2714cafb866e6,1.0,72.36405661937799
3230,2023-02-01 11:31:13.206,/benchmark1,36.182010543018286,cpu,0,e46328d77e9f35f861af016694c2714cafb866e6,0.499999754482107,71.45398551896317
3231,2023-02-01 11:31:13.206,/benchmark4,0.0,cpu,0,e46328d77e9f35f861af016694c2714cafb866e6,0.0,70.54391531230286
3232,2023-02-01 11:31:13.206,/benchmark3,36.182046076359704,cpu,0,e46328d77e9f35f861af016694c2714cafb866e6,0.500000245517893,71.45398641271768
3233,2023-02-01 11:31:13.206,/benchmark2,0.0,cpu,0,e46328d77e9f35f861af016694c2714cafb866e6,0.0,70.54391531230286
3234,2023-02-01 11:31:13.206,rapl,70.69952392578125,cpu,1,RAPL_ENERGY_PKG,1.0,0.0
3235,2023-02-01 11:31:13.206,global,71.07253063165804,cpu,1,b56c7a1e321c4581d02a9de890abf570bd93c969,1.0,71.07253063165804
3236,2023-02-01 11:31:13.206,/benchmark1,0.0,cpu,1,b56c7a1e321c4581d02a9de890abf570bd93c969,0.0,69.54572774602578
3237,2023-02-01 11:31:13.206,/benchmark4,35.536328698669685,cpu,1,b56c7a1e321c4581d02a9de890abf570bd93c969,0.5000008918050349,70.30913055045241
3238,2023-02-01 11:31:13.206,/benchmark3,0.0,cpu,1,b56c7a1e321c4581d02a9de890abf570bd93c969,0.0,69.54572774602578
3239,2023-02-01 11:31:13.206,/benchmark2,35.536201932987694,cpu,1,b56c7a1e321c4581d02a9de890abf570bd93c969,0.49999910819495574,70.30912782723139
3240,2023-02-01 11:31:13.206,rapl,12.644149780273438,dram,0,RAPL_ENERGY_DRAM,1.0,0.0
3241,2023-02-01 11:31:13.206,global,12.461949157714844,dram,0,78b0a292a97c15df67fefab7e0af9a601bf982d3,1.0,12.461949157714844
3242,2023-02-01 11:31:13.206,/benchmark1,0.0,dram,0,78b0a292a97c15df67fefab7e0af9a601bf982d3,0.0,12.461949157714844
3243,2023-02-01 11:31:13.206,/benchmark4,0.0,dram,0,78b0a292a97c15df67fefab7e0af9a601bf982d3,0.0,12.461949157714844
3244,2023-02-01 11:31:13.206,/benchmark3,0.0,dram,0,78b0a292a97c15df67fefab7e0af9a601bf982d3,0.0,12.461949157714844
3245,2023-02-01 11:31:13.206,/benchmark2,0.0,dram,0,78b0a292a97c15df67fefab7e0af9a601bf982d3,0.0,12.461949157714844
3246,2023-02-01 11:31:13.206,rapl,13.052749633789062,dram,1,RAPL_ENERGY_DRAM,1.0,0.0
3247,2023-02-01 11:31:13.206,global,12.807187906901042,dram,1,e338ce15d13d6313503924a6d20075a34370f3ae,1.0,12.807187906901042
3248,2023-02-01 11:31:13.206,/benchmark1,0.0,dram,1,e338ce15d13d6313503924a6d20075a34370f3ae,0.0,12.807187906901042
3249,2023-02-01 11:31:13.206,/benchmark4,0.0,dram,1,e338ce15d13d6313503924a6d20075a34370f3ae,0.0,12.807187906901042
3250,2023-02-01 11:31:13.206,/benchmark3,0.0,dram,1,e338ce15d13d6313503924a6d20075a34370f3ae,0.0,12.807187906901042
3251,2023-02-01 11:31:13.206,/benchmark2,0.0,dram,1,e338ce15d13d6313503924a6d20075a34370f3ae,0.0,12.807187906901042
3252,2023-02-01 11:31:14.206,rapl,72.01507568359375,cpu,0,RAPL_ENERGY_PKG,1.0,0.0
3253,2023-02-01 11:31:14.206,global,72.36404156365424,cpu,0,e46328d77e9f35f861af016694c2714cafb866e6,1.0,72.36404156365424
3254,2023-02-01 11:31:14.206,/benchmark1,36.18198180542561,cpu,0,e46328d77e9f35f861af016694c2714cafb866e6,0.4999994613844021,71.45397745763016
3255,2023-02-01 11:31:14.206,/benchmark4,0.0,cpu,0,e46328d77e9f35f861af016694c2714cafb866e6,0.0,70.54391531230286
3256,2023-02-01 11:31:14.206,/benchmark3,36.18205975822863,cpu,0,e46328d77e9f35f861af016694c2714cafb866e6,0.5000005386155979,71.45397941832694
3257,2023-02-01 11:31:14.206,/benchmark2,0.0,cpu,0,e46328d77e9f35f861af016694c2714cafb866e6,0.0,70.54391531230286
3258,2023-02-01 11:31:14.206,rapl,70.64666748046875,cpu,1,RAPL_ENERGY_PKG,1.0,0.0
3259,2023-02-01 11:31:14.206,global,71.07251960873512,cpu,1,b56c7a1e321c4581d02a9de890abf570bd93c969,1.0,71.07251960873512
3260,2023-02-01 11:31:14.206,/benchmark1,0.0,cpu,1,b56c7a1e321c4581d02a9de890abf570bd93c969,0.0,69.54572774602578
3261,2023-02-01 11:31:14.206,/benchmark4,35.53619339435987,cpu,1,b56c7a1e321c4581d02a9de890abf570bd93c969,0.4999990656021757,70.30912225074945
3262,2023-02-01 11:31:14.206,/benchmark3,0.0,cpu,1,b56c7a1e321c4581d02a9de890abf570bd93c969,0.0,69.54572774602578
3263,2023-02-01 11:31:14.206,/benchmark2,35.536326214375904,cpu,1,b56c7a1e321c4581d02a9de890abf570bd93c969,0.5000009343978336,70.30912510401146
3264,2023-02-01 11:31:14.206,rapl,12.724822998046875,dram,0,RAPL_ENERGY_DRAM,1.0,0.0
3265,2023-02-01 11:31:14.206,global,12.461949157714844,dram,0,78b0a292a97c15df67fefab7e0af9a601bf982d3,1.0,12.461949157714844
3266,2023-02-01 11:31:14.206,/benchmark1,0.0,dram,0,78b0a292a97c15df67fefab7e0af9a601bf982d3,0.0,12.461949157714844
3267,2023-02-01 11:31:14.206,/benchmark4,0.0,dram,0,78b0a292a97c15df67fefab7e0af9a601bf982d3,0.0,12.461949157714844
3268,2023-02-01 11:31:14.206,/benchmark3,0.0,dram,0,78b0a292a97c15df67fefab7e0af9a601bf982d3,0.0,12.461949157714844
3269,2023-02-01 11:31:14.206,/benchmark2,0.0,dram,0,78b0a292a97c15df67fefab7e0af9a601bf982d3,0.0,12.461949157714844
3270,2023-02-01 11:31:14.206,rapl,12.998367309570312,dram,1,RAPL_ENERGY_DRAM,1.0,0.0
3271,2023-02-01 11:31:14.206,global,12.807187906901042,dram,1,e338ce15d13d6313503924a6d20075a34370f3ae,1.0,12.807187906901042
3272,2023-02-01 11:31:14.206,/benchmark1,0.0,dram,1,e338ce15d13d6313503924a6d20075a34370f3ae,0.0,12.807187906901042
3273,2023-02-01 11:31:14.206,/benchmark4,0.0,dram,1,e338ce15d13d6313503924a6d20075a34370f3ae,0.0,12.807187906901042
3274,2023-02-01 11:31:14.206,/benchmark3,0.0,dram,1,e338ce15d13d6313503924a6d20075a34370f3ae,0.0,12.807187906901042
3275,2023-02-01 11:31:14.206,/benchmark2,0.0,dram,1,e338ce15d13d6313503924a6d20075a34370f3ae,0.0,12.807187906901042
3276,2023-02-01 11:31:15.207,rapl,72.06134033203125,cpu,0,RAPL_ENERGY_PKG,1.0,0.0
3277,2023-02-01 11:31:15.207,global,72.36405310850465,cpu,0,e46328d77e9f35f861af016694c2714cafb866e6,1.0,72.36405310850465
3278,2023-02-01 11:31:15.207,/benchmark1,36.18207531629438,cpu,0,e46328d77e9f35f861af016694c2714cafb866e6,0.5000006738434342,71.45398543689166
3279,2023-02-01 11:31:15.207,/benchmark4,0.0,cpu,0,e46328d77e9f35f861af016694c2714cafb866e6,0.0,70.54391531230286
3280,2023-02-01 11:31:15.207,/benchmark3,36.18197779221027,cpu,0,e46328d77e9f35f861af016694c2714cafb866e6,0.49999932615656584,71.45398298391585
3281,2023-02-01 11:31:15.207,/benchmark2,0.0,cpu,0,e46328d77e9f35f861af016694c2714cafb866e6,0.0,70.54391531230286
3282,2023-02-01 11:31:15.207,rapl,70.69818115234375,cpu,1,RAPL_ENERGY_PKG,1.0,0.0
3283,2023-02-01 11:31:15.207,global,71.07252347937923,cpu,1,b56c7a1e321c4581d02a9de890abf570bd93c969,1.0,71.07252347937923
3284,2023-02-01 11:31:15.207,/benchmark1,0.0,cpu,1,b56c7a1e321c4581d02a9de890abf570bd93c969,0.0,69.54572774602578
3285,2023-02-01 11:31:15.207,/benchmark4,35.5362911167009,cpu,1,b56c7a1e321c4581d02a9de890abf570bd93c969,0.5000004133385146,70.30912624378598
3286,2023-02-01 11:31:15.207,/benchmark3,0.0,cpu,1,b56c7a1e321c4581d02a9de890abf570bd93c969,0.0,69.54572774602578
3287,2023-02-01 11:31:15.207,/benchmark2,35.53623236267833,cpu,1,b56c7a1e321c4581d02a9de890abf570bd93c969,0.49999958666148536,70.30912498161902
3288,2023-02-01 11:31:15.207,rapl,12.614730834960938,dram,0,RAPL_ENERGY_DRAM,1.0,0.0
3289,2023-02-01 11:31:15.207,global,12.461949157714844,dram,0,78b0a292a97c15df67fefab7e0af9a601bf982d3,1.0,12.461949157714844
3290,2023-02-01 11:31:15.207,/benchmark1,0.0,dram,0,78b0a292a97c15df67fefab7e0af9a601bf982d3,0.0,12.461949157714844
3291,2023-02-01 11:31:15.207,/benchmark4,0.0,dram,0,78b0a292a97c15df67fefab7e0af9a601bf982d3,0.0,12.461949157714844
3292,2023-02-01 11:31:15.207,/benchmark3,0.0,dram,0,78b0a292a97c15df67fefab7e0af9a601bf982d3,0.0,12.461949157714844
3293,2023-02-01 11:31:15.207,/benchmark2,0.0,dram,0,78b0a292a97c15df67fefab7e0af9a601bf982d3,0.0,12.461949157714844
3294,2023-02-01 11:31:15.207,rapl,13.0406494140625,dram,1,RAPL_ENERGY_DRAM,1.0,0.0
3295,2023-02-01 11:31:15.207,global,12.807187906901042,dram,1,e338ce15d13d6313503924a6d20075a34370f3ae,1.0,12.807187906901042
3296,2023-02-01 11:31:15.207,/benchmark1,0.0,dram,1,e338ce15d13d6313503924a6d20075a34370f3ae,0.0,12.807187906901042
3297,2023-02-01 11:31:15.207,/benchmark4,0.0,dram,1,e338ce15d13d6313503924a6d20075a34370f3ae,0.0,12.807187906901042
3298,2023-02-01 11:31:15.207,/benchmark3,0.0,dram,1,e338ce15d13d6313503924a6d20075a34370f3ae,0.0,12.807187906901042
3299,2023-02-01 11:31:15.207,/benchmark2,0.0,dram,1,e338ce15d13d6313503924a6d20075a34370f3ae,0.0,12.807187906901042
3300,2023-02-01 11:31:16.207,rapl,72.09906005859375,cpu,0,RAPL_ENERGY_PKG,1.0,0.0
3301,2023-02-01 11:31:16.207,global,72.36405945543713,cpu,0,e46328d77e9f35f861af016694c2714cafb866e6,1.0,72.36405945543713
3302,2023-02-01 11:31:16.207,/benchmark1,36.1820059789508,cpu,0,e46328d77e9f35f861af016694c2714cafb866e6,0.49999967181542954,71.45398678652677
3303,2023-02-01 11:31:16.207,/benchmark4,0.0,cpu,0,e46328d77e9f35f861af016694c2714cafb866e6,0.0,70.54391531230286
3304,2023-02-01 11:31:16.207,/benchmark3,36.18205347648633,cpu,0,e46328d77e9f35f861af016694c2714cafb866e6,0.5000003281845704,71.45398798121322
3305,2023-02-01 11:31:16.207,/benchmark2,0.0,cpu,0,e46328d77e9f35f861af016694c2714cafb866e6,0.0,70.54391531230286
3306,2023-02-01 11:31:16.207,rapl,70.73052978515625,cpu,1,RAPL_ENERGY_PKG,1.0,0.0
3307,2023-02-01 11:31:16.207,global,71.07253242929045,cpu,1,b56c7a1e321c4581d02a9de890abf570bd93c969,1.0,71.07253242929045
3308,2023-02-01 11:31:16.207,/benchmark1,0.0,cpu,1,b56c7a1e321c4581d02a9de890abf570bd93c969,0.0,69.54572774602578
3309,2023-02-01 11:31:16.207,/benchmark4,35.53626746093838,cpu,1,b56c7a1e321c4581d02a9de890abf570bd93c969,0.5000000175355108,70.30913011443141
3310,2023-02-01 11:31:16.207,/benchmark3,0.0,cpu,1,b56c7a1e321c4581d02a9de890abf570bd93c969,0.0,69.54572774602578
3311,2023-02-01 11:31:16.207,/benchmark2,35.536264968352064,cpu,1,b56c7a1e321c4581d02a9de890abf570bd93c969,0.4999999824644892,70.30913006088481
3312,2023-02-01 11:31:16.207,rapl,12.640228271484375,dram,0,RAPL_ENERGY_DRAM,1.0,0.0
3313,2023-02-01 11:31:16.207,global,12.461949157714844,dram,0,78b0a292a97c15df67fefab7e0af9a601bf982d3,1.0,12.461949157714844
3314,2023-02-01 11:31:16.207,/benchmark1,0.0,dram,0,78b0a292a97c15df67fefab7e0af9a601bf982d3,0.0,12.461949157714844
3315,2023-02-01 11:31:16.207,/benchmark4,0.0,dram,0,78b0a292a97c15df67fefab7e0af9a601bf982d3,0.0,12.461949157714844
3316,2023-02-01 11:31:16.207,/benchmark3,0.0,dram,0,78b0a292a97c15df67fefab7e0af9a601bf982d3,0.0,12.461949157714844
3317,2023-02-01 11:31:16.207,/benchmark2,0.0,dram,0,78b0a292a97c15df67fefab7e0af9a601bf982d3,0.0,12.461949157714844
3318,2023-02-01 11:31:16.207,rapl,13.006118774414062,dram,1,RAPL_ENERGY_DRAM,1.0,0.0
3319,2023-02-01 11:31:16.207,global,12.807187906901042,dram,1,e338ce15d13d6313503924a6d20075a34370f3ae,1.0,12.807187906901042
3320,2023-02-01 11:31:16.207,/benchmark1,0.0,dram,1,e338ce15d13d6313503924a6d20075a34370f3ae,0.0,12.807187906901042
3321,2023-02-01 11:31:16.207,/benchmark4,0.0,dram,1,e338ce15d13d6313503924a6d20075a34370f3ae,0.0,12.807187906901042
3322,2023-02-01 11:31:16.207,/benchmark3,0.0,dram,1,e338ce15d13d6313503924a6d20075a34370f3ae,0.0,12.807187906901042
3323,2023-02-01 11:31:16.207,/benchmark2,0.0,dram,1,e338ce15d13d6313503924a6d20075a34370f3ae,0.0,12.807187906901042
3324,2023-02-01 11:31:17.207,rapl,72.0450439453125,cpu,0,RAPL_ENERGY_PKG,1.0,0.0
3325,2023-02-01 11:31:17.207,global,72.36401880223977,cpu,0,e46328d77e9f35f861af016694c2714cafb866e6,1.0,72.36401880223977
3326,2023-02-01 11:31:17.207,/benchmark1,36.182391357753474,cpu,0,e46328d77e9f35f861af016694c2714cafb866e6,0.5000052782672924,71.45397666426403
3327,2023-02-01 11:31:17.207,/benchmark4,0.0,cpu,0,e46328d77e9f35f861af016694c2714cafb866e6,0.0,70.54391531230286
3328,2023-02-01 11:31:17.207,/benchmark3,36.1816274444863,cpu,0,e46328d77e9f35f861af016694c2714cafb866e6,0.4999947217327077,71.4539574502786
3329,2023-02-01 11:31:17.207,/benchmark2,0.0,cpu,0,e46328d77e9f35f861af016694c2714cafb866e6,0.0,70.54391531230286
3330,2023-02-01 11:31:17.207,rapl,70.7813720703125,cpu,1,RAPL_ENERGY_PKG,1.0,0.0
3331,2023-02-01 11:31:17.207,global,71.07247487447982,cpu,1,b56c7a1e321c4581d02a9de890abf570bd93c969,1.0,71.07247487447982
3332,2023-02-01 11:31:17.207,/benchmark1,0.0,cpu,1,b56c7a1e321c4581d02a9de890abf570bd93c969,0.0,69.54572774602578
3333,2023-02-01 11:31:17.207,/benchmark4,35.53664997452559,cpu,1,b56c7a1e321c4581d02a9de890abf570bd93c969,0.5000058044592707,70.30911017219432
3334,2023-02-01 11:31:17.207,/benchmark3,0.0,cpu,1,b56c7a1e321c4581d02a9de890abf570bd93c969,0.0,69.54572774602578
3335,2023-02-01 11:31:17.207,/benchmark2,35.535824899954235,cpu,1,b56c7a1e321c4581d02a9de890abf570bd93c969,0.4999941955407293,70.30909244831128
3336,2023-02-01 11:31:17.207,rapl,12.631759643554688,dram,0,RAPL_ENERGY_DRAM,1.0,0.0
3337,2023-02-01 11:31:17.207,global,12.461949157714844,dram,0,78b0a292a97c15df67fefab7e0af9a601bf982d3,1.0,12.461949157714844
3338,2023-02-01 11:31:17.207,/benchmark1,0.0,dram,0,78b0a292a97c15df67fefab7e0af9a601bf982d3,0.0,12.461949157714844
3339,2023-02-01 11:31:17.207,/benchmark4,0.0,dram,0,78b0a292a97c15df67fefab7e0af9a601bf982d3,0.0,12.461949157714844
3340,2023-02-01 11:31:17.207,/benchmark3,0.0,dram,0,78b0a292a97c15df67fefab7e0af9a601bf982d3,0.0,12.461949157714844
3341,2023-02-01 11:31:17.207,/benchmark2,0.0,dram,0,78b0a292a97c15df67fefab7e0af9a601bf982d3,0.0,12.461949157714844
3342,2023-02-01 11:31:17.207,rapl,13.0179443359375,dram,1,RAPL_ENERGY_DRAM,1.0,0.0
3343,2023-02-01 11:31:17.207,global,12.807187906901042,dram,1,e338ce15d13d6313503924a6d20075a34370f3ae,1.0,12.807187906901042
3344,2023-02-01 11:31:17.207,/benchmark1,0.0,dram,1,e338ce15d13d6313503924a6d20075a34370f3ae,0.0,12.807187906901042
3345,2023-02-01 11:31:17.207,/benchmark4,0.0,dram,1,e338ce15d13d6313503924a6d20075a34370f3ae,0.0,12.807187906901042
3346,2023-02-01 11:31:17.207,/benchmark3,0.0,dram,1,e338ce15d13d6313503924a6d20075a34370f3ae,0.0,12.807187906901042
3347,2023-02-01 11:31:17.207,/benchmark2,0.0,dram,1,e338ce15d13d6313503924a6d20075a34370f3ae,0.0,12.807187906901042
3348,2023-02-01 11:31:18.207,rapl,72.0419921875,cpu,0,RAPL_ENERGY_PKG,1.0,0.0
3349,2023-02-01 11:31:18.207,global,72.36402814025386,cpu,0,e46328d77e9f35f861af016694c2714cafb866e6,1.0,72.36402814025386
3350,2023-02-01 11:31:18.207,/benchmark1,36.18196820484196,cpu,0,e46328d77e9f35f861af016694c2714cafb866e6,0.49999936618667934,71.4539705726666
3351,2023-02-01 11:31:18.207,/benchmark4,0.0,cpu,0,e46328d77e9f35f861af016694c2714cafb866e6,0.0,70.54391531230286
3352,2023-02-01 11:31:18.207,/benchmark3,36.1820599354119,cpu,0,e46328d77e9f35f861af016694c2714cafb866e6,0.5000006338133206,71.45397287989012
3353,2023-02-01 11:31:18.207,/benchmark2,0.0,cpu,0,e46328d77e9f35f861af016694c2714cafb866e6,0.0,70.54391531230286
3354,2023-02-01 11:31:18.207,rapl,70.76788330078125,cpu,1,RAPL_ENERGY_PKG,1.0,0.0
3355,2023-02-01 11:31:18.207,global,71.07250759902529,cpu,1,b56c7a1e321c4581d02a9de890abf570bd93c969,1.0,71.07250759902529
3356,2023-02-01 11:31:18.207,/benchmark1,0.0,cpu,1,b56c7a1e321c4581d02a9de890abf570bd93c969,0.0,69.54572774602578
3357,2023-02-01 11:31:18.207,/benchmark4,35.536178842865176,cpu,1,b56c7a1e321c4581d02a9de890abf570bd93c969,0.4999989453496155,70.30911606230657
3358,2023-02-01 11:31:18.207,/benchmark3,0.0,cpu,1,b56c7a1e321c4581d02a9de890abf570bd93c969,0.0,69.54572774602578
3359,2023-02-01 11:31:18.207,/benchmark2,35.536328756159456,cpu,1,b56c7a1e321c4581d02a9de890abf570bd93c969,0.5000010546503753,70.30911928274448
3360,2023-02-01 11:31:18.207,rapl,12.572479248046875,dram,0,RAPL_ENERGY_DRAM,1.0,0.0
3361,2023-02-01 11:31:18.207,global,12.461949157714844,dram,0,78b0a292a97c15df67fefab7e0af9a601bf982d3,1.0,12.461949157714844
3362,2023-02-01 11:31:18.207,/benchmark1,0.0,dram,0,78b0a292a97c15df67fefab7e0af9a601bf982d3,0.0,12.461949157714844
3363,2023-02-01 11:31:18.207,/benchmark4,0.0,dram,0,78b0a292a97c15df67fefab7e0af9a601bf982d3,0.0,12.461949157714844
3364,2023-02-01 11:31:18.207,/benchmark3,0.0,dram,0,78b0a292a97c15df67fefab7e0af9a601bf982d3,0.0,12.461949157714844
3365,2023-02-01 11:31:18.207,/benchmark2,0.0,dram,0,78b0a292a97c15df67fefab7e0af9a601bf982d3,0.0,12.461949157714844
3366,2023-02-01 11:31:18.207,rapl,12.990020751953125,dram,1,RAPL_ENERGY_DRAM,1.0,0.0
3367,2023-02-01 11:31:18.207,global,12.807187906901042,dram,1,e338ce15d13d6313503924a6d20075a34370f3ae,1.0,12.807187906901042
3368,2023-02-01 11:31:18.207,/benchmark1,0.0,dram,1,e338ce15d13d6313503924a6d20075a34370f3ae,0.0,12.807187906901042
3369,2023-02-01 11:31:18.207,/benchmark4,0.0,dram,1,e338ce15d13d6313503924a6d20075a34370f3ae,0.0,12.807187906901042
3370,2023-02-01 11:31:18.207,/benchmark3,0.0,dram,1,e338ce15d13d6313503924a6d20075a34370f3ae,0.0,12.807187906901042
3371,2023-02-01 11:31:18.207,/benchmark2,0.0,dram,1,e338ce15d13d6313503924a6d20075a34370f3ae,0.0,12.807187906901042
3372,2023-02-01 11:31:19.207,rapl,72.1025390625,cpu,0,RAPL_ENERGY_PKG,1.0,0.0
3373,2023-02-01 11:31:19.207,global,72.36404362458073,cpu,0,e46328d77e9f35f861af016694c2714cafb866e6,1.0,72.36404362458073
3374,2023-02-01 11:31:19.207,/benchmark1,36.18204302029568,cpu,0,e46328d77e9f35f861af016694c2714cafb866e6,0.5000002930738009,71.45398000187372
3375,2023-02-01 11:31:19.207,/benchmark4,0.0,cpu,0,e46328d77e9f35f861af016694c2714cafb866e6,0.0,70.54391531230286
3376,2023-02-01 11:31:19.207,/benchmark3,36.18200060428505,cpu,0,e46328d77e9f35f861af016694c2714cafb866e6,0.4999997069261991,71.45397893500987
3377,2023-02-01 11:31:19.207,/benchmark2,0.0,cpu,0,e46328d77e9f35f861af016694c2714cafb866e6,0.0,70.54391531230286
3378,2023-02-01 11:31:19.207,rapl,70.822998046875,cpu,1,RAPL_ENERGY_PKG,1.0,0.0
3379,2023-02-01 11:31:19.207,global,71.07251922625925,cpu,1,b56c7a1e321c4581d02a9de890abf570bd93c969,1.0,71.07251922625925
3380,2023-02-01 11:31:19.207,/benchmark1,0.0,cpu,1,b56c7a1e321c4581d02a9de890abf570bd93c969,0.0,69.54572774602578
3381,2023-02-01 11:31:19.207,/benchmark4,35.536250889023854,cpu,1,b56c7a1e321c4581d02a9de890abf570bd93c969,0.49999987725064676,70.30912329872984
3382,2023-02-01 11:31:19.207,/benchmark3,0.0,cpu,1,b56c7a1e321c4581d02a9de890abf570bd93c969,0.0,69.54572774602578
3383,2023-02-01 11:31:19.207,/benchmark2,35.53626833723473,cpu,1,b56c7a1e321c4581d02a9de890abf570bd93c969,0.5000001227493439,70.30912367355516
3384,2023-02-01 11:31:19.207,rapl,12.7548828125,dram,0,RAPL_ENERGY_DRAM,1.0,0.0
3385,2023-02-01 11:31:19.207,global,12.461949157714844,dram,0,78b0a292a97c15df67fefab7e0af9a601bf982d3,1.0,12.461949157714844
3386,2023-02-01 11:31:19.207,/benchmark1,0.0,dram,0,78b0a292a97c15df67fefab7e0af9a601bf982d3,0.0,12.461949157714844
3387,2023-02-01 11:31:19.207,/benchmark4,0.0,dram,0,78b0a292a97c15df67fefab7e0af9a601bf982d3,0.0,12.461949157714844
3388,2023-02-01 11:31:19.207,/benchmark3,0.0,dram,0,78b0a292a97c15df67fefab7e0af9a601bf982d3,0.0,12.461949157714844
3389,2023-02-01 11:31:19.207,/benchmark2,0.0,dram,0,78b0a292a97c15df67fefab7e0af9a601bf982d3,0.0,12.461949157714844
3390,2023-02-01 11:31:19.207,rapl,13.04266357421875,dram,1,RAPL_ENERGY_DRAM,1.0,0.0
3391,2023-02-01 11:31:19.207,global,12.807187906901042,dram,1,e338ce15d13d6313503924a6d20075a34370f3ae,1.0,12.807187906901042
3392,2023-02-01 11:31:19.207,/benchmark1,0.0,dram,1,e338ce15d13d6313503924a6d20075a34370f3ae,0.0,12.807187906901042
3393,2023-02-01 11:31:19.207,/benchmark4,0.0,dram,1,e338ce15d13d6313503924a6d20075a34370f3ae,0.0,12.807187906901042
3394,2023-02-01 11:31:19.207,/benchmark3,0.0,dram,1,e338ce15d13d6313503924a6d20075a34370f3ae,0.0,12.807187906901042
3395,2023-02-01 11:31:19.207,/benchmark2,0.0,dram,1,e338ce15d13d6313503924a6d20075a34370f3ae,0.0,12.807187906901042
3396,2023-02-01 11:31:20.208,rapl,72.158447265625,cpu,0,RAPL_ENERGY_PKG,1.0,0.0
3397,2023-02-01 11:31:20.208,global,72.36407788525392,cpu,0,e46328d77e9f35f861af016694c2714cafb866e6,1.0,72.36407788525392
3398,2023-02-01 11:31:20.208,/benchmark1,36.18168726790112,cpu,0,e46328d77e9f35f861af016694c2714cafb866e6,0.4999951402030383,71.45398775315785
3399,2023-02-01 11:31:20.208,/benchmark4,0.0,cpu,0,e46328d77e9f35f861af016694c2714cafb866e6,0.0,70.54391531230286
3400,2023-02-01 11:31:20.208,/benchmark3,36.18239061735281,cpu,0,e46328d77e9f35f861af016694c2714cafb866e6,0.5000048597969617,71.45400544439893
3401,2023-02-01 11:31:20.208,/benchmark2,0.0,cpu,0,e46328d77e9f35f861af016694c2714cafb866e6,0.0,70.54391531230286
3402,2023-02-01 11:31:20.208,rapl,70.75640869140625,cpu,1,RAPL_ENERGY_PKG,1.0,0.0
3403,2023-02-01 11:31:20.208,global,71.07257055438023,cpu,1,b56c7a1e321c4581d02a9de890abf570bd93c969,1.0,71.07257055438023
3404,2023-02-01 11:31:20.208,/benchmark1,0.0,cpu,1,b56c7a1e321c4581d02a9de890abf570bd93c969,0.0,69.54572774602578
3405,2023-02-01 11:31:20.208,/benchmark4,35.53593970715676,cpu,1,b56c7a1e321c4581d02a9de890abf570bd93c969,0.4999951377861999,70.30914172636683
3406,2023-02-01 11:31:20.208,/benchmark3,0.0,cpu,1,b56c7a1e321c4581d02a9de890abf570bd93c969,0.0,69.54572774602578
3407,2023-02-01 11:31:20.208,/benchmark2,35.53663084722282,cpu,1,b56c7a1e321c4581d02a9de890abf570bd93c969,0.5000048622137908,70.30915657403916
3408,2023-02-01 11:31:20.208,rapl,12.642486572265625,dram,0,RAPL_ENERGY_DRAM,1.0,0.0
3409,2023-02-01 11:31:20.208,global,12.461949157714844,dram,0,78b0a292a97c15df67fefab7e0af9a601bf982d3,1.0,12.461949157714844
3410,2023-02-01 11:31:20.208,/benchmark1,0.0,dram,0,78b0a292a97c15df67fefab7e0af9a601bf982d3,0.0,12.461949157714844
3411,2023-02-01 11:31:20.208,/benchmark4,0.0,dram,0,78b0a292a97c15df67fefab7e0af9a601bf982d3,0.0,12.461949157714844
3412,2023-02-01 11:31:20.208,/benchmark3,0.0,dram,0,78b0a292a97c15df67fefab7e0af9a601bf982d3,0.0,12.461949157714844
3413,2023-02-01 11:31:20.208,/benchmark2,0.0,dram,0,78b0a292a97c15df67fefab7e0af9a601bf982d3,0.0,12.461949157714844
3414,2023-02-01 11:31:20.208,rapl,13.034271240234375,dram,1,RAPL_ENERGY_DRAM,1.0,0.0
3415,2023-02-01 11:31:20.208,global,12.807187906901042,dram,1,e338ce15d13d6313503924a6d20075a34370f3ae,1.0,12.807187906901042
3416,2023-02-01 11:31:20.208,/benchmark1,0.0,dram,1,e338ce15d13d6313503924a6d20075a34370f3ae,0.0,12.807187906901042
3417,2023-02-01 11:31:20.208,/benchmark4,0.0,dram,1,e338ce15d13d6313503924a6d20075a34370f3ae,0.0,12.807187906901042
3418,2023-02-01 11:31:20.208,/benchmark3,0.0,dram,1,e338ce15d13d6313503924a6d20075a34370f3ae,0.0,12.807187906901042
3419,2023-02-01 11:31:20.208,/benchmark2,0.0,dram,1,e338ce15d13d6313503924a6d20075a34370f3ae,0.0,12.807187906901042
3420,2023-02-01 11:31:21.208,rapl,72.27239990234375,cpu,0,RAPL_ENERGY_PKG,1.0,0.0
3421,2023-02-01 11:31:21.208,global,72.36405586248925,cpu,0,e46328d77e9f35f861af016694c2714cafb866e6,1.0,72.36405586248925
3422,2023-02-01 11:31:21.208,/benchmark1,36.18204805145516,cpu,0,e46328d77e9f35f861af016694c2714cafb866e6,0.5000002780414986,71.45398609347066
3423,2023-02-01 11:31:21.208,/benchmark4,0.0,cpu,0,e46328d77e9f35f861af016694c2714cafb866e6,0.0,70.54391531230286
3424,2023-02-01 11:31:21.208,/benchmark3,36.18200781103409,cpu,0,e46328d77e9f35f861af016694c2714cafb866e6,0.4999997219585014,71.45398508132145
3425,2023-02-01 11:31:21.208,/benchmark2,0.0,cpu,0,e46328d77e9f35f861af016694c2714cafb866e6,0.0,70.54391531230286
3426,2023-02-01 11:31:21.208,rapl,70.76788330078125,cpu,1,RAPL_ENERGY_PKG,1.0,0.0
3427,2023-02-01 11:31:21.208,global,71.07252819911852,cpu,1,b56c7a1e321c4581d02a9de890abf570bd93c969,1.0,71.07252819911852
3428,2023-02-01 11:31:21.208,/benchmark1,0.0,cpu,1,b56c7a1e321c4581d02a9de890abf570bd93c969,0.0,69.54572774602578
3429,2023-02-01 11:31:21.208,/benchmark4,35.53632570207119,cpu,1,b56c7a1e321c4581d02a9de890abf570bd93c969,0.5000008667556015,70.309129295935
3430,2023-02-01 11:31:21.208,/benchmark3,0.0,cpu,1,b56c7a1e321c4581d02a9de890abf570bd93c969,0.0,69.54572774602578
3431,2023-02-01 11:31:21.208,/benchmark2,35.536202497047334,cpu,1,b56c7a1e321c4581d02a9de890abf570bd93c969,0.4999991332443985,70.3091266492093
3432,2023-02-01 11:31:21.208,rapl,12.700363159179688,dram,0,RAPL_ENERGY_DRAM,1.0,0.0
3433,2023-02-01 11:31:21.208,global,12.461949157714844,dram,0,78b0a292a97c15df67fefab7e0af9a601bf982d3,1.0,12.461949157714844
3434,2023-02-01 11:31:21.208,/benchmark1,0.0,dram,0,78b0a292a97c15df67fefab7e0af9a601bf982d3,0.0,12.461949157714844
3435,2023-02-01 11:31:21.208,/benchmark4,0.0,dram,0,78b0a292a97c15df67fefab7e0af9a601bf982d3,0.0,12.461949157714844
3436,2023-02-01 11:31:21.208,/benchmark3,0.0,dram,0,78b0a292a97c15df67fefab7e0af9a601bf982d3,0.0,12.461949157714844
3437,2023-02-01 11:31:21.208,/benchmark2,0.0,dram,0,78b0a292a97c15df67fefab7e0af9a601bf982d3,0.0,12.461949157714844
3438,2023-02-01 11:31:21.208,rapl,13.060745239257812,dram,1,RAPL_ENERGY_DRAM,1.0,0.0
3439,2023-02-01 11:31:21.208,global,12.807187906901042,dram,1,e338ce15d13d6313503924a6d20075a34370f3ae,1.0,12.807187906901042
3440,2023-02-01 11:31:21.208,/benchmark1,0.0,dram,1,e338ce15d13d6313503924a6d20075a34370f3ae,0.0,12.807187906901042
3441,2023-02-01 11:31:21.208,/benchmark4,0.0,dram,1,e338ce15d13d6313503924a6d20075a34370f3ae,0.0,12.807187906901042
3442,2023-02-01 11:31:21.208,/benchmark3,0.0,dram,1,e338ce15d13d6313503924a6d20075a34370f3ae,0.0,12.807187906901042
3443,2023-02-01 11:31:21.208,/benchmark2,0.0,dram,1,e338ce15d13d6313503924a6d20075a34370f3ae,0.0,12.807187906901042
3444,2023-02-01 11:31:22.208,rapl,72.18157958984375,cpu,0,RAPL_ENERGY_PKG,1.0,0.0
3445,2023-02-01 11:31:22.208,global,72.36404111681315,cpu,0,e46328d77e9f35f861af016694c2714cafb866e6,1.0,72.36404111681315
3446,2023-02-01 11:31:22.208,/benchmark1,36.18197016147305,cpu,0,e46328d77e9f35f861af016694c2714cafb866e6,0.49999930356385924,71.45397694695662
3447,2023-02-01 11:31:22.208,/benchmark4,0.0,cpu,0,e46328d77e9f35f861af016694c2714cafb866e6,0.0,70.54391531230286
3448,2023-02-01 11:31:22.208,/benchmark3,36.1820709553401,cpu,0,e46328d77e9f35f861af016694c2714cafb866e6,0.5000006964361408,71.4539794821594
3449,2023-02-01 11:31:22.208,/benchmark2,0.0,cpu,0,e46328d77e9f35f861af016694c2714cafb866e6,0.0,70.54391531230286
3450,2023-02-01 11:31:22.208,rapl,70.8983154296875,cpu,1,RAPL_ENERGY_PKG,1.0,0.0
3451,2023-02-01 11:31:22.208,global,71.07251917271327,cpu,1,b56c7a1e321c4581d02a9de890abf570bd93c969,1.0,71.07251917271327
3452,2023-02-01 11:31:22.208,/benchmark1,0.0,cpu,1,b56c7a1e321c4581d02a9de890abf570bd93c969,0.0,69.54572774602578
3453,2023-02-01 11:31:22.208,/benchmark4,35.53619050568503,cpu,1,b56c7a1e321c4581d02a9de890abf570bd93c969,0.4999990280255658,70.30912197536729
3454,2023-02-01 11:31:22.208,/benchmark3,0.0,cpu,1,b56c7a1e321c4581d02a9de890abf570bd93c969,0.0,69.54572774602578
3455,2023-02-01 11:31:22.208,/benchmark2,35.53632866702824,cpu,1,b56c7a1e321c4581d02a9de890abf570bd93c969,0.5000009719744342,70.30912494337176
3456,2023-02-01 11:31:22.208,rapl,12.671661376953125,dram,0,RAPL_ENERGY_DRAM,1.0,0.0
3457,2023-02-01 11:31:22.208,global,12.461949157714844,dram,0,78b0a292a97c15df67fefab7e0af9a601bf982d3,1.0,12.461949157714844
3458,2023-02-01 11:31:22.208,/benchmark1,0.0,dram,0,78b0a292a97c15df67fefab7e0af9a601bf982d3,0.0,12.461949157714844
3459,2023-02-01 11:31:22.208,/benchmark4,0.0,dram,0,78b0a292a97c15df67fefab7e0af9a601bf982d3,0.0,12.461949157714844
3460,2023-02-01 11:31:22.208,/benchmark3,0.0,dram,0,78b0a292a97c15df67fefab7e0af9a601bf982d3,0.0,12.461949157714844
3461,2023-02-01 11:31:22.208,/benchmark2,0.0,dram,0,78b0a292a97c15df67fefab7e0af9a601bf982d3,0.0,12.461949157714844
3462,2023-02-01 11:31:22.208,rapl,13.097244262695312,dram,1,RAPL_ENERGY_DRAM,1.0,0.0
3463,2023-02-01 11:31:22.208,global,12.807187906901042,dram,1,e338ce15d13d6313503924a6d20075a34370f3ae,1.0,12.807187906901042
3464,2023-02-01 11:31:22.208,/benchmark1,0.0,dram,1,e338ce15d13d6313503924a6d20075a34370f3ae,0.0,12.807187906901042
3465,2023-02-01 11:31:22.208,/benchmark4,0.0,dram,1,e338ce15d13d6313503924a6d20075a34370f3ae,0.0,12.807187906901042
3466,2023-02-01 11:31:22.208,/benchmark3,0.0,dram,1,e338ce15d13d6313503924a6d20075a34370f3ae,0.0,12.807187906901042
3467,2023-02-01 11:31:22.208,/benchmark2,0.0,dram,1,e338ce15d13d6313503924a6d20075a34370f3ae,0.0,12.807187906901042
3468,2023-02-01 11:31:23.208,rapl,72.059814453125,cpu,0,RAPL_ENERGY_PKG,1.0,0.0
3469,2023-02-01 11:31:23.208,global,72.36407361748604,cpu,0,e46328d77e9f35f861af016694c2714cafb866e6,1.0,72.36407361748604
3470,2023-02-01 11:31:23.208,/benchmark1,36.1819925760566,cpu,0,e46328d77e9f35f861af016694c2714cafb866e6,0.4999993887479766,71.453993352319
3471,2023-02-01 11:31:23.208,/benchmark4,0.0,cpu,0,e46328d77e9f35f861af016694c2714cafb866e6,0.0,70.54391531230286
3472,2023-02-01 11:31:23.208,/benchmark3,36.18208104143001,cpu,0,e46328d77e9f35f861af016694c2714cafb866e6,0.5000006112520312,71.45399557746991
3473,2023-02-01 11:31:23.208,/benchmark2,0.0,cpu,0,e46328d77e9f35f861af016694c2714cafb866e6,0.0,70.54391531230286
3474,2023-02-01 11:31:23.208,rapl,70.8076171875,cpu,1,RAPL_ENERGY_PKG,1.0,0.0
3475,2023-02-01 11:31:23.208,global,71.07254627487801,cpu,1,b56c7a1e321c4581d02a9de890abf570bd93c969,1.0,71.07254627487801
3476,2023-02-01 11:31:23.208,/benchmark1,0.0,cpu,1,b56c7a1e321c4581d02a9de890abf570bd93c969,0.0,69.54572774602578
3477,2023-02-01 11:31:23.208,/benchmark4,35.53630927953692,cpu,1,b56c7a1e321c4581d02a9de890abf570bd93c969,0.5000005085240338,70.30913778687581
3478,2023-02-01 11:31:23.208,/benchmark3,0.0,cpu,1,b56c7a1e321c4581d02a9de890abf570bd93c969,0.0,69.54572774602578
3479,2023-02-01 11:31:23.208,/benchmark2,35.536236995341085,cpu,1,b56c7a1e321c4581d02a9de890abf570bd93c969,0.49999949147596623,70.30913623402797
3480,2023-02-01 11:31:23.208,rapl,12.683990478515625,dram,0,RAPL_ENERGY_DRAM,1.0,0.0
3481,2023-02-01 11:31:23.208,global,12.461949157714844,dram,0,78b0a292a97c15df67fefab7e0af9a601bf982d3,1.0,12.461949157714844
3482,2023-02-01 11:31:23.208,/benchmark1,0.0,dram,0,78b0a292a97c15df67fefab7e0af9a601bf982d3,0.0,12.461949157714844
3483,2023-02-01 11:31:23.208,/benchmark4,0.0,dram,0,78b0a292a97c15df67fefab7e0af9a601bf982d3,0.0,12.461949157714844
3484,2023-02-01 11:31:23.208,/benchmark3,0.0,dram,0,78b0a292a97c15df67fefab7e0af9a601bf982d3,0.0,12.461949157714844
3485,2023-02-01 11:31:23.208,/benchmark2,0.0,dram,0,78b0a292a97c15df67fefab7e0af9a601bf982d3,0.0,12.461949157714844
3486,2023-02-01 11:31:23.208,rapl,13.012908935546875,dram,1,RAPL_ENERGY_DRAM,1.0,0.0
3487,2023-02-01 11:31:23.208,global,12.807187906901042,dram,1,e338ce15d13d6313503924a6d20075a34370f3ae,1.0,12.807187906901042
3488,2023-02-01 11:31:23.208,/benchmark1,0.0,dram,1,e338ce15d13d6313503924a6d20075a34370f3ae,0.0,12.807187906901042
3489,2023-02-01 11:31:23.208,/benchmark4,0.0,dram,1,e338ce15d13d6313503924a6d20075a34370f3ae,0.0,12.807187906901042
3490,2023-02-01 11:31:23.208,/benchmark3,0.0,dram,1,e338ce15d13d6313503924a6d20075a34370f3ae,0.0,12.807187906901042
3491,2023-02-01 11:31:23.208,/benchmark2,0.0,dram,1,e338ce15d13d6313503924a6d20075a34370f3ae,0.0,12.807187906901042
3492,2023-02-01 11:31:24.208,rapl,72.03369140625,cpu,0,RAPL_ENERGY_PKG,1.0,0.0
3493,2023-02-01 11:31:24.208,global,72.36403988572751,cpu,0,e46328d77e9f35f861af016694c2714cafb866e6,1.0,72.36403988572751
3494,2023-02-01 11:31:24.208,/benchmark1,36.18208357007896,cpu,0,e46328d77e9f35f861af016694c2714cafb866e6,0.5000008792656588,71.45397919938821
3495,2023-02-01 11:31:24.208,/benchmark4,0.0,cpu,0,e46328d77e9f35f861af016694c2714cafb866e6,0.0,70.54391531230286
3496,2023-02-01 11:31:24.208,/benchmark2,0.0,cpu,0,e46328d77e9f35f861af016694c2714cafb866e6,0.0,70.54391531230286
3497,2023-02-01 11:31:24.208,/benchmark3,36.18195631564854,cpu,0,e46328d77e9f35f861af016694c2714cafb866e6,0.4999991207343411,71.45397599864215
3498,2023-02-01 11:31:24.208,rapl,70.7227783203125,cpu,1,RAPL_ENERGY_PKG,1.0,0.0
3499,2023-02-01 11:31:24.208,global,71.07249734870074,cpu,1,b56c7a1e321c4581d02a9de890abf570bd93c969,1.0,71.07249734870074
3500,2023-02-01 11:31:24.208,/benchmark1,0.0,cpu,1,b56c7a1e321c4581d02a9de890abf570bd93c969,0.0,69.54572774602578
3501,2023-02-01 11:31:24.208,/benchmark4,35.53664874250855,cpu,1,b56c7a1e321c4581d02a9de890abf570bd93c969,0.5000056290150635,70.30912114157235
3502,2023-02-01 11:31:24.208,/benchmark2,35.53584860619219,cpu,1,b56c7a1e321c4581d02a9de890abf570bd93c969,0.4999943709849365,70.30910395315416
3503,2023-02-01 11:31:24.208,/benchmark3,0.0,cpu,1,b56c7a1e321c4581d02a9de890abf570bd93c969,0.0,69.54572774602578
3504,2023-02-01 11:31:24.208,rapl,12.6988525390625,dram,0,RAPL_ENERGY_DRAM,1.0,0.0
3505,2023-02-01 11:31:24.208,global,12.461949157714844,dram,0,78b0a292a97c15df67fefab7e0af9a601bf982d3,1.0,12.461949157714844
3506,2023-02-01 11:31:24.208,/benchmark1,0.0,dram,0,78b0a292a97c15df67fefab7e0af9a601bf982d3,0.0,12.461949157714844
3507,2023-02-01 11:31:24.208,/benchmark4,0.0,dram,0,78b0a292a97c15df67fefab7e0af9a601bf982d3,0.0,12.461949157714844
3508,2023-02-01 11:31:24.208,/benchmark2,0.0,dram,0,78b0a292a97c15df67fefab7e0af9a601bf982d3,0.0,12.461949157714844
3509,2023-02-01 11:31:24.208,/benchmark3,0.0,dram,0,78b0a292a97c15df67fefab7e0af9a601bf982d3,0.0,12.461949157714844
3510,2023-02-01 11:31:24.208,rapl,13.080795288085938,dram,1,RAPL_ENERGY_DRAM,1.0,0.0
3511,2023-02-01 11:31:24.208,global,12.807187906901042,dram,1,e338ce15d13d6313503924a6d20075a34370f3ae,1.0,12.807187906901042
3512,2023-02-01 11:31:24.208,/benchmark1,0.0,dram,1,e338ce15d13d6313503924a6d20075a34370f3ae,0.0,12.807187906901042
3513,2023-02-01 11:31:24.208,/benchmark4,0.0,dram,1,e338ce15d13d6313503924a6d20075a34370f3ae,0.0,12.807187906901042
3514,2023-02-01 11:31:24.208,/benchmark2,0.0,dram,1,e338ce15d13d6313503924a6d20075a34370f3ae,0.0,12.807187906901042
3515,2023-02-01 11:31:24.208,/benchmark3,0.0,dram,1,e338ce15d13d6313503924a6d20075a34370f3ae,0.0,12.807187906901042
3516,2023-02-01 11:31:25.209,rapl,72.17156982421875,cpu,0,RAPL_ENERGY_PKG,1.0,0.0
3517,2023-02-01 11:31:25.209,global,72.36402502150378,cpu,0,e46328d77e9f35f861af016694c2714cafb866e6,1.0,72.36402502150378
3518,2023-02-01 11:31:25.209,/benchmark1,36.18266421069551,cpu,0,e46328d77e9f35f861af016694c2714cafb866e6,0.500009005855374,71.45398655854812
3519,2023-02-01 11:31:25.209,/benchmark3,36.18136081080826,cpu,0,e46328d77e9f35f861af016694c2714cafb866e6,0.49999099414462594,71.45395377525851
3520,2023-02-01 11:31:25.209,/benchmark2,0.0,cpu,0,e46328d77e9f35f861af016694c2714cafb866e6,0.0,70.54391531230286
3521,2023-02-01 11:31:25.209,/benchmark4,0.0,cpu,0,e46328d77e9f35f861af016694c2714cafb866e6,0.0,70.54391531230286
3522,2023-02-01 11:31:25.209,rapl,70.79608154296875,cpu,1,RAPL_ENERGY_PKG,1.0,0.0
3523,2023-02-01 11:31:25.209,global,71.07252234725395,cpu,1,b56c7a1e321c4581d02a9de890abf570bd93c969,1.0,71.07252234725395
3524,2023-02-01 11:31:25.209,/benchmark1,0.0,cpu,1,b56c7a1e321c4581d02a9de890abf570bd93c969,0.0,69.54572774602578
3525,2023-02-01 11:31:25.209,/benchmark3,0.0,cpu,1,b56c7a1e321c4581d02a9de890abf570bd93c969,0.0,69.54572774602578
3526,2023-02-01 11:31:25.209,/benchmark2,35.536082240800035,cpu,1,b56c7a1e321c4581d02a9de890abf570bd93c969,0.4999974823909293,70.30912120276793
3527,2023-02-01 11:31:25.209,/benchmark4,35.536440106453256,cpu,1,b56c7a1e321c4581d02a9de890abf570bd93c969,0.5000025176090614,70.30912889051179
3528,2023-02-01 11:31:25.209,rapl,12.66082763671875,dram,0,RAPL_ENERGY_DRAM,1.0,0.0
3529,2023-02-01 11:31:25.209,global,12.461949157714844,dram,0,78b0a292a97c15df67fefab7e0af9a601bf982d3,1.0,12.461949157714844
3530,2023-02-01 11:31:25.209,/benchmark1,0.0,dram,0,78b0a292a97c15df67fefab7e0af9a601bf982d3,0.0,12.461949157714844
3531,2023-02-01 11:31:25.209,/benchmark3,0.0,dram,0,78b0a292a97c15df67fefab7e0af9a601bf982d3,0.0,12.461949157714844
3532,2023-02-01 11:31:25.209,/benchmark2,0.0,dram,0,78b0a292a97c15df67fefab7e0af9a601bf982d3,0.0,12.461949157714844
3533,2023-02-01 11:31:25.209,/benchmark4,0.0,dram,0,78b0a292a97c15df67fefab7e0af9a601bf982d3,0.0,12.461949157714844
3534,2023-02-01 11:31:25.209,rapl,13.086196899414062,dram,1,RAPL_ENERGY_DRAM,1.0,0.0
3535,2023-02-01 11:31:25.209,global,12.807187906901042,dram,1,e338ce15d13d6313503924a6d20075a34370f3ae,1.0,12.807187906901042
3536,2023-02-01 11:31:25.209,/benchmark1,0.0,dram,1,e338ce15d13d6313503924a6d20075a34370f3ae,0.0,12.807187906901042
3537,2023-02-01 11:31:25.209,/benchmark3,0.0,dram,1,e338ce15d13d6313503924a6d20075a34370f3ae,0.0,12.807187906901042
3538,2023-02-01 11:31:25.209,/benchmark2,0.0,dram,1,e338ce15d13d6313503924a6d20075a34370f3ae,0.0,12.807187906901042
3539,2023-02-01 11:31:25.209,/benchmark4,0.0,dram,1,e338ce15d13d6313503924a6d20075a34370f3ae,0.0,12.807187906901042
3540,2023-02-01 11:31:26.209,rapl,72.14984130859375,cpu,0,RAPL_ENERGY_PKG,1.0,0.0
3541,2023-02-01 11:31:26.209,global,72.364055525085,cpu,0,e46328d77e9f35f861af016694c2714cafb866e6,1.0,72.364055525085
3542,2023-02-01 11:31:26.209,/benchmark4,0.0,cpu,0,e46328d77e9f35f861af016694c2714cafb866e6,0.0,70.54391531230286
3543,2023-02-01 11:31:26.209,/benchmark3,36.18240119462416,cpu,0,e46328d77e9f35f861af016694c2714cafb866e6,0.5000051604636991,71.45399481146143
3544,2023-02-01 11:31:26.209,/benchmark2,0.0,cpu,0,e46328d77e9f35f861af016694c2714cafb866e6,0.0,70.54391531230286
3545,2023-02-01 11:31:26.209,/benchmark1,36.181654330460844,cpu,0,e46328d77e9f35f861af016694c2714cafb866e6,0.4999948395363009,71.45397602592644
3546,2023-02-01 11:31:26.209,rapl,70.872802734375,cpu,1,RAPL_ENERGY_PKG,1.0,0.0
3547,2023-02-01 11:31:26.209,global,71.07249208584693,cpu,1,b56c7a1e321c4581d02a9de890abf570bd93c969,1.0,71.07249208584693
3548,2023-02-01 11:31:26.209,/benchmark4,35.535898318958,cpu,1,b56c7a1e321c4581d02a9de890abf570bd93c969,0.4999951074747027,70.3091024462032
3549,2023-02-01 11:31:26.209,/benchmark3,0.0,cpu,1,b56c7a1e321c4581d02a9de890abf570bd93c969,0.0,69.54572774602578
3550,2023-02-01 11:31:26.209,/benchmark2,35.53659376688894,cpu,1,b56c7a1e321c4581d02a9de890abf570bd93c969,0.5000048925252973,70.30911738566951
3551,2023-02-01 11:31:26.209,/benchmark1,0.0,cpu,1,b56c7a1e321c4581d02a9de890abf570bd93c969,0.0,69.54572774602578
3552,2023-02-01 11:31:26.209,rapl,12.63397216796875,dram,0,RAPL_ENERGY_DRAM,1.0,0.0
3553,2023-02-01 11:31:26.209,global,12.461949157714844,dram,0,78b0a292a97c15df67fefab7e0af9a601bf982d3,1.0,12.461949157714844
3554,2023-02-01 11:31:26.209,/benchmark4,0.0,dram,0,78b0a292a97c15df67fefab7e0af9a601bf982d3,0.0,12.461949157714844
3555,2023-02-01 11:31:26.209,/benchmark3,0.0,dram,0,78b0a292a97c15df67fefab7e0af9a601bf982d3,0.0,12.461949157714844
3556,2023-02-01 11:31:26.209,/benchmark2,0.0,dram,0,78b0a292a97c15df67fefab7e0af9a601bf982d3,0.0,12.461949157714844
3557,2023-02-01 11:31:26.209,/benchmark1,0.0,dram,0,78b0a292a97c15df67fefab7e0af9a601bf982d3,0.0,12.461949157714844
3558,2023-02-01 11:31:26.209,rapl,12.965682983398438,dram,1,RAPL_ENERGY_DRAM,1.0,0.0
3559,2023-02-01 11:31:26.209,global,12.807187906901042,dram,1,e338ce15d13d6313503924a6d20075a34370f3ae,1.0,12.807187906901042
3560,2023-02-01 11:31:26.209,/benchmark4,0.0,dram,1,e338ce15d13d6313503924a6d20075a34370f3ae,0.0,12.807187906901042
3561,2023-02-01 11:31:26.209,/benchmark3,0.0,dram,1,e338ce15d13d6313503924a6d20075a34370f3ae,0.0,12.807187906901042
3562,2023-02-01 11:31:26.209,/benchmark2,0.0,dram,1,e338ce15d13d6313503924a6d20075a34370f3ae,0.0,12.807187906901042
3563,2023-02-01 11:31:26.209,/benchmark1,0.0,dram,1,e338ce15d13d6313503924a6d20075a34370f3ae,0.0,12.807187906901042
3564,2023-02-01 11:31:27.209,rapl,72.10791015625,cpu,0,RAPL_ENERGY_PKG,1.0,0.0
3565,2023-02-01 11:31:27.209,global,72.3640874421288,cpu,0,e46328d77e9f35f861af016694c2714cafb866e6,1.0,72.3640874421288
3566,2023-02-01 11:31:27.209,/benchmark1,36.181786673165355,cpu,0,e46328d77e9f35f861af016694c2714cafb866e6,0.4999964478526831,71.45399491169628
3567,2023-02-01 11:31:27.209,/benchmark4,0.0,cpu,0,e46328d77e9f35f861af016694c2714cafb866e6,0.0,70.54391531230286
3568,2023-02-01 11:31:27.209,/benchmark3,36.18230076896346,cpu,0,e46328d77e9f35f861af016694c2714cafb866e6,0.500003552147317,71.45400784273538
3569,2023-02-01 11:31:27.209,/benchmark2,0.0,cpu,0,e46328d77e9f35f861af016694c2714cafb866e6,0.0,70.54391531230286
3570,2023-02-01 11:31:27.209,rapl,70.7764892578125,cpu,1,RAPL_ENERGY_PKG,1.0,0.0
3571,2023-02-01 11:31:27.209,global,71.07257128108104,cpu,1,b56c7a1e321c4581d02a9de890abf570bd93c969,1.0,71.07257128108104
3572,2023-02-01 11:31:27.209,/benchmark1,0.0,cpu,1,b56c7a1e321c4581d02a9de890abf570bd93c969,0.0,69.54572774602578
3573,2023-02-01 11:31:27.209,/benchmark4,35.53646901868034,cpu,1,b56c7a1e321c4581d02a9de890abf570bd93c969,0.5000025801534477,70.30915345304402
3574,2023-02-01 11:31:27.209,/benchmark3,0.0,cpu,1,b56c7a1e321c4581d02a9de890abf570bd93c969,0.0,69.54572774602578
3575,2023-02-01 11:31:27.209,/benchmark2,35.53610226240003,cpu,1,b56c7a1e321c4581d02a9de890abf570bd93c969,0.499997419846543,70.30914557406278
3576,2023-02-01 11:31:27.209,rapl,12.60589599609375,dram,0,RAPL_ENERGY_DRAM,1.0,0.0
3577,2023-02-01 11:31:27.209,global,12.461949157714844,dram,0,78b0a292a97c15df67fefab7e0af9a601bf982d3,1.0,12.461949157714844
3578,2023-02-01 11:31:27.209,/benchmark1,0.0,dram,0,78b0a292a97c15df67fefab7e0af9a601bf982d3,0.0,12.461949157714844
3579,2023-02-01 11:31:27.209,/benchmark4,0.0,dram,0,78b0a292a97c15df67fefab7e0af9a601bf982d3,0.0,12.461949157714844
3580,2023-02-01 11:31:27.209,/benchmark3,0.0,dram,0,78b0a292a97c15df67fefab7e0af9a601bf982d3,0.0,12.461949157714844
3581,2023-02-01 11:31:27.209,/benchmark2,0.0,dram,0,78b0a292a97c15df67fefab7e0af9a601bf982d3,0.0,12.461949157714844
3582,2023-02-01 11:31:27.209,rapl,13.01300048828125,dram,1,RAPL_ENERGY_DRAM,1.0,0.0
3583,2023-02-01 11:31:27.209,global,12.807187906901042,dram,1,e338ce15d13d6313503924a6d20075a34370f3ae,1.0,12.807187906901042
3584,2023-02-01 11:31:27.209,/benchmark1,0.0,dram,1,e338ce15d13d6313503924a6d20075a34370f3ae,0.0,12.807187906901042
3585,2023-02-01 11:31:27.209,/benchmark4,0.0,dram,1,e338ce15d13d6313503924a6d20075a34370f3ae,0.0,12.807187906901042
3586,2023-02-01 11:31:27.209,/benchmark3,0.0,dram,1,e338ce15d13d6313503924a6d20075a34370f3ae,0.0,12.807187906901042
3587,2023-02-01 11:31:27.209,/benchmark2,0.0,dram,1,e338ce15d13d6313503924a6d20075a34370f3ae,0.0,12.807187906901042
3588,2023-02-01 11:31:28.209,rapl,72.15740966796875,cpu,0,RAPL_ENERGY_PKG,1.0,0.0
3589,2023-02-01 11:31:28.209,global,72.36404444530757,cpu,0,e46328d77e9f35f861af016694c2714cafb866e6,1.0,72.36404444530757
3590,2023-02-01 11:31:28.209,/benchmark1,36.18201841433865,cpu,0,e46328d77e9f35f861af016694c2714cafb866e6,0.4999999473728263,71.45397978301696
3591,2023-02-01 11:31:28.209,/benchmark4,0.0,cpu,0,e46328d77e9f35f861af016694c2714cafb866e6,0.0,70.54391531230286
3592,2023-02-01 11:31:28.209,/benchmark3,36.18202603096892,cpu,0,e46328d77e9f35f861af016694c2714cafb866e6,0.5000000526271737,71.45397997459347
3593,2023-02-01 11:31:28.209,/benchmark2,0.0,cpu,0,e46328d77e9f35f861af016694c2714cafb866e6,0.0,70.54391531230286
3594,2023-02-01 11:31:28.209,rapl,70.768310546875,cpu,1,RAPL_ENERGY_PKG,1.0,0.0
3595,2023-02-01 11:31:28.209,global,71.07250722420001,cpu,1,b56c7a1e321c4581d02a9de890abf570bd93c969,1.0,71.07250722420001
3596,2023-02-01 11:31:28.209,/benchmark1,0.0,cpu,1,b56c7a1e321c4581d02a9de890abf570bd93c969,0.0,69.54572774602578
3597,2023-02-01 11:31:28.209,/benchmark4,35.536532073447304,cpu,1,b56c7a1e321c4581d02a9de890abf570bd93c969,0.5000039179896443,70.30912346701908
3598,2023-02-01 11:31:28.209,/benchmark3,0.0,cpu,1,b56c7a1e321c4581d02a9de890abf570bd93c969,0.0,69.54572774602578
3599,2023-02-01 11:31:28.209,/benchmark2,35.535975150752705,cpu,1,b56c7a1e321c4581d02a9de890abf570bd93c969,0.4999960820103557,70.30911150320671
3600,2023-02-01 11:31:28.209,rapl,12.66290283203125,dram,0,RAPL_ENERGY_DRAM,1.0,0.0
3601,2023-02-01 11:31:28.209,global,12.461949157714844,dram,0,78b0a292a97c15df67fefab7e0af9a601bf982d3,1.0,12.461949157714844
3602,2023-02-01 11:31:28.209,/benchmark1,0.0,dram,0,78b0a292a97c15df67fefab7e0af9a601bf982d3,0.0,12.461949157714844
3603,2023-02-01 11:31:28.209,/benchmark4,0.0,dram,0,78b0a292a97c15df67fefab7e0af9a601bf982d3,0.0,12.461949157714844
3604,2023-02-01 11:31:28.209,/benchmark3,0.0,dram,0,78b0a292a97c15df67fefab7e0af9a601bf982d3,0.0,12.461949157714844
3605,2023-02-01 11:31:28.209,/benchmark2,0.0,dram,0,78b0a292a97c15df67fefab7e0af9a601bf982d3,0.0,12.461949157714844
3606,2023-02-01 11:31:28.209,rapl,12.993942260742188,dram,1,RAPL_ENERGY_DRAM,1.0,0.0
3607,2023-02-01 11:31:28.209,global,12.807187906901042,dram,1,e338ce15d13d6313503924a6d20075a34370f3ae,1.0,12.807187906901042
3608,2023-02-01 11:31:28.209,/benchmark1,0.0,dram,1,e338ce15d13d6313503924a6d20075a34370f3ae,0.0,12.807187906901042
3609,2023-02-01 11:31:28.209,/benchmark4,0.0,dram,1,e338ce15d13d6313503924a6d20075a34370f3ae,0.0,12.807187906901042
3610,2023-02-01 11:31:28.209,/benchmark3,0.0,dram,1,e338ce15d13d6313503924a6d20075a34370f3ae,0.0,12.807187906901042
3611,2023-02-01 11:31:28.209,/benchmark2,0.0,dram,1,e338ce15d13d6313503924a6d20075a34370f3ae,0.0,12.807187906901042
3612,2023-02-01 11:31:29.209,rapl,72.19293212890625,cpu,0,RAPL_ENERGY_PKG,1.0,0.0
3613,2023-02-01 11:31:29.209,global,72.36402919807834,cpu,0,e46328d77e9f35f861af016694c2714cafb866e6,1.0,72.36402919807834
3614,2023-02-01 11:31:29.209,/benchmark1,36.182380238437766,cpu,0,e46328d77e9f35f861af016694c2714cafb866e6,0.5000050527783299,71.4539814518226
3615,2023-02-01 11:31:29.209,/benchmark4,0.0,cpu,0,e46328d77e9f35f861af016694c2714cafb866e6,0.0,70.54391531230286
3616,2023-02-01 11:31:29.209,/benchmark3,36.181648959640576,cpu,0,e46328d77e9f35f861af016694c2714cafb866e6,0.49999494722167015,71.4539630585586
3617,2023-02-01 11:31:29.209,/benchmark2,0.0,cpu,0,e46328d77e9f35f861af016694c2714cafb866e6,0.0,70.54391531230286
3618,2023-02-01 11:31:29.209,rapl,70.837158203125,cpu,1,RAPL_ENERGY_PKG,1.0,0.0
3619,2023-02-01 11:31:29.209,global,71.07248277640916,cpu,1,b56c7a1e321c4581d02a9de890abf570bd93c969,1.0,71.07248277640916
3620,2023-02-01 11:31:29.209,/benchmark1,0.0,cpu,1,b56c7a1e321c4581d02a9de890abf570bd93c969,0.0,69.54572774602578
3621,2023-02-01 11:31:29.209,/benchmark4,35.53667617929484,cpu,1,b56c7a1e321c4581d02a9de890abf570bd93c969,0.5000061175728393,70.30911460125257
3622,2023-02-01 11:31:29.209,/benchmark3,0.0,cpu,1,b56c7a1e321c4581d02a9de890abf570bd93c969,0.0,69.54572774602578
3623,2023-02-01 11:31:29.209,/benchmark2,35.53580659711432,cpu,1,b56c7a1e321c4581d02a9de890abf570bd93c969,0.49999388242716064,70.30909592118236
3624,2023-02-01 11:31:29.209,rapl,12.614028930664062,dram,0,RAPL_ENERGY_DRAM,1.0,0.0
3625,2023-02-01 11:31:29.209,global,12.461949157714844,dram,0,78b0a292a97c15df67fefab7e0af9a601bf982d3,1.0,12.461949157714844
3626,2023-02-01 11:31:29.209,/benchmark1,0.0,dram,0,78b0a292a97c15df67fefab7e0af9a601bf982d3,0.0,12.461949157714844
3627,2023-02-01 11:31:29.209,/benchmark4,0.0,dram,0,78b0a292a97c15df67fefab7e0af9a601bf982d3,0.0,12.461949157714844
3628,2023-02-01 11:31:29.209,/benchmark3,0.0,dram,0,78b0a292a97c15df67fefab7e0af9a601bf982d3,0.0,12.461949157714844
3629,2023-02-01 11:31:29.209,/benchmark2,0.0,dram,0,78b0a292a97c15df67fefab7e0af9a601bf982d3,0.0,12.461949157714844
3630,2023-02-01 11:31:29.209,rapl,12.963623046875,dram,1,RAPL_ENERGY_DRAM,1.0,0.0
3631,2023-02-01 11:31:29.209,global,12.807187906901042,dram,1,e338ce15d13d6313503924a6d20075a34370f3ae,1.0,12.807187906901042
3632,2023-02-01 11:31:29.209,/benchmark1,0.0,dram,1,e338ce15d13d6313503924a6d20075a34370f3ae,0.0,12.807187906901042
3633,2023-02-01 11:31:29.209,/benchmark4,0.0,dram,1,e338ce15d13d6313503924a6d20075a34370f3ae,0.0,12.807187906901042
3634,2023-02-01 11:31:29.209,/benchmark3,0.0,dram,1,e338ce15d13d6313503924a6d20075a34370f3ae,0.0,12.807187906901042
3635,2023-02-01 11:31:29.209,/benchmark2,0.0,dram,1,e338ce15d13d6313503924a6d20075a34370f3ae,0.0,12.807187906901042
3636,2023-02-01 11:31:30.210,rapl,72.1156005859375,cpu,0,RAPL_ENERGY_PKG,1.0,0.0
3637,2023-02-01 11:31:30.210,global,72.36406258330987,cpu,0,e46328d77e9f35f861af016694c2714cafb866e6,1.0,72.36406258330987
3638,2023-02-01 11:31:30.210,/benchmark1,36.1816368329214,cpu,0,e46328d77e9f35f861af016694c2714cafb866e6,0.49999454896920575,71.45397902612754
3639,2023-02-01 11:31:30.210,/benchmark4,0.0,cpu,0,e46328d77e9f35f861af016694c2714cafb866e6,0.0,70.54391531230286
3640,2023-02-01 11:31:30.210,/benchmark3,36.18242575038847,cpu,0,e46328d77e9f35f861af016694c2714cafb866e6,0.5000054510307942,71.45399886948519
3641,2023-02-01 11:31:30.210,/benchmark2,0.0,cpu,0,e46328d77e9f35f861af016694c2714cafb866e6,0.0,70.54391531230286
3642,2023-02-01 11:31:30.210,rapl,70.87188720703125,cpu,1,RAPL_ENERGY_PKG,1.0,0.0
3643,2023-02-01 11:31:30.210,global,71.07254820255186,cpu,1,b56c7a1e321c4581d02a9de890abf570bd93c969,1.0,71.07254820255186
3644,2023-02-01 11:31:30.210,/benchmark1,0.0,cpu,1,b56c7a1e321c4581d02a9de890abf570bd93c969,0.0,69.54572774602578
3645,2023-02-01 11:31:30.210,/benchmark4,35.53612294560118,cpu,1,b56c7a1e321c4581d02a9de890abf570bd93c969,0.49999787321999034,70.30913472707759
3646,2023-02-01 11:31:30.210,/benchmark3,0.0,cpu,1,b56c7a1e321c4581d02a9de890abf570bd93c969,0.0,69.54572774602578
3647,2023-02-01 11:31:30.210,/benchmark2,35.53642525695068,cpu,1,b56c7a1e321c4581d02a9de890abf570bd93c969,0.5000021267800097,70.30914122150004
3648,2023-02-01 11:31:30.210,rapl,12.621627807617188,dram,0,RAPL_ENERGY_DRAM,1.0,0.0
3649,2023-02-01 11:31:30.210,global,12.461949157714844,dram,0,78b0a292a97c15df67fefab7e0af9a601bf982d3,1.0,12.461949157714844
3650,2023-02-01 11:31:30.210,/benchmark1,0.0,dram,0,78b0a292a97c15df67fefab7e0af9a601bf982d3,0.0,12.461949157714844
3651,2023-02-01 11:31:30.210,/benchmark4,0.0,dram,0,78b0a292a97c15df67fefab7e0af9a601bf982d3,0.0,12.461949157714844
3652,2023-02-01 11:31:30.210,/benchmark3,0.0,dram,0,78b0a292a97c15df67fefab7e0af9a601bf982d3,0.0,12.461949157714844
3653,2023-02-01 11:31:30.210,/benchmark2,0.0,dram,0,78b0a292a97c15df67fefab7e0af9a601bf982d3,0.0,12.461949157714844
3654,2023-02-01 11:31:30.210,rapl,13.103988647460938,dram,1,RAPL_ENERGY_DRAM,1.0,0.0
3655,2023-02-01 11:31:30.210,global,12.807187906901042,dram,1,e338ce15d13d6313503924a6d20075a34370f3ae,1.0,12.807187906901042
3656,2023-02-01 11:31:30.210,/benchmark1,0.0,dram,1,e338ce15d13d6313503924a6d20075a34370f3ae,0.0,12.807187906901042
3657,2023-02-01 11:31:30.210,/benchmark4,0.0,dram,1,e338ce15d13d6313503924a6d20075a34370f3ae,0.0,12.807187906901042
3658,2023-02-01 11:31:30.210,/benchmark3,0.0,dram,1,e338ce15d13d6313503924a6d20075a34370f3ae,0.0,12.807187906901042
3659,2023-02-01 11:31:30.210,/benchmark2,0.0,dram,1,e338ce15d13d6313503924a6d20075a34370f3ae,0.0,12.807187906901042
3660,2023-02-01 11:31:31.210,rapl,72.1064453125,cpu,0,RAPL_ENERGY_PKG,1.0,0.0
3661,2023-02-01 11:31:31.210,global,72.36402630730733,cpu,0,e46328d77e9f35f861af016694c2714cafb866e6,1.0,72.36402630730733
3662,2023-02-01 11:31:31.210,/benchmark1,36.182361934598354,cpu,0,e46328d77e9f35f861af016694c2714cafb866e6,0.500004819811203,71.45397958239646
3663,2023-02-01 11:31:31.210,/benchmark4,0.0,cpu,0,e46328d77e9f35f861af016694c2714cafb866e6,0.0,70.54391531230286
3664,2023-02-01 11:31:31.210,/benchmark3,36.18166437270841,cpu,0,e46328d77e9f35f861af016694c2714cafb866e6,0.4999951801887892,71.45396203721371
3665,2023-02-01 11:31:31.210,/benchmark2,0.0,cpu,0,e46328d77e9f35f861af016694c2714cafb866e6,0.0,70.54391531230286
3666,2023-02-01 11:31:31.210,rapl,70.6962890625,cpu,1,RAPL_ENERGY_PKG,1.0,0.0
3667,2023-02-01 11:31:31.210,global,71.07248224859421,cpu,1,b56c7a1e321c4581d02a9de890abf570bd93c969,1.0,71.07248224859421
3668,2023-02-01 11:31:31.210,/benchmark1,0.0,cpu,1,b56c7a1e321c4581d02a9de890abf570bd93c969,0.0,69.54572774602578
3669,2023-02-01 11:31:31.210,/benchmark4,35.53664831822354,cpu,1,b56c7a1e321c4581d02a9de890abf570bd93c969,0.500005729276839,70.3091137445092
3670,2023-02-01 11:31:31.210,/benchmark3,0.0,cpu,1,b56c7a1e321c4581d02a9de890abf570bd93c969,0.0,69.54572774602578
3671,2023-02-01 11:31:31.210,/benchmark2,35.53583393037067,cpu,1,b56c7a1e321c4581d02a9de890abf570bd93c969,0.49999427072316105,70.30909625011078
3672,2023-02-01 11:31:31.210,rapl,12.655654907226562,dram,0,RAPL_ENERGY_DRAM,1.0,0.0
3673,2023-02-01 11:31:31.210,global,12.461949157714844,dram,0,78b0a292a97c15df67fefab7e0af9a601bf982d3,1.0,12.461949157714844
3674,2023-02-01 11:31:31.210,/benchmark1,0.0,dram,0,78b0a292a97c15df67fefab7e0af9a601bf982d3,0.0,12.461949157714844
3675,2023-02-01 11:31:31.210,/benchmark4,0.0,dram,0,78b0a292a97c15df67fefab7e0af9a601bf982d3,0.0,12.461949157714844
3676,2023-02-01 11:31:31.210,/benchmark3,0.0,dram,0,78b0a292a97c15df67fefab7e0af9a601bf982d3,0.0,12.461949157714844
3677,2023-02-01 11:31:31.210,/benchmark2,0.0,dram,0,78b0a292a97c15df67fefab7e0af9a601bf982d3,0.0,12.461949157714844
3678,2023-02-01 11:31:31.210,rapl,13.048812866210938,dram,1,RAPL_ENERGY_DRAM,1.0,0.0
3679,2023-02-01 11:31:31.210,global,12.807187906901042,dram,1,e338ce15d13d6313503924a6d20075a34370f3ae,1.0,12.807187906901042
3680,2023-02-01 11:31:31.210,/benchmark1,0.0,dram,1,e338ce15d13d6313503924a6d20075a34370f3ae,0.0,12.807187906901042
3681,2023-02-01 11:31:31.210,/benchmark4,0.0,dram,1,e338ce15d13d6313503924a6d20075a34370f3ae,0.0,12.807187906901042
3682,2023-02-01 11:31:31.210,/benchmark3,0.0,dram,1,e338ce15d13d6313503924a6d20075a34370f3ae,0.0,12.807187906901042
3683,2023-02-01 11:31:31.210,/benchmark2,0.0,dram,1,e338ce15d13d6313503924a6d20075a34370f3ae,0.0,12.807187906901042
3684,2023-02-01 11:31:32.210,rapl,72.154052734375,cpu,0,RAPL_ENERGY_PKG,1.0,0.0
3685,2023-02-01 11:31:32.210,global,72.3640751130297,cpu,0,e46328d77e9f35f861af016694c2714cafb866e6,1.0,72.3640751130297
3686,2023-02-01 11:31:32.210,/benchmark1,36.18171379770794,cpu,0,e46328d77e9f35f861af016694c2714cafb866e6,0.49999552597326224,71.45398706922266
3687,2023-02-01 11:31:32.210,/benchmark4,0.0,cpu,0,e46328d77e9f35f861af016694c2714cafb866e6,0.0,70.54391531230286
3688,2023-02-01 11:31:32.210,/benchmark3,36.18236131532176,cpu,0,e46328d77e9f35f861af016694c2714cafb866e6,0.5000044740267378,71.4540033561099
3689,2023-02-01 11:31:32.210,/benchmark2,0.0,cpu,0,e46328d77e9f35f861af016694c2714cafb866e6,0.0,70.54391531230286
3690,2023-02-01 11:31:32.210,rapl,70.7935791015625,cpu,1,RAPL_ENERGY_PKG,1.0,0.0
3691,2023-02-01 11:31:32.210,global,71.07255247097068,cpu,1,b56c7a1e321c4581d02a9de890abf570bd93c969,1.0,71.07255247097068
3692,2023-02-01 11:31:32.210,/benchmark1,0.0,cpu,1,b56c7a1e321c4581d02a9de890abf570bd93c969,0.0,69.54572774602578
3693,2023-02-01 11:31:32.210,/benchmark4,35.536233684122685,cpu,1,b56c7a1e321c4581d02a9de890abf570bd93c969,0.4999994012968273,70.30913919438342
3694,2023-02-01 11:31:32.210,/benchmark3,0.0,cpu,1,b56c7a1e321c4581d02a9de890abf570bd93c969,0.0,69.54572774602578
3695,2023-02-01 11:31:32.210,/benchmark2,35.53631878684799,cpu,1,b56c7a1e321c4581d02a9de890abf570bd93c969,0.5000005987031727,70.30914102261303
3696,2023-02-01 11:31:32.210,rapl,12.690811157226562,dram,0,RAPL_ENERGY_DRAM,1.0,0.0
3697,2023-02-01 11:31:32.210,global,12.461949157714844,dram,0,78b0a292a97c15df67fefab7e0af9a601bf982d3,1.0,12.461949157714844
3698,2023-02-01 11:31:32.210,/benchmark1,0.0,dram,0,78b0a292a97c15df67fefab7e0af9a601bf982d3,0.0,12.461949157714844
3699,2023-02-01 11:31:32.210,/benchmark4,0.0,dram,0,78b0a292a97c15df67fefab7e0af9a601bf982d3,0.0,12.461949157714844
3700,2023-02-01 11:31:32.210,/benchmark3,0.0,dram,0,78b0a292a97c15df67fefab7e0af9a601bf982d3,0.0,12.461949157714844
3701,2023-02-01 11:31:32.210,/benchmark2,0.0,dram,0,78b0a292a97c15df67fefab7e0af9a601bf982d3,0.0,12.461949157714844
3702,2023-02-01 11:31:32.210,rapl,13.044921875,dram,1,RAPL_ENERGY_DRAM,1.0,0.0
3703,2023-02-01 11:31:32.210,global,12.807187906901042,dram,1,e338ce15d13d6313503924a6d20075a34370f3ae,1.0,12.807187906901042
3704,2023-02-01 11:31:32.210,/benchmark1,0.0,dram,1,e338ce15d13d6313503924a6d20075a34370f3ae,0.0,12.807187906901042
3705,2023-02-01 11:31:32.210,/benchmark4,0.0,dram,1,e338ce15d13d6313503924a6d20075a34370f3ae,0.0,12.807187906901042
3706,2023-02-01 11:31:32.210,/benchmark3,0.0,dram,1,e338ce15d13d6313503924a6d20075a34370f3ae,0.0,12.807187906901042
3707,2023-02-01 11:31:32.210,/benchmark2,0.0,dram,1,e338ce15d13d6313503924a6d20075a34370f3ae,0.0,12.807187906901042
3708,2023-02-01 11:31:33.210,rapl,72.02557373046875,cpu,0,RAPL_ENERGY_PKG,1.0,0.0
3709,2023-02-01 11:31:33.210,global,72.36403216180703,cpu,0,e46328d77e9f35f861af016694c2714cafb866e6,1.0,72.36403216180703
3710,2023-02-01 11:31:33.210,/benchmark1,36.182305038581454,cpu,0,e46328d77e9f35f861af016694c2714cafb866e6,0.5000039931118997,71.4539810049852
3711,2023-02-01 11:31:33.210,/benchmark4,0.0,cpu,0,e46328d77e9f35f861af016694c2714cafb866e6,0.0,70.54391531230286
3712,2023-02-01 11:31:33.210,/benchmark3,36.181727123225585,cpu,0,e46328d77e9f35f861af016694c2714cafb866e6,0.49999600688810036,71.4539664691247
3713,2023-02-01 11:31:33.210,/benchmark2,0.0,cpu,0,e46328d77e9f35f861af016694c2714cafb866e6,0.0,70.54391531230286
3714,2023-02-01 11:31:33.210,rapl,70.74615478515625,cpu,1,RAPL_ENERGY_PKG,1.0,0.0
3715,2023-02-01 11:31:33.210,global,71.07248852118113,cpu,1,b56c7a1e321c4581d02a9de890abf570bd93c969,1.0,71.07248852118113
3716,2023-02-01 11:31:33.210,/benchmark1,0.0,cpu,1,b56c7a1e321c4581d02a9de890abf570bd93c969,0.0,69.54572774602578
3717,2023-02-01 11:31:33.210,/benchmark4,35.53661798014278,cpu,1,b56c7a1e321c4581d02a9de890abf570bd93c969,0.5000052582871374,70.30911616175
3718,2023-02-01 11:31:33.210,/benchmark3,0.0,cpu,1,b56c7a1e321c4581d02a9de890abf570bd93c969,0.0,69.54572774602578
3719,2023-02-01 11:31:33.210,/benchmark2,35.535870541038356,cpu,1,b56c7a1e321c4581d02a9de890abf570bd93c969,0.4999947417128627,70.3091001054569
3720,2023-02-01 11:31:33.210,rapl,12.661346435546875,dram,0,RAPL_ENERGY_DRAM,1.0,0.0
3721,2023-02-01 11:31:33.210,global,12.461949157714844,dram,0,78b0a292a97c15df67fefab7e0af9a601bf982d3,1.0,12.461949157714844
3722,2023-02-01 11:31:33.210,/benchmark1,0.0,dram,0,78b0a292a97c15df67fefab7e0af9a601bf982d3,0.0,12.461949157714844
3723,2023-02-01 11:31:33.210,/benchmark4,0.0,dram,0,78b0a292a97c15df67fefab7e0af9a601bf982d3,0.0,12.461949157714844
3724,2023-02-01 11:31:33.210,/benchmark3,0.0,dram,0,78b0a292a97c15df67fefab7e0af9a601bf982d3,0.0,12.461949157714844
3725,2023-02-01 11:31:33.210,/benchmark2,0.0,dram,0,78b0a292a97c15df67fefab7e0af9a601bf982d3,0.0,12.461949157714844
3726,2023-02-01 11:31:33.210,rapl,12.941604614257812,dram,1,RAPL_ENERGY_DRAM,1.0,0.0
3727,2023-02-01 11:31:33.210,global,12.807187906901042,dram,1,e338ce15d13d6313503924a6d20075a34370f3ae,1.0,12.807187906901042
3728,2023-02-01 11:31:33.210,/benchmark1,0.0,dram,1,e338ce15d13d6313503924a6d20075a34370f3ae,0.0,12.807187906901042
3729,2023-02-01 11:31:33.210,/benchmark4,0.0,dram,1,e338ce15d13d6313503924a6d20075a34370f3ae,0.0,12.807187906901042
3730,2023-02-01 11:31:33.210,/benchmark3,0.0,dram,1,e338ce15d13d6313503924a6d20075a34370f3ae,0.0,12.807187906901042
3731,2023-02-01 11:31:33.210,/benchmark2,0.0,dram,1,e338ce15d13d6313503924a6d20075a34370f3ae,0.0,12.807187906901042
3732,2023-02-01 11:31:34.210,rapl,71.99652099609375,cpu,0,RAPL_ENERGY_PKG,1.0,0.0
3733,2023-02-01 11:31:34.210,global,72.36402517653065,cpu,0,e46328d77e9f35f861af016694c2714cafb866e6,1.0,72.36402517653065
3734,2023-02-01 11:31:34.210,/benchmark1,36.182006060694,cpu,0,e46328d77e9f35f861af016694c2714cafb866e6,0.4999999097953533,71.45397008023438
3735,2023-02-01 11:31:34.210,/benchmark4,0.0,cpu,0,e46328d77e9f35f861af016694c2714cafb866e6,0.0,70.54391531230286
3736,2023-02-01 11:31:34.210,/benchmark3,36.18201911583665,cpu,0,e46328d77e9f35f861af016694c2714cafb866e6,0.5000000902046468,71.45397040859912
3737,2023-02-01 11:31:34.210,/benchmark2,0.0,cpu,0,e46328d77e9f35f861af016694c2714cafb866e6,0.0,70.54391531230286
3738,2023-02-01 11:31:34.210,rapl,70.76171875,cpu,1,RAPL_ENERGY_PKG,1.0,0.0
3739,2023-02-01 11:31:34.210,global,71.07249354690063,cpu,1,b56c7a1e321c4581d02a9de890abf570bd93c969,1.0,71.07249354690063
3740,2023-02-01 11:31:34.210,/benchmark1,0.0,cpu,1,b56c7a1e321c4581d02a9de890abf570bd93c969,0.0,69.54572774602578
3741,2023-02-01 11:31:34.210,/benchmark4,35.53648321839697,cpu,1,b56c7a1e321c4581d02a9de890abf570bd93c969,0.5000033268137201,70.30911572572862
3742,2023-02-01 11:31:34.210,/benchmark3,0.0,cpu,1,b56c7a1e321c4581d02a9de890abf570bd93c969,0.0,69.54572774602578
3743,2023-02-01 11:31:34.210,/benchmark2,35.53601032850367,cpu,1,b56c7a1e321c4581d02a9de890abf570bd93c969,0.49999667318628,70.30910556719779
3744,2023-02-01 11:31:34.210,rapl,12.673751831054688,dram,0,RAPL_ENERGY_DRAM,1.0,0.0
3745,2023-02-01 11:31:34.210,global,12.461949157714844,dram,0,78b0a292a97c15df67fefab7e0af9a601bf982d3,1.0,12.461949157714844
3746,2023-02-01 11:31:34.210,/benchmark1,0.0,dram,0,78b0a292a97c15df67fefab7e0af9a601bf982d3,0.0,12.461949157714844
3747,2023-02-01 11:31:34.210,/benchmark4,0.0,dram,0,78b0a292a97c15df67fefab7e0af9a601bf982d3,0.0,12.461949157714844
3748,2023-02-01 11:31:34.210,/benchmark3,0.0,dram,0,78b0a292a97c15df67fefab7e0af9a601bf982d3,0.0,12.461949157714844
3749,2023-02-01 11:31:34.210,/benchmark2,0.0,dram,0,78b0a292a97c15df67fefab7e0af9a601bf982d3,0.0,12.461949157714844
3750,2023-02-01 11:31:34.210,rapl,13.02764892578125,dram,1,RAPL_ENERGY_DRAM,1.0,0.0
3751,2023-02-01 11:31:34.210,global,12.807187906901042,dram,1,e338ce15d13d6313503924a6d20075a34370f3ae,1.0,12.807187906901042
3752,2023-02-01 11:31:34.210,/benchmark1,0.0,dram,1,e338ce15d13d6313503924a6d20075a34370f3ae,0.0,12.807187906901042
3753,2023-02-01 11:31:34.210,/benchmark4,0.0,dram,1,e338ce15d13d6313503924a6d20075a34370f3ae,0.0,12.807187906901042
3754,2023-02-01 11:31:34.210,/benchmark3,0.0,dram,1,e338ce15d13d6313503924a6d20075a34370f3ae,0.0,12.807187906901042
3755,2023-02-01 11:31:34.210,/benchmark2,0.0,dram,1,e338ce15d13d6313503924a6d20075a34370f3ae,0.0,12.807187906901042
3756,2023-02-01 11:31:35.211,rapl,72.086181640625,cpu,0,RAPL_ENERGY_PKG,1.0,0.0
3757,2023-02-01 11:31:35.211,global,72.36406319429365,cpu,0,e46328d77e9f35f861af016694c2714cafb866e6,1.0,72.36406319429365
3758,2023-02-01 11:31:35.211,/benchmark1,36.18154849447422,cpu,0,e46328d77e9f35f861af016694c2714cafb866e6,0.49999332399741975,71.4539771019863
3759,2023-02-01 11:31:35.211,/benchmark4,0.0,cpu,0,e46328d77e9f35f861af016694c2714cafb866e6,0.0,70.54391531230286
3760,2023-02-01 11:31:35.211,/benchmark3,36.18251469981943,cpu,0,e46328d77e9f35f861af016694c2714cafb866e6,0.5000066760025803,71.45400140461021
3761,2023-02-01 11:31:35.211,/benchmark2,0.0,cpu,0,e46328d77e9f35f861af016694c2714cafb866e6,0.0,70.54391531230286
3762,2023-02-01 11:31:35.211,rapl,70.881103515625,cpu,1,RAPL_ENERGY_PKG,1.0,0.0
3763,2023-02-01 11:31:35.211,global,71.07256281308926,cpu,1,b56c7a1e321c4581d02a9de890abf570bd93c969,1.0,71.07256281308926
3764,2023-02-01 11:31:35.211,/benchmark1,0.0,cpu,1,b56c7a1e321c4581d02a9de890abf570bd93c969,0.0,69.54572774602578
3765,2023-02-01 11:31:35.211,/benchmark4,35.53597820784985,cpu,1,b56c7a1e321c4581d02a9de890abf570bd93c969,0.49999573395579416,70.30913876601163
3766,2023-02-01 11:31:35.211,/benchmark3,0.0,cpu,1,b56c7a1e321c4581d02a9de890abf570bd93c969,0.0,69.54572774602578
3767,2023-02-01 11:31:35.211,/benchmark2,35.53658460523941,cpu,1,b56c7a1e321c4581d02a9de890abf570bd93c969,0.5000042660442058,70.30915179310341
3768,2023-02-01 11:31:35.211,rapl,12.634445190429688,dram,0,RAPL_ENERGY_DRAM,1.0,0.0
3769,2023-02-01 11:31:35.211,global,12.461949157714844,dram,0,78b0a292a97c15df67fefab7e0af9a601bf982d3,1.0,12.461949157714844
3770,2023-02-01 11:31:35.211,/benchmark1,0.0,dram,0,78b0a292a97c15df67fefab7e0af9a601bf982d3,0.0,12.461949157714844
3771,2023-02-01 11:31:35.211,/benchmark4,0.0,dram,0,78b0a292a97c15df67fefab7e0af9a601bf982d3,0.0,12.461949157714844
3772,2023-02-01 11:31:35.211,/benchmark3,0.0,dram,0,78b0a292a97c15df67fefab7e0af9a601bf982d3,0.0,12.461949157714844
3773,2023-02-01 11:31:35.211,/benchmark2,0.0,dram,0,78b0a292a97c15df67fefab7e0af9a601bf982d3,0.0,12.461949157714844
3774,2023-02-01 11:31:35.211,rapl,12.969253540039062,dram,1,RAPL_ENERGY_DRAM,1.0,0.0
3775,2023-02-01 11:31:35.211,global,12.807187906901042,dram,1,e338ce15d13d6313503924a6d20075a34370f3ae,1.0,12.807187906901042
3776,2023-02-01 11:31:35.211,/benchmark1,0.0,dram,1,e338ce15d13d6313503924a6d20075a34370f3ae,0.0,12.807187906901042
3777,2023-02-01 11:31:35.211,/benchmark4,0.0,dram,1,e338ce15d13d6313503924a6d20075a34370f3ae,0.0,12.807187906901042
3778,2023-02-01 11:31:35.211,/benchmark3,0.0,dram,1,e338ce15d13d6313503924a6d20075a34370f3ae,0.0,12.807187906901042
3779,2023-02-01 11:31:35.211,/benchmark2,0.0,dram,1,e338ce15d13d6313503924a6d20075a34370f3ae,0.0,12.807187906901042
3780,2023-02-01 11:31:36.211,rapl,72.23150634765625,cpu,0,RAPL_ENERGY_PKG,1.0,0.0
3781,2023-02-01 11:31:36.211,global,72.36407397313431,cpu,0,e46328d77e9f35f861af016694c2714cafb866e6,1.0,72.36407397313431
3782,2023-02-01 11:31:36.211,/benchmark1,36.18191389920274,cpu,0,e46328d77e9f35f861af016694c2714cafb866e6,0.4999982990542453,71.45399154672744
3783,2023-02-01 11:31:36.211,/benchmark4,0.0,cpu,0,e46328d77e9f35f861af016694c2714cafb866e6,0.0,70.54391531230286
3784,2023-02-01 11:31:36.211,/benchmark3,36.18216007393213,cpu,0,e46328d77e9f35f861af016694c2714cafb866e6,0.5000017009457625,71.45399773870975
3785,2023-02-01 11:31:36.211,/benchmark2,0.0,cpu,0,e46328d77e9f35f861af016694c2714cafb866e6,0.0,70.54391531230286
3786,2023-02-01 11:31:36.211,rapl,70.74432373046875,cpu,1,RAPL_ENERGY_PKG,1.0,0.0
3787,2023-02-01 11:31:36.211,global,71.07253713373034,cpu,1,b56c7a1e321c4581d02a9de890abf570bd93c969,1.0,71.07253713373034
3788,2023-02-01 11:31:36.211,/benchmark1,0.0,cpu,1,b56c7a1e321c4581d02a9de890abf570bd93c969,0.0,69.54572774602578
3789,2023-02-01 11:31:36.211,/benchmark4,35.53646191930164,cpu,1,b56c7a1e321c4581d02a9de890abf570bd93c969,0.5000027204943607,70.30913659355438
3790,2023-02-01 11:31:36.211,/benchmark3,0.0,cpu,1,b56c7a1e321c4581d02a9de890abf570bd93c969,0.0,69.54572774602578
3791,2023-02-01 11:31:36.211,/benchmark2,35.5360752144287,cpu,1,b56c7a1e321c4581d02a9de890abf570bd93c969,0.4999972795056393,70.30912828620173
3792,2023-02-01 11:31:36.211,rapl,12.630935668945312,dram,0,RAPL_ENERGY_DRAM,1.0,0.0
3793,2023-02-01 11:31:36.211,global,12.461949157714844,dram,0,78b0a292a97c15df67fefab7e0af9a601bf982d3,1.0,12.461949157714844
3794,2023-02-01 11:31:36.211,/benchmark1,0.0,dram,0,78b0a292a97c15df67fefab7e0af9a601bf982d3,0.0,12.461949157714844
3795,2023-02-01 11:31:36.211,/benchmark4,0.0,dram,0,78b0a292a97c15df67fefab7e0af9a601bf982d3,0.0,12.461949157714844
3796,2023-02-01 11:31:36.211,/benchmark3,0.0,dram,0,78b0a292a97c15df67fefab7e0af9a601bf982d3,0.0,12.461949157714844
3797,2023-02-01 11:31:36.211,/benchmark2,0.0,dram,0,78b0a292a97c15df67fefab7e0af9a601bf982d3,0.0,12.461949157714844
3798,2023-02-01 11:31:36.211,rapl,12.993698120117188,dram,1,RAPL_ENERGY_DRAM,1.0,0.0
3799,2023-02-01 11:31:36.211,global,12.807187906901042,dram,1,e338ce15d13d6313503924a6d20075a34370f3ae,1.0,12.807187906901042
3800,2023-02-01 11:31:36.211,/benchmark1,0.0,dram,1,e338ce15d13d6313503924a6d20075a34370f3ae,0.0,12.807187906901042
3801,2023-02-01 11:31:36.211,/benchmark4,0.0,dram,1,e338ce15d13d6313503924a6d20075a34370f3ae,0.0,12.807187906901042
3802,2023-02-01 11:31:36.211,/benchmark3,0.0,dram,1,e338ce15d13d6313503924a6d20075a34370f3ae,0.0,12.807187906901042
3803,2023-02-01 11:31:36.211,/benchmark2,0.0,dram,1,e338ce15d13d6313503924a6d20075a34370f3ae,0.0,12.807187906901042
3804,2023-02-01 11:31:37.211,rapl,72.14752197265625,cpu,0,RAPL_ENERGY_PKG,1.0,0.0
3805,2023-02-01 11:31:37.211,global,72.364037751848,cpu,0,e46328d77e9f35f861af016694c2714cafb866e6,1.0,72.364037751848
3806,2023-02-01 11:31:37.211,/benchmark1,36.182129273216574,cpu,0,e46328d77e9f35f861af016694c2714cafb866e6,0.5000015255822644,71.45397930882194
3807,2023-02-01 11:31:37.211,/benchmark4,0.0,cpu,0,e46328d77e9f35f861af016694c2714cafb866e6,0.0,70.54391531230286
3808,2023-02-01 11:31:37.211,/benchmark3,36.18190847863143,cpu,0,e46328d77e9f35f861af016694c2714cafb866e6,0.49999847441773565,71.45397375532892
3809,2023-02-01 11:31:37.211,/benchmark2,0.0,cpu,0,e46328d77e9f35f861af016694c2714cafb866e6,0.0,70.54391531230286
3810,2023-02-01 11:31:37.211,rapl,70.7518310546875,cpu,1,RAPL_ENERGY_PKG,1.0,0.0
3811,2023-02-01 11:31:37.211,global,71.07250989387373,cpu,1,b56c7a1e321c4581d02a9de890abf570bd93c969,1.0,71.07250989387373
3812,2023-02-01 11:31:37.211,/benchmark1,0.0,cpu,1,b56c7a1e321c4581d02a9de890abf570bd93c969,0.0,69.54572774602578
3813,2023-02-01 11:31:37.211,/benchmark4,35.536378687548385,cpu,1,b56c7a1e321c4581d02a9de890abf570bd93c969,0.5000017410474417,70.3091214781499
3814,2023-02-01 11:31:37.211,/benchmark3,0.0,cpu,1,b56c7a1e321c4581d02a9de890abf570bd93c969,0.0,69.54572774602578
3815,2023-02-01 11:31:37.211,/benchmark2,35.536131206325344,cpu,1,b56c7a1e321c4581d02a9de890abf570bd93c969,0.4999982589525584,70.3091161617496
3816,2023-02-01 11:31:37.211,rapl,12.715240478515625,dram,0,RAPL_ENERGY_DRAM,1.0,0.0
3817,2023-02-01 11:31:37.211,global,12.461949157714844,dram,0,78b0a292a97c15df67fefab7e0af9a601bf982d3,1.0,12.461949157714844
3818,2023-02-01 11:31:37.211,/benchmark1,0.0,dram,0,78b0a292a97c15df67fefab7e0af9a601bf982d3,0.0,12.461949157714844
3819,2023-02-01 11:31:37.211,/benchmark4,0.0,dram,0,78b0a292a97c15df67fefab7e0af9a601bf982d3,0.0,12.461949157714844
3820,2023-02-01 11:31:37.211,/benchmark3,0.0,dram,0,78b0a292a97c15df67fefab7e0af9a601bf982d3,0.0,12.461949157714844
3821,2023-02-01 11:31:37.211,/benchmark2,0.0,dram,0,78b0a292a97c15df67fefab7e0af9a601bf982d3,0.0,12.461949157714844
3822,2023-02-01 11:31:37.211,rapl,12.948013305664062,dram,1,RAPL_ENERGY_DRAM,1.0,0.0
3823,2023-02-01 11:31:37.211,global,12.807187906901042,dram,1,e338ce15d13d6313503924a6d20075a34370f3ae,1.0,12.807187906901042
3824,2023-02-01 11:31:37.211,/benchmark1,0.0,dram,1,e338ce15d13d6313503924a6d20075a34370f3ae,0.0,12.807187906901042
3825,2023-02-01 11:31:37.211,/benchmark4,0.0,dram,1,e338ce15d13d6313503924a6d20075a34370f3ae,0.0,12.807187906901042
3826,2023-02-01 11:31:37.211,/benchmark3,0.0,dram,1,e338ce15d13d6313503924a6d20075a34370f3ae,0.0,12.807187906901042
3827,2023-02-01 11:31:37.211,/benchmark2,0.0,dram,1,e338ce15d13d6313503924a6d20075a34370f3ae,0.0,12.807187906901042
3828,2023-02-01 11:31:38.211,rapl,72.17120361328125,cpu,0,RAPL_ENERGY_PKG,1.0,0.0
3829,2023-02-01 11:31:38.211,global,72.36404008635033,cpu,0,e46328d77e9f35f861af016694c2714cafb866e6,1.0,72.36404008635033
3830,2023-02-01 11:31:38.211,/benchmark1,36.18197381565748,cpu,0,e46328d77e9f35f861af016694c2714cafb866e6,0.49999936118108346,71.45397653659646
3831,2023-02-01 11:31:38.211,/benchmark4,0.0,cpu,0,e46328d77e9f35f861af016694c2714cafb866e6,0.0,70.54391531230286
3832,2023-02-01 11:31:38.211,/benchmark3,36.18206627069285,cpu,0,e46328d77e9f35f861af016694c2714cafb866e6,0.5000006388189165,71.45397886205673
3833,2023-02-01 11:31:38.211,/benchmark2,0.0,cpu,0,e46328d77e9f35f861af016694c2714cafb866e6,0.0,70.54391531230286
3834,2023-02-01 11:31:38.211,rapl,70.70001220703125,cpu,1,RAPL_ENERGY_PKG,1.0,0.0
3835,2023-02-01 11:31:38.211,global,71.07250688762191,cpu,1,b56c7a1e321c4581d02a9de890abf570bd93c969,1.0,71.07250688762191
3836,2023-02-01 11:31:38.211,/benchmark1,0.0,cpu,1,b56c7a1e321c4581d02a9de890abf570bd93c969,0.0,69.54572774602578
3837,2023-02-01 11:31:38.211,/benchmark4,35.53647279447392,cpu,1,b56c7a1e321c4581d02a9de890abf570bd93c969,0.5000030862941603,70.3091220289134
3838,2023-02-01 11:31:38.211,/benchmark3,0.0,cpu,1,b56c7a1e321c4581d02a9de890abf570bd93c969,0.0,69.54572774602578
3839,2023-02-01 11:31:38.211,/benchmark2,35.53603409314733,cpu,1,b56c7a1e321c4581d02a9de890abf570bd93c969,0.4999969137058304,70.30911260473428
3840,2023-02-01 11:31:38.211,rapl,12.6689453125,dram,0,RAPL_ENERGY_DRAM,1.0,0.0
3841,2023-02-01 11:31:38.211,global,12.461949157714844,dram,0,78b0a292a97c15df67fefab7e0af9a601bf982d3,1.0,12.461949157714844
3842,2023-02-01 11:31:38.211,/benchmark1,0.0,dram,0,78b0a292a97c15df67fefab7e0af9a601bf982d3,0.0,12.461949157714844
3843,2023-02-01 11:31:38.211,/benchmark4,0.0,dram,0,78b0a292a97c15df67fefab7e0af9a601bf982d3,0.0,12.461949157714844
3844,2023-02-01 11:31:38.211,/benchmark3,0.0,dram,0,78b0a292a97c15df67fefab7e0af9a601bf982d3,0.0,12.461949157714844
3845,2023-02-01 11:31:38.211,/benchmark2,0.0,dram,0,78b0a292a97c15df67fefab7e0af9a601bf982d3,0.0,12.461949157714844
3846,2023-02-01 11:31:38.211,rapl,13.0037841796875,dram,1,RAPL_ENERGY_DRAM,1.0,0.0
3847,2023-02-01 11:31:38.211,global,12.807187906901042,dram,1,e338ce15d13d6313503924a6d20075a34370f3ae,1.0,12.807187906901042
3848,2023-02-01 11:31:38.211,/benchmark1,0.0,dram,1,e338ce15d13d6313503924a6d20075a34370f3ae,0.0,12.807187906901042
3849,2023-02-01 11:31:38.211,/benchmark4,0.0,dram,1,e338ce15d13d6313503924a6d20075a34370f3ae,0.0,12.807187906901042
3850,2023-02-01 11:31:38.211,/benchmark3,0.0,dram,1,e338ce15d13d6313503924a6d20075a34370f3ae,0.0,12.807187906901042
3851,2023-02-01 11:31:38.211,/benchmark2,0.0,dram,1,e338ce15d13d6313503924a6d20075a34370f3ae,0.0,12.807187906901042
3852,2023-02-01 11:31:39.212,rapl,72.07061767578125,cpu,0,RAPL_ENERGY_PKG,1.0,0.0
3853,2023-02-01 11:31:39.212,global,72.36402180244365,cpu,0,e46328d77e9f35f861af016694c2714cafb866e6,1.0,72.36402180244365
3854,2023-02-01 11:31:39.212,/benchmark1,36.182399564677695,cpu,0,e46328d77e9f35f861af016694c2714cafb866e6,0.5000053709487974,71.45397833307202
3855,2023-02-01 11:31:39.212,/benchmark4,0.0,cpu,0,e46328d77e9f35f861af016694c2714cafb866e6,0.0,70.54391531230286
3856,2023-02-01 11:31:39.212,/benchmark3,36.18162223776595,cpu,0,e46328d77e9f35f861af016694c2714cafb866e6,0.4999946290512027,71.45395878167449
3857,2023-02-01 11:31:39.212,/benchmark2,0.0,cpu,0,e46328d77e9f35f861af016694c2714cafb866e6,0.0,70.54391531230286
3858,2023-02-01 11:31:39.212,rapl,70.6090087890625,cpu,1,RAPL_ENERGY_PKG,1.0,0.0
3859,2023-02-01 11:31:39.212,global,71.07247488977899,cpu,1,b56c7a1e321c4581d02a9de890abf570bd93c969,1.0,71.07247488977899
3860,2023-02-01 11:31:39.212,/benchmark1,0.0,cpu,1,b56c7a1e321c4581d02a9de890abf570bd93c969,0.0,69.54572774602578
3861,2023-02-01 11:31:39.212,/benchmark4,35.53666956745731,cpu,1,b56c7a1e321c4581d02a9de890abf570bd93c969,0.5000060800270215,70.30911060056627
3862,2023-02-01 11:31:39.212,/benchmark3,0.0,cpu,1,b56c7a1e321c4581d02a9de890abf570bd93c969,0.0,69.54572774602578
3863,2023-02-01 11:31:39.212,/benchmark2,35.53580532232167,cpu,1,b56c7a1e321c4581d02a9de890abf570bd93c969,0.49999391997297843,70.30909203523849
3864,2023-02-01 11:31:39.212,rapl,12.697174072265625,dram,0,RAPL_ENERGY_DRAM,1.0,0.0
3865,2023-02-01 11:31:39.212,global,12.461949157714844,dram,0,78b0a292a97c15df67fefab7e0af9a601bf982d3,1.0,12.461949157714844
3866,2023-02-01 11:31:39.212,/benchmark1,0.0,dram,0,78b0a292a97c15df67fefab7e0af9a601bf982d3,0.0,12.461949157714844
3867,2023-02-01 11:31:39.212,/benchmark4,0.0,dram,0,78b0a292a97c15df67fefab7e0af9a601bf982d3,0.0,12.461949157714844
3868,2023-02-01 11:31:39.212,/benchmark3,0.0,dram,0,78b0a292a97c15df67fefab7e0af9a601bf982d3,0.0,12.461949157714844
3869,2023-02-01 11:31:39.212,/benchmark2,0.0,dram,0,78b0a292a97c15df67fefab7e0af9a601bf982d3,0.0,12.461949157714844
3870,2023-02-01 11:31:39.212,rapl,13.0228271484375,dram,1,RAPL_ENERGY_DRAM,1.0,0.0
3871,2023-02-01 11:31:39.212,global,12.807187906901042,dram,1,e338ce15d13d6313503924a6d20075a34370f3ae,1.0,12.807187906901042
3872,2023-02-01 11:31:39.212,/benchmark1,0.0,dram,1,e338ce15d13d6313503924a6d20075a34370f3ae,0.0,12.807187906901042
3873,2023-02-01 11:31:39.212,/benchmark4,0.0,dram,1,e338ce15d13d6313503924a6d20075a34370f3ae,0.0,12.807187906901042
3874,2023-02-01 11:31:39.212,/benchmark3,0.0,dram,1,e338ce15d13d6313503924a6d20075a34370f3ae,0.0,12.807187906901042
3875,2023-02-01 11:31:39.212,/benchmark2,0.0,dram,1,e338ce15d13d6313503924a6d20075a34370f3ae,0.0,12.807187906901042
3876,2023-02-01 11:31:40.212,rapl,72.0723876953125,cpu,0,RAPL_ENERGY_PKG,1.0,0.0
3877,2023-02-01 11:31:40.212,global,72.36407580608667,cpu,0,e46328d77e9f35f861af016694c2714cafb866e6,1.0,72.36407580608667
3878,2023-02-01 11:31:40.212,/benchmark1,36.181707618441116,cpu,0,e46328d77e9f35f861af016694c2714cafb866e6,0.4999954357932643,71.45398725160598
3879,2023-02-01 11:31:40.212,/benchmark4,0.0,cpu,0,e46328d77e9f35f861af016694c2714cafb866e6,0.0,70.54391531230286
3880,2023-02-01 11:31:40.212,/benchmark3,36.18236818764612,cpu,0,e46328d77e9f35f861af016694c2714cafb866e6,0.5000045642067436,71.45400386678357
3881,2023-02-01 11:31:40.212,/benchmark2,0.0,cpu,0,e46328d77e9f35f861af016694c2714cafb866e6,0.0,70.54391531230286
3882,2023-02-01 11:31:40.212,rapl,70.757080078125,cpu,1,RAPL_ENERGY_PKG,1.0,0.0
3883,2023-02-01 11:31:40.212,global,71.07255399322001,cpu,1,b56c7a1e321c4581d02a9de890abf570bd93c969,1.0,71.07255399322001
3884,2023-02-01 11:31:40.212,/benchmark1,0.0,cpu,1,b56c7a1e321c4581d02a9de890abf570bd93c969,0.0,69.54572774602578
3885,2023-02-01 11:31:40.212,/benchmark4,35.536231418620105,cpu,1,b56c7a1e321c4581d02a9de890abf570bd93c969,0.49999935871180445,70.30913989048724
3886,2023-02-01 11:31:40.212,/benchmark3,0.0,cpu,1,b56c7a1e321c4581d02a9de890abf570bd93c969,0.0,69.54572774602578
3887,2023-02-01 11:31:40.212,/benchmark2,35.53632257459991,cpu,1,b56c7a1e321c4581d02a9de890abf570bd93c969,0.5000006412881955,70.30914184875854
3888,2023-02-01 11:31:40.212,rapl,12.680694580078125,dram,0,RAPL_ENERGY_DRAM,1.0,0.0
3889,2023-02-01 11:31:40.212,global,12.461949157714844,dram,0,78b0a292a97c15df67fefab7e0af9a601bf982d3,1.0,12.461949157714844
3890,2023-02-01 11:31:40.212,/benchmark1,0.0,dram,0,78b0a292a97c15df67fefab7e0af9a601bf982d3,0.0,12.461949157714844
3891,2023-02-01 11:31:40.212,/benchmark4,0.0,dram,0,78b0a292a97c15df67fefab7e0af9a601bf982d3,0.0,12.461949157714844
3892,2023-02-01 11:31:40.212,/benchmark3,0.0,dram,0,78b0a292a97c15df67fefab7e0af9a601bf982d3,0.0,12.461949157714844
3893,2023-02-01 11:31:40.212,/benchmark2,0.0,dram,0,78b0a292a97c15df67fefab7e0af9a601bf982d3,0.0,12.461949157714844
3894,2023-02-01 11:31:40.212,rapl,13.042190551757812,dram,1,RAPL_ENERGY_DRAM,1.0,0.0
3895,2023-02-01 11:31:40.212,global,12.807187906901042,dram,1,e338ce15d13d6313503924a6d20075a34370f3ae,1.0,12.807187906901042
3896,2023-02-01 11:31:40.212,/benchmark1,0.0,dram,1,e338ce15d13d6313503924a6d20075a34370f3ae,0.0,12.807187906901042
3897,2023-02-01 11:31:40.212,/benchmark4,0.0,dram,1,e338ce15d13d6313503924a6d20075a34370f3ae,0.0,12.807187906901042
3898,2023-02-01 11:31:40.212,/benchmark3,0.0,dram,1,e338ce15d13d6313503924a6d20075a34370f3ae,0.0,12.807187906901042
3899,2023-02-01 11:31:40.212,/benchmark2,0.0,dram,1,e338ce15d13d6313503924a6d20075a34370f3ae,0.0,12.807187906901042
3900,2023-02-01 11:31:41.212,rapl,72.11578369140625,cpu,0,RAPL_ENERGY_PKG,1.0,0.0
3901,2023-02-01 11:31:41.212,global,72.36405516031681,cpu,0,e46328d77e9f35f861af016694c2714cafb866e6,1.0,72.36405516031681
3902,2023-02-01 11:31:41.212,/benchmark1,36.18200655054171,cpu,0,e46328d77e9f35f861af016694c2714cafb866e6,0.4999997093914009,71.45398470736154
3903,2023-02-01 11:31:41.212,/benchmark4,0.0,cpu,0,e46328d77e9f35f861af016694c2714cafb866e6,0.0,70.54391531230286
3904,2023-02-01 11:31:41.212,/benchmark3,36.1820486097751,cpu,0,e46328d77e9f35f861af016694c2714cafb866e6,0.5000002906085991,71.45398576525812
3905,2023-02-01 11:31:41.212,/benchmark2,0.0,cpu,0,e46328d77e9f35f861af016694c2714cafb866e6,0.0,70.54391531230286
3906,2023-02-01 11:31:41.212,rapl,70.70660400390625,cpu,1,RAPL_ENERGY_PKG,1.0,0.0
3907,2023-02-01 11:31:41.212,global,71.07253096058687,cpu,1,b56c7a1e321c4581d02a9de890abf570bd93c969,1.0,71.07253096058687
3908,2023-02-01 11:31:41.212,/benchmark1,0.0,cpu,1,b56c7a1e321c4581d02a9de890abf570bd93c969,0.0,69.54572774602578
3909,2023-02-01 11:31:41.212,/benchmark4,35.536237527767085,cpu,1,b56c7a1e321c4581d02a9de890abf570bd93c969,0.4999996067042221,70.30912875282107
3910,2023-02-01 11:31:41.212,/benchmark3,0.0,cpu,1,b56c7a1e321c4581d02a9de890abf570bd93c969,0.0,69.54572774602578
3911,2023-02-01 11:31:41.212,/benchmark2,35.53629343282045,cpu,1,b56c7a1e321c4581d02a9de890abf570bd93c969,0.5000003932957872,70.3091299537916
3912,2023-02-01 11:31:41.212,rapl,12.696929931640625,dram,0,RAPL_ENERGY_DRAM,1.0,0.0
3913,2023-02-01 11:31:41.212,global,12.461949157714844,dram,0,78b0a292a97c15df67fefab7e0af9a601bf982d3,1.0,12.461949157714844
3914,2023-02-01 11:31:41.212,/benchmark1,0.0,dram,0,78b0a292a97c15df67fefab7e0af9a601bf982d3,0.0,12.461949157714844
3915,2023-02-01 11:31:41.212,/benchmark4,0.0,dram,0,78b0a292a97c15df67fefab7e0af9a601bf982d3,0.0,12.461949157714844
3916,2023-02-01 11:31:41.212,/benchmark3,0.0,dram,0,78b0a292a97c15df67fefab7e0af9a601bf982d3,0.0,12.461949157714844
3917,2023-02-01 11:31:41.212,/benchmark2,0.0,dram,0,78b0a292a97c15df67fefab7e0af9a601bf982d3,0.0,12.461949157714844
3918,2023-02-01 11:31:41.212,rapl,13.013870239257812,dram,1,RAPL_ENERGY_DRAM,1.0,0.0
3919,2023-02-01 11:31:41.212,global,12.807187906901042,dram,1,e338ce15d13d6313503924a6d20075a34370f3ae,1.0,12.807187906901042
3920,2023-02-01 11:31:41.212,/benchmark1,0.0,dram,1,e338ce15d13d6313503924a6d20075a34370f3ae,0.0,12.807187906901042
3921,2023-02-01 11:31:41.212,/benchmark4,0.0,dram,1,e338ce15d13d6313503924a6d20075a34370f3ae,0.0,12.807187906901042
3922,2023-02-01 11:31:41.212,/benchmark3,0.0,dram,1,e338ce15d13d6313503924a6d20075a34370f3ae,0.0,12.807187906901042
3923,2023-02-01 11:31:41.212,/benchmark2,0.0,dram,1,e338ce15d13d6313503924a6d20075a34370f3ae,0.0,12.807187906901042
3924,2023-02-01 11:31:42.212,rapl,72.0596923828125,cpu,0,RAPL_ENERGY_PKG,1.0,0.0
3925,2023-02-01 11:31:42.212,global,72.36402656263925,cpu,0,e46328d77e9f35f861af016694c2714cafb866e6,1.0,72.36402656263925
3926,2023-02-01 11:31:42.212,/benchmark1,36.18198137457729,cpu,0,e46328d77e9f35f861af016694c2714cafb866e6,0.4999995590800588,71.45397013494771
3927,2023-02-01 11:31:42.212,/benchmark4,0.0,cpu,0,e46328d77e9f35f861af016694c2714cafb866e6,0.0,70.54391531230286
3928,2023-02-01 11:31:42.212,/benchmark3,36.18204518806253,cpu,0,e46328d77e9f35f861af016694c2714cafb866e6,0.500000440919949,71.45397173999442
3929,2023-02-01 11:31:42.212,/benchmark2,0.0,cpu,0,e46328d77e9f35f861af016694c2714cafb866e6,0.0,70.54391531230286
3930,2023-02-01 11:31:42.212,rapl,70.64801025390625,cpu,1,RAPL_ENERGY_PKG,1.0,0.0
3931,2023-02-01 11:31:42.212,global,71.07249438834414,cpu,1,b56c7a1e321c4581d02a9de890abf570bd93c969,1.0,71.07249438834414
3932,2023-02-01 11:31:42.212,/benchmark1,0.0,cpu,1,b56c7a1e321c4581d02a9de890abf570bd93c969,0.0,69.54572774602578
3933,2023-02-01 11:31:42.212,/benchmark4,35.53646725878741,cpu,1,b56c7a1e321c4581d02a9de890abf570bd93c969,0.5000030963401135,70.30911579457376
3934,2023-02-01 11:31:42.212,/benchmark3,0.0,cpu,1,b56c7a1e321c4581d02a9de890abf570bd93c969,0.0,69.54572774602578
3935,2023-02-01 11:31:42.212,/benchmark2,35.53602712955738,cpu,1,b56c7a1e321c4581d02a9de890abf570bd93c969,0.49999690365989574,70.30910633979617
3936,2023-02-01 11:31:42.212,rapl,12.627334594726562,dram,0,RAPL_ENERGY_DRAM,1.0,0.0
3937,2023-02-01 11:31:42.212,global,12.461949157714844,dram,0,78b0a292a97c15df67fefab7e0af9a601bf982d3,1.0,12.461949157714844
3938,2023-02-01 11:31:42.212,/benchmark1,0.0,dram,0,78b0a292a97c15df67fefab7e0af9a601bf982d3,0.0,12.461949157714844
3939,2023-02-01 11:31:42.212,/benchmark4,0.0,dram,0,78b0a292a97c15df67fefab7e0af9a601bf982d3,0.0,12.461949157714844
3940,2023-02-01 11:31:42.212,/benchmark3,0.0,dram,0,78b0a292a97c15df67fefab7e0af9a601bf982d3,0.0,12.461949157714844
3941,2023-02-01 11:31:42.212,/benchmark2,0.0,dram,0,78b0a292a97c15df67fefab7e0af9a601bf982d3,0.0,12.461949157714844
3942,2023-02-01 11:31:42.212,rapl,12.997833251953125,dram,1,RAPL_ENERGY_DRAM,1.0,0.0
3943,2023-02-01 11:31:42.212,global,12.807187906901042,dram,1,e338ce15d13d6313503924a6d20075a34370f3ae,1.0,12.807187906901042
3944,2023-02-01 11:31:42.212,/benchmark1,0.0,dram,1,e338ce15d13d6313503924a6d20075a34370f3ae,0.0,12.807187906901042
3945,2023-02-01 11:31:42.212,/benchmark4,0.0,dram,1,e338ce15d13d6313503924a6d20075a34370f3ae,0.0,12.807187906901042
3946,2023-02-01 11:31:42.212,/benchmark3,0.0,dram,1,e338ce15d13d6313503924a6d20075a34370f3ae,0.0,12.807187906901042
3947,2023-02-01 11:31:42.212,/benchmark2,0.0,dram,1,e338ce15d13d6313503924a6d20075a34370f3ae,0.0,12.807187906901042
3948,2023-02-01 11:31:43.212,rapl,72.0458984375,cpu,0,RAPL_ENERGY_PKG,1.0,0.0
3949,2023-02-01 11:31:43.212,global,72.36405614518246,cpu,0,e46328d77e9f35f861af016694c2714cafb866e6,1.0,72.36405614518246
3950,2023-02-01 11:31:43.212,/benchmark1,36.182062876205904,cpu,0,e46328d77e9f35f861af016694c2714cafb866e6,0.5000004809516841,71.45398660414246
3951,2023-02-01 11:31:43.212,/benchmark4,0.0,cpu,0,e46328d77e9f35f861af016694c2714cafb866e6,0.0,70.54391531230286
3952,2023-02-01 11:31:43.212,/benchmark3,36.18199326897656,cpu,0,e46328d77e9f35f861af016694c2714cafb866e6,0.4999995190483159,71.45398485334286
3953,2023-02-01 11:31:43.212,/benchmark2,0.0,cpu,0,e46328d77e9f35f861af016694c2714cafb866e6,0.0,70.54391531230286
3954,2023-02-01 11:31:43.212,rapl,70.694091796875,cpu,1,RAPL_ENERGY_PKG,1.0,0.0
3955,2023-02-01 11:31:43.212,global,71.07253995639464,cpu,1,b56c7a1e321c4581d02a9de890abf570bd93c969,1.0,71.07253995639464
3956,2023-02-01 11:31:43.212,/benchmark1,0.0,cpu,1,b56c7a1e321c4581d02a9de890abf570bd93c969,0.0,69.54572774602578
3957,2023-02-01 11:31:43.212,/benchmark4,35.536078584559256,cpu,1,b56c7a1e321c4581d02a9de890abf570bd93c969,0.499997307066299,70.30912973960615
3958,2023-02-01 11:31:43.212,/benchmark3,0.0,cpu,1,b56c7a1e321c4581d02a9de890abf570bd93c969,0.0,69.54572774602578
3959,2023-02-01 11:31:43.212,/benchmark2,35.53646137183471,cpu,1,b56c7a1e321c4581d02a9de890abf570bd93c969,0.5000026929336916,70.30913796281425
3960,2023-02-01 11:31:43.212,rapl,12.660873413085938,dram,0,RAPL_ENERGY_DRAM,1.0,0.0
3961,2023-02-01 11:31:43.212,global,12.461949157714844,dram,0,78b0a292a97c15df67fefab7e0af9a601bf982d3,1.0,12.461949157714844
3962,2023-02-01 11:31:43.212,/benchmark1,0.0,dram,0,78b0a292a97c15df67fefab7e0af9a601bf982d3,0.0,12.461949157714844
3963,2023-02-01 11:31:43.212,/benchmark4,0.0,dram,0,78b0a292a97c15df67fefab7e0af9a601bf982d3,0.0,12.461949157714844
3964,2023-02-01 11:31:43.212,/benchmark3,0.0,dram,0,78b0a292a97c15df67fefab7e0af9a601bf982d3,0.0,12.461949157714844
3965,2023-02-01 11:31:43.212,/benchmark2,0.0,dram,0,78b0a292a97c15df67fefab7e0af9a601bf982d3,0.0,12.461949157714844
3966,2023-02-01 11:31:43.212,rapl,13.004486083984375,dram,1,RAPL_ENERGY_DRAM,1.0,0.0
3967,2023-02-01 11:31:43.212,global,12.807187906901042,dram,1,e338ce15d13d6313503924a6d20075a34370f3ae,1.0,12.807187906901042
3968,2023-02-01 11:31:43.212,/benchmark1,0.0,dram,1,e338ce15d13d6313503924a6d20075a34370f3ae,0.0,12.807187906901042
3969,2023-02-01 11:31:43.212,/benchmark4,0.0,dram,1,e338ce15d13d6313503924a6d20075a34370f3ae,0.0,12.807187906901042
3970,2023-02-01 11:31:43.212,/benchmark3,0.0,dram,1,e338ce15d13d6313503924a6d20075a34370f3ae,0.0,12.807187906901042
3971,2023-02-01 11:31:43.212,/benchmark2,0.0,dram,1,e338ce15d13d6313503924a6d20075a34370f3ae,0.0,12.807187906901042
3972,2023-02-01 11:31:44.213,rapl,72.05706787109375,cpu,0,RAPL_ENERGY_PKG,1.0,0.0
3973,2023-02-01 11:31:44.213,global,72.36402846854331,cpu,0,e46328d77e9f35f861af016694c2714cafb866e6,1.0,72.36402846854331
3974,2023-02-01 11:31:44.213,/benchmark1,36.18151263201363,cpu,0,e46328d77e9f35f861af016694c2714cafb866e6,0.49999306834806406,71.4539592740322
3975,2023-02-01 11:31:44.213,/benchmark4,0.0,cpu,0,e46328d77e9f35f861af016694c2714cafb866e6,0.0,70.54391531230286
3976,2023-02-01 11:31:44.213,/benchmark3,36.18251583652969,cpu,0,e46328d77e9f35f861af016694c2714cafb866e6,0.500006931651936,71.45398450681397
3977,2023-02-01 11:31:44.213,/benchmark2,0.0,cpu,0,e46328d77e9f35f861af016694c2714cafb866e6,0.0,70.54391531230286
3978,2023-02-01 11:31:44.213,rapl,70.77630615234375,cpu,1,RAPL_ENERGY_PKG,1.0,0.0
3979,2023-02-01 11:31:44.213,global,71.07251714559658,cpu,1,b56c7a1e321c4581d02a9de890abf570bd93c969,1.0,71.07251714559658
3980,2023-02-01 11:31:44.213,/benchmark1,0.0,cpu,1,b56c7a1e321c4581d02a9de890abf570bd93c969,0.0,69.54572774602578
3981,2023-02-01 11:31:44.213,/benchmark4,35.53632462682602,cpu,1,b56c7a1e321c4581d02a9de890abf570bd93c969,0.5000009293891702,70.30912386479271
3982,2023-02-01 11:31:44.213,/benchmark3,0.0,cpu,1,b56c7a1e321c4581d02a9de890abf570bd93c969,0.0,69.54572774602578
3983,2023-02-01 11:31:44.213,/benchmark2,35.536192518770555,cpu,1,b56c7a1e321c4581d02a9de890abf570bd93c969,0.49999907061082977,70.30912102682964
3984,2023-02-01 11:31:44.213,rapl,12.614303588867188,dram,0,RAPL_ENERGY_DRAM,1.0,0.0
3985,2023-02-01 11:31:44.213,global,12.461949157714844,dram,0,78b0a292a97c15df67fefab7e0af9a601bf982d3,1.0,12.461949157714844
3986,2023-02-01 11:31:44.213,/benchmark1,0.0,dram,0,78b0a292a97c15df67fefab7e0af9a601bf982d3,0.0,12.461949157714844
3987,2023-02-01 11:31:44.213,/benchmark4,0.0,dram,0,78b0a292a97c15df67fefab7e0af9a601bf982d3,0.0,12.461949157714844
3988,2023-02-01 11:31:44.213,/benchmark3,0.0,dram,0,78b0a292a97c15df67fefab7e0af9a601bf982d3,0.0,12.461949157714844
3989,2023-02-01 11:31:44.213,/benchmark2,0.0,dram,0,78b0a292a97c15df67fefab7e0af9a601bf982d3,0.0,12.461949157714844
3990,2023-02-01 11:31:44.213,rapl,12.946243286132812,dram,1,RAPL_ENERGY_DRAM,1.0,0.0
3991,2023-02-01 11:31:44.213,global,12.807187906901042,dram,1,e338ce15d13d6313503924a6d20075a34370f3ae,1.0,12.807187906901042
3992,2023-02-01 11:31:44.213,/benchmark1,0.0,dram,1,e338ce15d13d6313503924a6d20075a34370f3ae,0.0,12.807187906901042
3993,2023-02-01 11:31:44.213,/benchmark4,0.0,dram,1,e338ce15d13d6313503924a6d20075a34370f3ae,0.0,12.807187906901042
3994,2023-02-01 11:31:44.213,/benchmark3,0.0,dram,1,e338ce15d13d6313503924a6d20075a34370f3ae,0.0,12.807187906901042
3995,2023-02-01 11:31:44.213,/benchmark2,0.0,dram,1,e338ce15d13d6313503924a6d20075a34370f3ae,0.0,12.807187906901042
3996,2023-02-01 11:31:45.213,rapl,72.0400390625,cpu,0,RAPL_ENERGY_PKG,1.0,0.0
3997,2023-02-01 11:31:45.213,global,72.36389070545187,cpu,0,e46328d77e9f35f861af016694c2714cafb866e6,1.0,72.36389070545187
3998,2023-02-01 11:31:45.213,/benchmark1,36.184665471475604,cpu,0,e46328d77e9f35f861af016694c2714cafb866e6,0.5000375894485931,71.45397142074884
3999,2023-02-01 11:31:45.213,/benchmark3,36.17922523397626,cpu,0,e46328d77e9f35f861af016694c2714cafb866e6,0.4999624105514069,71.45383459700588
4000,2023-02-01 11:31:45.213,/benchmark2,0.0,cpu,0,e46328d77e9f35f861af016694c2714cafb866e6,0.0,70.54391531230286
4001,2023-02-01 11:31:45.213,/benchmark4,0.0,cpu,0,e46328d77e9f35f861af016694c2714cafb866e6,0.0,70.54391531230286
4002,2023-02-01 11:31:45.213,rapl,70.72003173828125,cpu,1,RAPL_ENERGY_PKG,1.0,0.0
4003,2023-02-01 11:31:45.213,global,71.07271916114476,cpu,1,b56c7a1e321c4581d02a9de890abf570bd93c969,1.0,71.07271916114476
4004,2023-02-01 11:31:45.213,/benchmark1,0.0,cpu,1,b56c7a1e321c4581d02a9de890abf570bd93c969,0.0,69.54572774602578
4005,2023-02-01 11:31:45.213,/benchmark3,0.0,cpu,1,b56c7a1e321c4581d02a9de890abf570bd93c969,0.0,69.54572774602578
4006,2023-02-01 11:31:45.213,/benchmark2,35.52602123795328,cpu,1,b56c7a1e321c4581d02a9de890abf570bd93c969,0.4998545385241887,70.30900133516047
4007,2023-02-01 11:31:45.213,/benchmark4,35.54669792319148,cpu,1,b56c7a1e321c4581d02a9de890abf570bd93c969,0.5001454614758113,70.30944557201006
4008,2023-02-01 11:31:45.213,rapl,12.662246704101562,dram,0,RAPL_ENERGY_DRAM,1.0,0.0
4009,2023-02-01 11:31:45.213,global,12.461949157714844,dram,0,78b0a292a97c15df67fefab7e0af9a601bf982d3,1.0,12.461949157714844
4010,2023-02-01 11:31:45.213,/benchmark1,0.0,dram,0,78b0a292a97c15df67fefab7e0af9a601bf982d3,0.0,12.461949157714844
4011,2023-02-01 11:31:45.213,/benchmark3,0.0,dram,0,78b0a292a97c15df67fefab7e0af9a601bf982d3,0.0,12.461949157714844
4012,2023-02-01 11:31:45.213,/benchmark2,0.0,dram,0,78b0a292a97c15df67fefab7e0af9a601bf982d3,0.0,12.461949157714844
4013,2023-02-01 11:31:45.213,/benchmark4,0.0,dram,0,78b0a292a97c15df67fefab7e0af9a601bf982d3,0.0,12.461949157714844
4014,2023-02-01 11:31:45.213,rapl,13.05865478515625,dram,1,RAPL_ENERGY_DRAM,1.0,0.0
4015,2023-02-01 11:31:45.213,global,12.807187906901042,dram,1,e338ce15d13d6313503924a6d20075a34370f3ae,1.0,12.807187906901042
4016,2023-02-01 11:31:45.213,/benchmark1,0.0,dram,1,e338ce15d13d6313503924a6d20075a34370f3ae,0.0,12.807187906901042
4017,2023-02-01 11:31:45.213,/benchmark3,0.0,dram,1,e338ce15d13d6313503924a6d20075a34370f3ae,0.0,12.807187906901042
4018,2023-02-01 11:31:45.213,/benchmark2,0.0,dram,1,e338ce15d13d6313503924a6d20075a34370f3ae,0.0,12.807187906901042
4019,2023-02-01 11:31:45.213,/benchmark4,0.0,dram,1,e338ce15d13d6313503924a6d20075a34370f3ae,0.0,12.807187906901042
4020,2023-02-01 11:31:46.213,rapl,72.07659912109375,cpu,0,RAPL_ENERGY_PKG,1.0,0.0
4021,2023-02-01 11:31:46.213,global,72.3641977018444,cpu,0,e46328d77e9f35f861af016694c2714cafb866e6,1.0,72.3641977018444
4022,2023-02-01 11:31:46.213,/benchmark1,36.17912740174104,cpu,0,e46328d77e9f35f861af016694c2714cafb866e6,0.4999589375785882,71.45398176187106
4023,2023-02-01 11:31:46.213,/benchmark4,0.0,cpu,0,e46328d77e9f35f861af016694c2714cafb866e6,0.0,70.54391531230286
4024,2023-02-01 11:31:46.213,/benchmark3,36.185070300103924,cpu,0,e46328d77e9f35f861af016694c2714cafb866e6,0.5000410624214195,71.45413125227621
4025,2023-02-01 11:31:46.213,/benchmark2,0.0,cpu,0,e46328d77e9f35f861af016694c2714cafb866e6,0.0,70.54391531230286
4026,2023-02-01 11:31:46.213,rapl,70.67388916015625,cpu,1,RAPL_ENERGY_PKG,1.0,0.0
4027,2023-02-01 11:31:46.213,global,71.07232918982241,cpu,1,b56c7a1e321c4581d02a9de890abf570bd93c969,1.0,71.07232918982241
4028,2023-02-01 11:31:46.213,/benchmark1,0.0,cpu,1,b56c7a1e321c4581d02a9de890abf570bd93c969,0.0,69.54572774602578
4029,2023-02-01 11:31:46.213,/benchmark4,35.52601134824809,cpu,1,b56c7a1e321c4581d02a9de890abf570bd93c969,0.4998571420582545,70.30881038078397
4030,2023-02-01 11:31:46.213,/benchmark3,0.0,cpu,1,b56c7a1e321c4581d02a9de890abf570bd93c969,0.0,69.54572774602578
4031,2023-02-01 11:31:46.213,/benchmark2,35.54631784157499,cpu,1,b56c7a1e321c4581d02a9de890abf570bd93c969,0.5001428579417548,70.30924655506423
4032,2023-02-01 11:31:46.213,rapl,12.67291259765625,dram,0,RAPL_ENERGY_DRAM,1.0,0.0
4033,2023-02-01 11:31:46.213,global,12.461949157714844,dram,0,78b0a292a97c15df67fefab7e0af9a601bf982d3,1.0,12.461949157714844
4034,2023-02-01 11:31:46.213,/benchmark1,0.0,dram,0,78b0a292a97c15df67fefab7e0af9a601bf982d3,0.0,12.461949157714844
4035,2023-02-01 11:31:46.213,/benchmark4,0.0,dram,0,78b0a292a97c15df67fefab7e0af9a601bf982d3,0.0,12.461949157714844
4036,2023-02-01 11:31:46.213,/benchmark3,0.0,dram,0,78b0a292a97c15df67fefab7e0af9a601bf982d3,0.0,12.461949157714844
4037,2023-02-01 11:31:46.213,/benchmark2,0.0,dram,0,78b0a292a97c15df67fefab7e0af9a601bf982d3,0.0,12.461949157714844
4038,2023-02-01 11:31:46.213,rapl,13.075103759765625,dram,1,RAPL_ENERGY_DRAM,1.0,0.0
4039,2023-02-01 11:31:46.213,global,12.807187906901042,dram,1,e338ce15d13d6313503924a6d20075a34370f3ae,1.0,12.807187906901042
4040,2023-02-01 11:31:46.213,/benchmark1,0.0,dram,1,e338ce15d13d6313503924a6d20075a34370f3ae,0.0,12.807187906901042
4041,2023-02-01 11:31:46.213,/benchmark4,0.0,dram,1,e338ce15d13d6313503924a6d20075a34370f3ae,0.0,12.807187906901042
4042,2023-02-01 11:31:46.213,/benchmark3,0.0,dram,1,e338ce15d13d6313503924a6d20075a34370f3ae,0.0,12.807187906901042
4043,2023-02-01 11:31:46.213,/benchmark2,0.0,dram,1,e338ce15d13d6313503924a6d20075a34370f3ae,0.0,12.807187906901042
4044,2023-02-01 11:31:47.213,rapl,72.06829833984375,cpu,0,RAPL_ENERGY_PKG,1.0,0.0
4045,2023-02-01 11:31:47.213,global,72.36401563789052,cpu,0,e46328d77e9f35f861af016694c2714cafb866e6,1.0,72.36401563789052
4046,2023-02-01 11:31:47.213,/benchmark1,36.18240228457856,cpu,0,e46328d77e9f35f861af016694c2714cafb866e6,0.5000054511296785,71.45397539669959
4047,2023-02-01 11:31:47.213,/benchmark4,0.0,cpu,0,e46328d77e9f35f861af016694c2714cafb866e6,0.0,70.54391531230286
4048,2023-02-01 11:31:47.213,/benchmark3,36.18161335331139,cpu,0,e46328d77e9f35f861af016694c2714cafb866e6,0.49999454887031364,71.45395555349377
4049,2023-02-01 11:31:47.213,/benchmark2,0.0,cpu,0,e46328d77e9f35f861af016694c2714cafb866e6,0.0,70.54391531230286
4050,2023-02-01 11:31:47.213,rapl,70.6767578125,cpu,1,RAPL_ENERGY_PKG,1.0,0.0
4051,2023-02-01 11:31:47.213,global,71.07247117212336,cpu,1,b56c7a1e321c4581d02a9de890abf570bd93c969,1.0,71.07247117212336
4052,2023-02-01 11:31:47.213,/benchmark1,0.0,cpu,1,b56c7a1e321c4581d02a9de890abf570bd93c969,0.0,69.54572774602578
4053,2023-02-01 11:31:47.213,/benchmark4,35.53661785609985,cpu,1,b56c7a1e321c4581d02a9de890abf570bd93c969,0.5000053785950013,70.30910767080913
4054,2023-02-01 11:31:47.213,/benchmark3,0.0,cpu,1,b56c7a1e321c4581d02a9de890abf570bd93c969,0.0,69.54572774602578
4055,2023-02-01 11:31:47.213,/benchmark2,35.5358533160235,cpu,1,b56c7a1e321c4581d02a9de890abf570bd93c969,0.4999946214049987,70.30909124734
4056,2023-02-01 11:31:47.213,rapl,12.711181640625,dram,0,RAPL_ENERGY_DRAM,1.0,0.0
4057,2023-02-01 11:31:47.213,global,12.461949157714844,dram,0,78b0a292a97c15df67fefab7e0af9a601bf982d3,1.0,12.461949157714844
4058,2023-02-01 11:31:47.213,/benchmark1,0.0,dram,0,78b0a292a97c15df67fefab7e0af9a601bf982d3,0.0,12.461949157714844
4059,2023-02-01 11:31:47.213,/benchmark4,0.0,dram,0,78b0a292a97c15df67fefab7e0af9a601bf982d3,0.0,12.461949157714844
4060,2023-02-01 11:31:47.213,/benchmark3,0.0,dram,0,78b0a292a97c15df67fefab7e0af9a601bf982d3,0.0,12.461949157714844
4061,2023-02-01 11:31:47.213,/benchmark2,0.0,dram,0,78b0a292a97c15df67fefab7e0af9a601bf982d3,0.0,12.461949157714844
4062,2023-02-01 11:31:47.213,rapl,13.018783569335938,dram,1,RAPL_ENERGY_DRAM,1.0,0.0
4063,2023-02-01 11:31:47.213,global,12.807187906901042,dram,1,e338ce15d13d6313503924a6d20075a34370f3ae,1.0,12.807187906901042
4064,2023-02-01 11:31:47.213,/benchmark1,0.0,dram,1,e338ce15d13d6313503924a6d20075a34370f3ae,0.0,12.807187906901042
4065,2023-02-01 11:31:47.213,/benchmark4,0.0,dram,1,e338ce15d13d6313503924a6d20075a34370f3ae,0.0,12.807187906901042
4066,2023-02-01 11:31:47.213,/benchmark3,0.0,dram,1,e338ce15d13d6313503924a6d20075a34370f3ae,0.0,12.807187906901042
4067,2023-02-01 11:31:47.213,/benchmark2,0.0,dram,1,e338ce15d13d6313503924a6d20075a34370f3ae,0.0,12.807187906901042
4068,2023-02-01 11:31:48.213,rapl,72.11529541015625,cpu,0,RAPL_ENERGY_PKG,1.0,0.0
4069,2023-02-01 11:31:48.213,global,72.36404243909234,cpu,0,e46328d77e9f35f861af016694c2714cafb866e6,1.0,72.36404243909234
4070,2023-02-01 11:31:48.213,/benchmark1,36.18201269793895,cpu,0,e46328d77e9f35f861af016694c2714cafb866e6,0.49999988223975705,71.45397866135899
4071,2023-02-01 11:31:48.213,/benchmark4,0.0,cpu,0,e46328d77e9f35f861af016694c2714cafb866e6,0.0,70.54391531230286
4072,2023-02-01 11:31:48.213,/benchmark3,36.182029741152824,cpu,0,e46328d77e9f35f861af016694c2714cafb866e6,0.5000001177602351,71.4539790900362
4073,2023-02-01 11:31:48.213,/benchmark2,0.0,cpu,0,e46328d77e9f35f861af016694c2714cafb866e6,0.0,70.54391531230286
4074,2023-02-01 11:31:48.213,rapl,70.6749267578125,cpu,1,RAPL_ENERGY_PKG,1.0,0.0
4075,2023-02-01 11:31:48.213,global,71.07251752042224,cpu,1,b56c7a1e321c4581d02a9de890abf570bd93c969,1.0,71.07251752042224
4076,2023-02-01 11:31:48.213,/benchmark1,0.0,cpu,1,b56c7a1e321c4581d02a9de890abf570bd93c969,0.0,69.54572774602578
4077,2023-02-01 11:31:48.213,/benchmark4,35.536242736321974,cpu,1,b56c7a1e321c4581d02a9de890abf570bd93c969,0.49999977454169764,70.30912228899658
4078,2023-02-01 11:31:48.213,/benchmark3,0.0,cpu,1,b56c7a1e321c4581d02a9de890abf570bd93c969,0.0,69.54572774602578
4079,2023-02-01 11:31:48.213,/benchmark2,35.536274784100264,cpu,1,b56c7a1e321c4581d02a9de890abf570bd93c969,0.5000002254583024,70.30912297745144
4080,2023-02-01 11:31:48.213,rapl,12.721298217773438,dram,0,RAPL_ENERGY_DRAM,1.0,0.0
4081,2023-02-01 11:31:48.213,global,12.461949157714844,dram,0,78b0a292a97c15df67fefab7e0af9a601bf982d3,1.0,12.461949157714844
4082,2023-02-01 11:31:48.213,/benchmark1,0.0,dram,0,78b0a292a97c15df67fefab7e0af9a601bf982d3,0.0,12.461949157714844
4083,2023-02-01 11:31:48.213,/benchmark4,0.0,dram,0,78b0a292a97c15df67fefab7e0af9a601bf982d3,0.0,12.461949157714844
4084,2023-02-01 11:31:48.213,/benchmark3,0.0,dram,0,78b0a292a97c15df67fefab7e0af9a601bf982d3,0.0,12.461949157714844
4085,2023-02-01 11:31:48.213,/benchmark2,0.0,dram,0,78b0a292a97c15df67fefab7e0af9a601bf982d3,0.0,12.461949157714844
4086,2023-02-01 11:31:48.213,rapl,13.0233154296875,dram,1,RAPL_ENERGY_DRAM,1.0,0.0
4087,2023-02-01 11:31:48.213,global,12.807187906901042,dram,1,e338ce15d13d6313503924a6d20075a34370f3ae,1.0,12.807187906901042
4088,2023-02-01 11:31:48.213,/benchmark1,0.0,dram,1,e338ce15d13d6313503924a6d20075a34370f3ae,0.0,12.807187906901042
4089,2023-02-01 11:31:48.213,/benchmark4,0.0,dram,1,e338ce15d13d6313503924a6d20075a34370f3ae,0.0,12.807187906901042
4090,2023-02-01 11:31:48.213,/benchmark3,0.0,dram,1,e338ce15d13d6313503924a6d20075a34370f3ae,0.0,12.807187906901042
4091,2023-02-01 11:31:48.213,/benchmark2,0.0,dram,1,e338ce15d13d6313503924a6d20075a34370f3ae,0.0,12.807187906901042
4092,2023-02-01 11:31:49.214,rapl,71.46075439453125,cpu,0,RAPL_ENERGY_PKG,1.0,0.0
4093,2023-02-01 11:31:49.214,global,71.58565759941351,cpu,0,e46328d77e9f35f861af016694c2714cafb866e6,1.0,71.58565759941351
4094,2023-02-01 11:31:49.214,/benchmark1,44.49277959498313,cpu,0,e46328d77e9f35f861af016694c2714cafb866e6,0.6215320371010695,71.19139151814507
4095,2023-02-01 11:31:49.214,/benchmark4,0.0,cpu,0,e46328d77e9f35f861af016694c2714cafb866e6,0.0,70.54391531230286
4096,2023-02-01 11:31:49.214,/benchmark3,27.092878004430375,cpu,0,e46328d77e9f35f861af016694c2714cafb866e6,0.37846796289893053,70.9381813935713
4097,2023-02-01 11:31:49.214,/benchmark2,0.0,cpu,0,e46328d77e9f35f861af016694c2714cafb866e6,0.0,70.54391531230286
4098,2023-02-01 11:31:49.214,rapl,70.0164794921875,cpu,1,RAPL_ENERGY_PKG,1.0,0.0
4099,2023-02-01 11:31:49.214,global,70.30773490749169,cpu,1,b56c7a1e321c4581d02a9de890abf570bd93c969,1.0,70.30773490749169
4100,2023-02-01 11:31:49.214,/benchmark1,20.32693929666094,cpu,1,b56c7a1e321c4581d02a9de890abf570bd93c969,0.28911384107888516,69.7660345634068
4101,2023-02-01 11:31:49.214,/benchmark4,24.701280944374993,cpu,1,b56c7a1e321c4581d02a9de890abf570bd93c969,0.3513309165325269,69.81344442046795
4102,2023-02-01 11:31:49.214,/benchmark3,0.0,cpu,1,b56c7a1e321c4581d02a9de890abf570bd93c969,0.0,69.54572774602578
4103,2023-02-01 11:31:49.214,/benchmark2,25.279514666455764,cpu,1,b56c7a1e321c4581d02a9de890abf570bd93c969,0.359555242388588,69.8197114156685
4104,2023-02-01 11:31:49.214,rapl,12.722686767578125,dram,0,RAPL_ENERGY_DRAM,1.0,0.0
4105,2023-02-01 11:31:49.214,global,12.461949157714844,dram,0,78b0a292a97c15df67fefab7e0af9a601bf982d3,1.0,12.461949157714844
4106,2023-02-01 11:31:49.214,/benchmark1,0.0,dram,0,78b0a292a97c15df67fefab7e0af9a601bf982d3,0.0,12.461949157714844
4107,2023-02-01 11:31:49.214,/benchmark4,0.0,dram,0,78b0a292a97c15df67fefab7e0af9a601bf982d3,0.0,12.461949157714844
4108,2023-02-01 11:31:49.214,/benchmark3,0.0,dram,0,78b0a292a97c15df67fefab7e0af9a601bf982d3,0.0,12.461949157714844
4109,2023-02-01 11:31:49.214,/benchmark2,0.0,dram,0,78b0a292a97c15df67fefab7e0af9a601bf982d3,0.0,12.461949157714844
4110,2023-02-01 11:31:49.214,rapl,13.004119873046875,dram,1,RAPL_ENERGY_DRAM,1.0,0.0
4111,2023-02-01 11:31:49.214,global,12.807187906901042,dram,1,e338ce15d13d6313503924a6d20075a34370f3ae,1.0,12.807187906901042
4112,2023-02-01 11:31:49.214,/benchmark1,0.0,dram,1,e338ce15d13d6313503924a6d20075a34370f3ae,0.0,12.807187906901042
4113,2023-02-01 11:31:49.214,/benchmark4,0.0,dram,1,e338ce15d13d6313503924a6d20075a34370f3ae,0.0,12.807187906901042
4114,2023-02-01 11:31:49.214,/benchmark3,0.0,dram,1,e338ce15d13d6313503924a6d20075a34370f3ae,0.0,12.807187906901042
4115,2023-02-01 11:31:49.214,/benchmark2,0.0,dram,1,e338ce15d13d6313503924a6d20075a34370f3ae,0.0,12.807187906901042
4116,2023-02-01 11:31:50.214,rapl,70.536376953125,cpu,0,RAPL_ENERGY_PKG,1.0,0.0
4117,2023-02-01 11:31:50.214,global,70.54453294363131,cpu,0,e46328d77e9f35f861af016694c2714cafb866e6,1.0,70.54453294363131
4118,2023-02-01 11:31:50.214,/benchmark1,70.54453294363131,cpu,0,e46328d77e9f35f861af016694c2714cafb866e6,1.0,70.54453294363131
4119,2023-02-01 11:31:50.214,/benchmark4,0.0,cpu,0,e46328d77e9f35f861af016694c2714cafb866e6,0.0,70.54391531230286
4120,2023-02-01 11:31:50.214,/benchmark3,0.0,cpu,0,e46328d77e9f35f861af016694c2714cafb866e6,0.0,70.54391531230286
4121,2023-02-01 11:31:50.214,/benchmark2,0.0,cpu,0,e46328d77e9f35f861af016694c2714cafb866e6,0.0,70.54391531230286
4122,2023-02-01 11:31:50.214,rapl,69.26611328125,cpu,1,RAPL_ENERGY_PKG,1.0,0.0
4123,2023-02-01 11:31:50.214,global,69.72512563079847,cpu,1,b56c7a1e321c4581d02a9de890abf570bd93c969,1.0,69.72512563079847
4124,2023-02-01 11:31:50.214,/benchmark1,69.72512563079847,cpu,1,b56c7a1e321c4581d02a9de890abf570bd93c969,1.0,69.72512563079847
4125,2023-02-01 11:31:50.214,/benchmark4,0.0,cpu,1,b56c7a1e321c4581d02a9de890abf570bd93c969,0.0,69.54572774602578
4126,2023-02-01 11:31:50.214,/benchmark3,0.0,cpu,1,b56c7a1e321c4581d02a9de890abf570bd93c969,0.0,69.54572774602578
4127,2023-02-01 11:31:50.214,/benchmark2,0.0,cpu,1,b56c7a1e321c4581d02a9de890abf570bd93c969,0.0,69.54572774602578
4128,2023-02-01 11:31:50.214,rapl,12.660903930664062,dram,0,RAPL_ENERGY_DRAM,1.0,0.0
4129,2023-02-01 11:31:50.214,global,12.461949157714844,dram,0,78b0a292a97c15df67fefab7e0af9a601bf982d3,1.0,12.461949157714844
4130,2023-02-01 11:31:50.214,/benchmark1,0.0,dram,0,78b0a292a97c15df67fefab7e0af9a601bf982d3,0.0,12.461949157714844
4131,2023-02-01 11:31:50.214,/benchmark4,0.0,dram,0,78b0a292a97c15df67fefab7e0af9a601bf982d3,0.0,12.461949157714844
4132,2023-02-01 11:31:50.214,/benchmark3,0.0,dram,0,78b0a292a97c15df67fefab7e0af9a601bf982d3,0.0,12.461949157714844
4133,2023-02-01 11:31:50.214,/benchmark2,0.0,dram,0,78b0a292a97c15df67fefab7e0af9a601bf982d3,0.0,12.461949157714844
4134,2023-02-01 11:31:50.214,rapl,13.046234130859375,dram,1,RAPL_ENERGY_DRAM,1.0,0.0
4135,2023-02-01 11:31:50.214,global,12.807187906901042,dram,1,e338ce15d13d6313503924a6d20075a34370f3ae,1.0,12.807187906901042
4136,2023-02-01 11:31:50.214,/benchmark1,0.0,dram,1,e338ce15d13d6313503924a6d20075a34370f3ae,0.0,12.807187906901042
4137,2023-02-01 11:31:50.214,/benchmark4,0.0,dram,1,e338ce15d13d6313503924a6d20075a34370f3ae,0.0,12.807187906901042
4138,2023-02-01 11:31:50.214,/benchmark3,0.0,dram,1,e338ce15d13d6313503924a6d20075a34370f3ae,0.0,12.807187906901042
4139,2023-02-01 11:31:50.214,/benchmark2,0.0,dram,1,e338ce15d13d6313503924a6d20075a34370f3ae,0.0,12.807187906901042
4140,2023-02-01 11:31:51.214,rapl,70.43927001953125,cpu,0,RAPL_ENERGY_PKG,1.0,0.0
4141,2023-02-01 11:31:51.214,global,70.54391531230286,cpu,0,e46328d77e9f35f861af016694c2714cafb866e6,1.0,70.54391531230286
4142,2023-02-01 11:31:51.214,/benchmark1,0.0,cpu,0,e46328d77e9f35f861af016694c2714cafb866e6,0.0,70.54391531230286
4143,2023-02-01 11:31:51.214,/benchmark4,0.0,cpu,0,e46328d77e9f35f861af016694c2714cafb866e6,0.0,70.54391531230286
4144,2023-02-01 11:31:51.214,/benchmark3,0.0,cpu,0,e46328d77e9f35f861af016694c2714cafb866e6,0.0,70.54391531230286
4145,2023-02-01 11:31:51.214,/benchmark2,0.0,cpu,0,e46328d77e9f35f861af016694c2714cafb866e6,0.0,70.54391531230286
4146,2023-02-01 11:31:51.214,rapl,69.14215087890625,cpu,1,RAPL_ENERGY_PKG,1.0,0.0
4147,2023-02-01 11:31:51.214,global,69.54572774602578,cpu,1,b56c7a1e321c4581d02a9de890abf570bd93c969,1.0,69.54572774602578
4148,2023-02-01 11:31:51.214,/benchmark1,0.0,cpu,1,b56c7a1e321c4581d02a9de890abf570bd93c969,0.0,69.54572774602578
4149,2023-02-01 11:31:51.214,/benchmark4,0.0,cpu,1,b56c7a1e321c4581d02a9de890abf570bd93c969,0.0,69.54572774602578
4150,2023-02-01 11:31:51.214,/benchmark3,0.0,cpu,1,b56c7a1e321c4581d02a9de890abf570bd93c969,0.0,69.54572774602578
4151,2023-02-01 11:31:51.214,/benchmark2,0.0,cpu,1,b56c7a1e321c4581d02a9de890abf570bd93c969,0.0,69.54572774602578
4152,2023-02-01 11:31:51.214,rapl,12.717208862304688,dram,0,RAPL_ENERGY_DRAM,1.0,0.0
4153,2023-02-01 11:31:51.214,global,12.461949157714844,dram,0,78b0a292a97c15df67fefab7e0af9a601bf982d3,1.0,12.461949157714844
4154,2023-02-01 11:31:51.214,/benchmark1,0.0,dram,0,78b0a292a97c15df67fefab7e0af9a601bf982d3,0.0,12.461949157714844
4155,2023-02-01 11:31:51.214,/benchmark4,0.0,dram,0,78b0a292a97c15df67fefab7e0af9a601bf982d3,0.0,12.461949157714844
4156,2023-02-01 11:31:51.214,/benchmark3,0.0,dram,0,78b0a292a97c15df67fefab7e0af9a601bf982d3,0.0,12.461949157714844
4157,2023-02-01 11:31:51.214,/benchmark2,0.0,dram,0,78b0a292a97c15df67fefab7e0af9a601bf982d3,0.0,12.461949157714844
4158,2023-02-01 11:31:51.214,rapl,13.051345825195312,dram,1,RAPL_ENERGY_DRAM,1.0,0.0
4159,2023-02-01 11:31:51.214,global,12.807187906901042,dram,1,e338ce15d13d6313503924a6d20075a34370f3ae,1.0,12.807187906901042
4160,2023-02-01 11:31:51.214,/benchmark1,0.0,dram,1,e338ce15d13d6313503924a6d20075a34370f3ae,0.0,12.807187906901042
4161,2023-02-01 11:31:51.214,/benchmark4,0.0,dram,1,e338ce15d13d6313503924a6d20075a34370f3ae,0.0,12.807187906901042
4162,2023-02-01 11:31:51.214,/benchmark3,0.0,dram,1,e338ce15d13d6313503924a6d20075a34370f3ae,0.0,12.807187906901042
4163,2023-02-01 11:31:51.214,/benchmark2,0.0,dram,1,e338ce15d13d6313503924a6d20075a34370f3ae,0.0,12.807187906901042
4164,2023-02-01 11:31:52.214,rapl,70.49041748046875,cpu,0,RAPL_ENERGY_PKG,1.0,0.0
4165,2023-02-01 11:31:52.214,global,70.54391531230286,cpu,0,e46328d77e9f35f861af016694c2714cafb866e6,1.0,70.54391531230286
4166,2023-02-01 11:31:52.214,/benchmark1,0.0,cpu,0,e46328d77e9f35f861af016694c2714cafb866e6,0.0,70.54391531230286
4167,2023-02-01 11:31:52.214,/benchmark4,0.0,cpu,0,e46328d77e9f35f861af016694c2714cafb866e6,0.0,70.54391531230286
4168,2023-02-01 11:31:52.214,/benchmark3,0.0,cpu,0,e46328d77e9f35f861af016694c2714cafb866e6,0.0,70.54391531230286
4169,2023-02-01 11:31:52.214,/benchmark2,0.0,cpu,0,e46328d77e9f35f861af016694c2714cafb866e6,0.0,70.54391531230286
4170,2023-02-01 11:31:52.214,rapl,69.19012451171875,cpu,1,RAPL_ENERGY_PKG,1.0,0.0
4171,2023-02-01 11:31:52.214,global,69.54572774602578,cpu,1,b56c7a1e321c4581d02a9de890abf570bd93c969,1.0,69.54572774602578
4172,2023-02-01 11:31:52.214,/benchmark1,0.0,cpu,1,b56c7a1e321c4581d02a9de890abf570bd93c969,0.0,69.54572774602578
4173,2023-02-01 11:31:52.214,/benchmark4,0.0,cpu,1,b56c7a1e321c4581d02a9de890abf570bd93c969,0.0,69.54572774602578
4174,2023-02-01 11:31:52.214,/benchmark3,0.0,cpu,1,b56c7a1e321c4581d02a9de890abf570bd93c969,0.0,69.54572774602578
4175,2023-02-01 11:31:52.214,/benchmark2,0.0,cpu,1,b56c7a1e321c4581d02a9de890abf570bd93c969,0.0,69.54572774602578
4176,2023-02-01 11:31:52.214,rapl,12.612548828125,dram,0,RAPL_ENERGY_DRAM,1.0,0.0
4177,2023-02-01 11:31:52.214,global,12.461949157714844,dram,0,78b0a292a97c15df67fefab7e0af9a601bf982d3,1.0,12.461949157714844
4178,2023-02-01 11:31:52.214,/benchmark1,0.0,dram,0,78b0a292a97c15df67fefab7e0af9a601bf982d3,0.0,12.461949157714844
4179,2023-02-01 11:31:52.214,/benchmark4,0.0,dram,0,78b0a292a97c15df67fefab7e0af9a601bf982d3,0.0,12.461949157714844
4180,2023-02-01 11:31:52.214,/benchmark3,0.0,dram,0,78b0a292a97c15df67fefab7e0af9a601bf982d3,0.0,12.461949157714844
4181,2023-02-01 11:31:52.214,/benchmark2,0.0,dram,0,78b0a292a97c15df67fefab7e0af9a601bf982d3,0.0,12.461949157714844
4182,2023-02-01 11:31:52.214,rapl,13.013519287109375,dram,1,RAPL_ENERGY_DRAM,1.0,0.0
4183,2023-02-01 11:31:52.214,global,12.807187906901042,dram,1,e338ce15d13d6313503924a6d20075a34370f3ae,1.0,12.807187906901042
4184,2023-02-01 11:31:52.214,/benchmark1,0.0,dram,1,e338ce15d13d6313503924a6d20075a34370f3ae,0.0,12.807187906901042
4185,2023-02-01 11:31:52.214,/benchmark4,0.0,dram,1,e338ce15d13d6313503924a6d20075a34370f3ae,0.0,12.807187906901042
4186,2023-02-01 11:31:52.214,/benchmark3,0.0,dram,1,e338ce15d13d6313503924a6d20075a34370f3ae,0.0,12.807187906901042
4187,2023-02-01 11:31:52.214,/benchmark2,0.0,dram,1,e338ce15d13d6313503924a6d20075a34370f3ae,0.0,12.807187906901042
4188,2023-02-01 11:31:53.214,rapl,70.58428955078125,cpu,0,RAPL_ENERGY_PKG,1.0,0.0
4189,2023-02-01 11:31:53.214,global,70.54391531230286,cpu,0,e46328d77e9f35f861af016694c2714cafb866e6,1.0,70.54391531230286
4190,2023-02-01 11:31:53.214,/benchmark1,0.0,cpu,0,e46328d77e9f35f861af016694c2714cafb866e6,0.0,70.54391531230286
4191,2023-02-01 11:31:53.214,/benchmark4,0.0,cpu,0,e46328d77e9f35f861af016694c2714cafb866e6,0.0,70.54391531230286
4192,2023-02-01 11:31:53.214,/benchmark3,0.0,cpu,0,e46328d77e9f35f861af016694c2714cafb866e6,0.0,70.54391531230286
4193,2023-02-01 11:31:53.214,/benchmark2,0.0,cpu,0,e46328d77e9f35f861af016694c2714cafb866e6,0.0,70.54391531230286
4194,2023-02-01 11:31:53.214,rapl,69.10699462890625,cpu,1,RAPL_ENERGY_PKG,1.0,0.0
4195,2023-02-01 11:31:53.214,global,69.54572774602578,cpu,1,b56c7a1e321c4581d02a9de890abf570bd93c969,1.0,69.54572774602578
4196,2023-02-01 11:31:53.214,/benchmark1,0.0,cpu,1,b56c7a1e321c4581d02a9de890abf570bd93c969,0.0,69.54572774602578
4197,2023-02-01 11:31:53.214,/benchmark4,0.0,cpu,1,b56c7a1e321c4581d02a9de890abf570bd93c969,0.0,69.54572774602578
4198,2023-02-01 11:31:53.214,/benchmark3,0.0,cpu,1,b56c7a1e321c4581d02a9de890abf570bd93c969,0.0,69.54572774602578
4199,2023-02-01 11:31:53.214,/benchmark2,0.0,cpu,1,b56c7a1e321c4581d02a9de890abf570bd93c969,0.0,69.54572774602578
4200,2023-02-01 11:31:53.214,rapl,12.626800537109375,dram,0,RAPL_ENERGY_DRAM,1.0,0.0
4201,2023-02-01 11:31:53.214,global,12.461949157714844,dram,0,78b0a292a97c15df67fefab7e0af9a601bf982d3,1.0,12.461949157714844
4202,2023-02-01 11:31:53.214,/benchmark1,0.0,dram,0,78b0a292a97c15df67fefab7e0af9a601bf982d3,0.0,12.461949157714844
4203,2023-02-01 11:31:53.214,/benchmark4,0.0,dram,0,78b0a292a97c15df67fefab7e0af9a601bf982d3,0.0,12.461949157714844
4204,2023-02-01 11:31:53.214,/benchmark3,0.0,dram,0,78b0a292a97c15df67fefab7e0af9a601bf982d3,0.0,12.461949157714844
4205,2023-02-01 11:31:53.214,/benchmark2,0.0,dram,0,78b0a292a97c15df67fefab7e0af9a601bf982d3,0.0,12.461949157714844
4206,2023-02-01 11:31:53.214,rapl,12.992477416992188,dram,1,RAPL_ENERGY_DRAM,1.0,0.0
4207,2023-02-01 11:31:53.214,global,12.807187906901042,dram,1,e338ce15d13d6313503924a6d20075a34370f3ae,1.0,12.807187906901042
4208,2023-02-01 11:31:53.214,/benchmark1,0.0,dram,1,e338ce15d13d6313503924a6d20075a34370f3ae,0.0,12.807187906901042
4209,2023-02-01 11:31:53.214,/benchmark4,0.0,dram,1,e338ce15d13d6313503924a6d20075a34370f3ae,0.0,12.807187906901042
4210,2023-02-01 11:31:53.214,/benchmark3,0.0,dram,1,e338ce15d13d6313503924a6d20075a34370f3ae,0.0,12.807187906901042
4211,2023-02-01 11:31:53.214,/benchmark2,0.0,dram,1,e338ce15d13d6313503924a6d20075a34370f3ae,0.0,12.807187906901042
4212,2023-02-01 11:31:54.215,rapl,70.6104736328125,cpu,0,RAPL_ENERGY_PKG,1.0,0.0
4213,2023-02-01 11:31:54.215,global,70.54391531230286,cpu,0,e46328d77e9f35f861af016694c2714cafb866e6,1.0,70.54391531230286
4214,2023-02-01 11:31:54.215,/benchmark1,0.0,cpu,0,e46328d77e9f35f861af016694c2714cafb866e6,0.0,70.54391531230286
4215,2023-02-01 11:31:54.215,/benchmark4,0.0,cpu,0,e46328d77e9f35f861af016694c2714cafb866e6,0.0,70.54391531230286
4216,2023-02-01 11:31:54.215,/benchmark3,0.0,cpu,0,e46328d77e9f35f861af016694c2714cafb866e6,0.0,70.54391531230286
4217,2023-02-01 11:31:54.215,/benchmark2,0.0,cpu,0,e46328d77e9f35f861af016694c2714cafb866e6,0.0,70.54391531230286
4218,2023-02-01 11:31:54.215,rapl,69.1748046875,cpu,1,RAPL_ENERGY_PKG,1.0,0.0
4219,2023-02-01 11:31:54.215,global,69.54572774602578,cpu,1,b56c7a1e321c4581d02a9de890abf570bd93c969,1.0,69.54572774602578
4220,2023-02-01 11:31:54.215,/benchmark1,0.0,cpu,1,b56c7a1e321c4581d02a9de890abf570bd93c969,0.0,69.54572774602578
4221,2023-02-01 11:31:54.215,/benchmark4,0.0,cpu,1,b56c7a1e321c4581d02a9de890abf570bd93c969,0.0,69.54572774602578
4222,2023-02-01 11:31:54.215,/benchmark3,0.0,cpu,1,b56c7a1e321c4581d02a9de890abf570bd93c969,0.0,69.54572774602578
4223,2023-02-01 11:31:54.215,/benchmark2,0.0,cpu,1,b56c7a1e321c4581d02a9de890abf570bd93c969,0.0,69.54572774602578
4224,2023-02-01 11:31:54.215,rapl,12.592880249023438,dram,0,RAPL_ENERGY_DRAM,1.0,0.0
4225,2023-02-01 11:31:54.215,global,12.461949157714844,dram,0,78b0a292a97c15df67fefab7e0af9a601bf982d3,1.0,12.461949157714844
4226,2023-02-01 11:31:54.215,/benchmark1,0.0,dram,0,78b0a292a97c15df67fefab7e0af9a601bf982d3,0.0,12.461949157714844
4227,2023-02-01 11:31:54.215,/benchmark4,0.0,dram,0,78b0a292a97c15df67fefab7e0af9a601bf982d3,0.0,12.461949157714844
4228,2023-02-01 11:31:54.215,/benchmark3,0.0,dram,0,78b0a292a97c15df67fefab7e0af9a601bf982d3,0.0,12.461949157714844
4229,2023-02-01 11:31:54.215,/benchmark2,0.0,dram,0,78b0a292a97c15df67fefab7e0af9a601bf982d3,0.0,12.461949157714844
4230,2023-02-01 11:31:54.215,rapl,12.944976806640625,dram,1,RAPL_ENERGY_DRAM,1.0,0.0
4231,2023-02-01 11:31:54.215,global,12.807187906901042,dram,1,e338ce15d13d6313503924a6d20075a34370f3ae,1.0,12.807187906901042
4232,2023-02-01 11:31:54.215,/benchmark1,0.0,dram,1,e338ce15d13d6313503924a6d20075a34370f3ae,0.0,12.807187906901042
4233,2023-02-01 11:31:54.215,/benchmark4,0.0,dram,1,e338ce15d13d6313503924a6d20075a34370f3ae,0.0,12.807187906901042
4234,2023-02-01 11:31:54.215,/benchmark3,0.0,dram,1,e338ce15d13d6313503924a6d20075a34370f3ae,0.0,12.807187906901042
4235,2023-02-01 11:31:54.215,/benchmark2,0.0,dram,1,e338ce15d13d6313503924a6d20075a34370f3ae,0.0,12.807187906901042
4236,2023-02-01 11:31:55.215,rapl,70.56689453125,cpu,0,RAPL_ENERGY_PKG,1.0,0.0
4237,2023-02-01 11:31:55.215,global,70.54391531230286,cpu,0,e46328d77e9f35f861af016694c2714cafb866e6,1.0,70.54391531230286
4238,2023-02-01 11:31:55.215,/benchmark1,0.0,cpu,0,e46328d77e9f35f861af016694c2714cafb866e6,0.0,70.54391531230286
4239,2023-02-01 11:31:55.215,/benchmark4,0.0,cpu,0,e46328d77e9f35f861af016694c2714cafb866e6,0.0,70.54391531230286
4240,2023-02-01 11:31:55.215,/benchmark3,0.0,cpu,0,e46328d77e9f35f861af016694c2714cafb866e6,0.0,70.54391531230286
4241,2023-02-01 11:31:55.215,/benchmark2,0.0,cpu,0,e46328d77e9f35f861af016694c2714cafb866e6,0.0,70.54391531230286
4242,2023-02-01 11:31:55.215,rapl,69.2744140625,cpu,1,RAPL_ENERGY_PKG,1.0,0.0
4243,2023-02-01 11:31:55.215,global,69.54572774602578,cpu,1,b56c7a1e321c4581d02a9de890abf570bd93c969,1.0,69.54572774602578
4244,2023-02-01 11:31:55.215,/benchmark1,0.0,cpu,1,b56c7a1e321c4581d02a9de890abf570bd93c969,0.0,69.54572774602578
4245,2023-02-01 11:31:55.215,/benchmark4,0.0,cpu,1,b56c7a1e321c4581d02a9de890abf570bd93c969,0.0,69.54572774602578
4246,2023-02-01 11:31:55.215,/benchmark3,0.0,cpu,1,b56c7a1e321c4581d02a9de890abf570bd93c969,0.0,69.54572774602578
4247,2023-02-01 11:31:55.215,/benchmark2,0.0,cpu,1,b56c7a1e321c4581d02a9de890abf570bd93c969,0.0,69.54572774602578
4248,2023-02-01 11:31:55.215,rapl,12.738861083984375,dram,0,RAPL_ENERGY_DRAM,1.0,0.0
4249,2023-02-01 11:31:55.215,global,12.461949157714844,dram,0,78b0a292a97c15df67fefab7e0af9a601bf982d3,1.0,12.461949157714844
4250,2023-02-01 11:31:55.215,/benchmark1,0.0,dram,0,78b0a292a97c15df67fefab7e0af9a601bf982d3,0.0,12.461949157714844
4251,2023-02-01 11:31:55.215,/benchmark4,0.0,dram,0,78b0a292a97c15df67fefab7e0af9a601bf982d3,0.0,12.461949157714844
4252,2023-02-01 11:31:55.215,/benchmark3,0.0,dram,0,78b0a292a97c15df67fefab7e0af9a601bf982d3,0.0,12.461949157714844
4253,2023-02-01 11:31:55.215,/benchmark2,0.0,dram,0,78b0a292a97c15df67fefab7e0af9a601bf982d3,0.0,12.461949157714844
4254,2023-02-01 11:31:55.215,rapl,13.033981323242188,dram,1,RAPL_ENERGY_DRAM,1.0,0.0
4255,2023-02-01 11:31:55.215,global,12.807187906901042,dram,1,e338ce15d13d6313503924a6d20075a34370f3ae,1.0,12.807187906901042
4256,2023-02-01 11:31:55.215,/benchmark1,0.0,dram,1,e338ce15d13d6313503924a6d20075a34370f3ae,0.0,12.807187906901042
4257,2023-02-01 11:31:55.215,/benchmark4,0.0,dram,1,e338ce15d13d6313503924a6d20075a34370f3ae,0.0,12.807187906901042
4258,2023-02-01 11:31:55.215,/benchmark3,0.0,dram,1,e338ce15d13d6313503924a6d20075a34370f3ae,0.0,12.807187906901042
4259,2023-02-01 11:31:55.215,/benchmark2,0.0,dram,1,e338ce15d13d6313503924a6d20075a34370f3ae,0.0,12.807187906901042
4260,2023-02-01 11:31:56.215,rapl,70.54925537109375,cpu,0,RAPL_ENERGY_PKG,1.0,0.0
4261,2023-02-01 11:31:56.215,global,70.54391531230286,cpu,0,e46328d77e9f35f861af016694c2714cafb866e6,1.0,70.54391531230286
4262,2023-02-01 11:31:56.215,/benchmark1,0.0,cpu,0,e46328d77e9f35f861af016694c2714cafb866e6,0.0,70.54391531230286
4263,2023-02-01 11:31:56.215,/benchmark4,0.0,cpu,0,e46328d77e9f35f861af016694c2714cafb866e6,0.0,70.54391531230286
4264,2023-02-01 11:31:56.215,/benchmark3,0.0,cpu,0,e46328d77e9f35f861af016694c2714cafb866e6,0.0,70.54391531230286
4265,2023-02-01 11:31:56.215,/benchmark2,0.0,cpu,0,e46328d77e9f35f861af016694c2714cafb866e6,0.0,70.54391531230286
4266,2023-02-01 11:31:56.215,rapl,69.19970703125,cpu,1,RAPL_ENERGY_PKG,1.0,0.0
4267,2023-02-01 11:31:56.215,global,69.54572774602578,cpu,1,b56c7a1e321c4581d02a9de890abf570bd93c969,1.0,69.54572774602578
4268,2023-02-01 11:31:56.215,/benchmark1,0.0,cpu,1,b56c7a1e321c4581d02a9de890abf570bd93c969,0.0,69.54572774602578
4269,2023-02-01 11:31:56.215,/benchmark4,0.0,cpu,1,b56c7a1e321c4581d02a9de890abf570bd93c969,0.0,69.54572774602578
4270,2023-02-01 11:31:56.215,/benchmark3,0.0,cpu,1,b56c7a1e321c4581d02a9de890abf570bd93c969,0.0,69.54572774602578
4271,2023-02-01 11:31:56.215,/benchmark2,0.0,cpu,1,b56c7a1e321c4581d02a9de890abf570bd93c969,0.0,69.54572774602578
4272,2023-02-01 11:31:56.215,rapl,12.694610595703125,dram,0,RAPL_ENERGY_DRAM,1.0,0.0
4273,2023-02-01 11:31:56.215,global,12.461949157714844,dram,0,78b0a292a97c15df67fefab7e0af9a601bf982d3,1.0,12.461949157714844
4274,2023-02-01 11:31:56.215,/benchmark1,0.0,dram,0,78b0a292a97c15df67fefab7e0af9a601bf982d3,0.0,12.461949157714844
4275,2023-02-01 11:31:56.215,/benchmark4,0.0,dram,0,78b0a292a97c15df67fefab7e0af9a601bf982d3,0.0,12.461949157714844
4276,2023-02-01 11:31:56.215,/benchmark3,0.0,dram,0,78b0a292a97c15df67fefab7e0af9a601bf982d3,0.0,12.461949157714844
4277,2023-02-01 11:31:56.215,/benchmark2,0.0,dram,0,78b0a292a97c15df67fefab7e0af9a601bf982d3,0.0,12.461949157714844
4278,2023-02-01 11:31:56.215,rapl,12.995635986328125,dram,1,RAPL_ENERGY_DRAM,1.0,0.0
4279,2023-02-01 11:31:56.215,global,12.807187906901042,dram,1,e338ce15d13d6313503924a6d20075a34370f3ae,1.0,12.807187906901042
4280,2023-02-01 11:31:56.215,/benchmark1,0.0,dram,1,e338ce15d13d6313503924a6d20075a34370f3ae,0.0,12.807187906901042
4281,2023-02-01 11:31:56.215,/benchmark4,0.0,dram,1,e338ce15d13d6313503924a6d20075a34370f3ae,0.0,12.807187906901042
4282,2023-02-01 11:31:56.215,/benchmark3,0.0,dram,1,e338ce15d13d6313503924a6d20075a34370f3ae,0.0,12.807187906901042
4283,2023-02-01 11:31:56.215,/benchmark2,0.0,dram,1,e338ce15d13d6313503924a6d20075a34370f3ae,0.0,12.807187906901042
4284,2023-02-01 11:31:57.215,rapl,70.3773193359375,cpu,0,RAPL_ENERGY_PKG,1.0,0.0
4285,2023-02-01 11:31:57.215,global,70.54391531230286,cpu,0,e46328d77e9f35f861af016694c2714cafb866e6,1.0,70.54391531230286
4286,2023-02-01 11:31:57.215,/benchmark1,0.0,cpu,0,e46328d77e9f35f861af016694c2714cafb866e6,0.0,70.54391531230286
4287,2023-02-01 11:31:57.215,/benchmark4,0.0,cpu,0,e46328d77e9f35f861af016694c2714cafb866e6,0.0,70.54391531230286
4288,2023-02-01 11:31:57.215,/benchmark3,0.0,cpu,0,e46328d77e9f35f861af016694c2714cafb866e6,0.0,70.54391531230286
4289,2023-02-01 11:31:57.215,/benchmark2,0.0,cpu,0,e46328d77e9f35f861af016694c2714cafb866e6,0.0,70.54391531230286
4290,2023-02-01 11:31:57.215,rapl,69.3182373046875,cpu,1,RAPL_ENERGY_PKG,1.0,0.0
4291,2023-02-01 11:31:57.215,global,69.54572774602578,cpu,1,b56c7a1e321c4581d02a9de890abf570bd93c969,1.0,69.54572774602578
4292,2023-02-01 11:31:57.215,/benchmark1,0.0,cpu,1,b56c7a1e321c4581d02a9de890abf570bd93c969,0.0,69.54572774602578
4293,2023-02-01 11:31:57.215,/benchmark4,0.0,cpu,1,b56c7a1e321c4581d02a9de890abf570bd93c969,0.0,69.54572774602578
4294,2023-02-01 11:31:57.215,/benchmark3,0.0,cpu,1,b56c7a1e321c4581d02a9de890abf570bd93c969,0.0,69.54572774602578
4295,2023-02-01 11:31:57.215,/benchmark2,0.0,cpu,1,b56c7a1e321c4581d02a9de890abf570bd93c969,0.0,69.54572774602578
4296,2023-02-01 11:31:57.215,rapl,12.666580200195312,dram,0,RAPL_ENERGY_DRAM,1.0,0.0
4297,2023-02-01 11:31:57.215,global,12.461949157714844,dram,0,78b0a292a97c15df67fefab7e0af9a601bf982d3,1.0,12.461949157714844
4298,2023-02-01 11:31:57.215,/benchmark1,0.0,dram,0,78b0a292a97c15df67fefab7e0af9a601bf982d3,0.0,12.461949157714844
4299,2023-02-01 11:31:57.215,/benchmark4,0.0,dram,0,78b0a292a97c15df67fefab7e0af9a601bf982d3,0.0,12.461949157714844
4300,2023-02-01 11:31:57.215,/benchmark3,0.0,dram,0,78b0a292a97c15df67fefab7e0af9a601bf982d3,0.0,12.461949157714844
4301,2023-02-01 11:31:57.215,/benchmark2,0.0,dram,0,78b0a292a97c15df67fefab7e0af9a601bf982d3,0.0,12.461949157714844
4302,2023-02-01 11:31:57.215,rapl,12.933364868164062,dram,1,RAPL_ENERGY_DRAM,1.0,0.0
4303,2023-02-01 11:31:57.215,global,12.807187906901042,dram,1,e338ce15d13d6313503924a6d20075a34370f3ae,1.0,12.807187906901042
4304,2023-02-01 11:31:57.215,/benchmark1,0.0,dram,1,e338ce15d13d6313503924a6d20075a34370f3ae,0.0,12.807187906901042
4305,2023-02-01 11:31:57.215,/benchmark4,0.0,dram,1,e338ce15d13d6313503924a6d20075a34370f3ae,0.0,12.807187906901042
4306,2023-02-01 11:31:57.215,/benchmark3,0.0,dram,1,e338ce15d13d6313503924a6d20075a34370f3ae,0.0,12.807187906901042
4307,2023-02-01 11:31:57.215,/benchmark2,0.0,dram,1,e338ce15d13d6313503924a6d20075a34370f3ae,0.0,12.807187906901042
4308,2023-02-01 11:31:58.215,rapl,70.43603515625,cpu,0,RAPL_ENERGY_PKG,1.0,0.0
4309,2023-02-01 11:31:58.215,global,70.54391531230286,cpu,0,e46328d77e9f35f861af016694c2714cafb866e6,1.0,70.54391531230286
4310,2023-02-01 11:31:58.215,/benchmark1,0.0,cpu,0,e46328d77e9f35f861af016694c2714cafb866e6,0.0,70.54391531230286
4311,2023-02-01 11:31:58.215,/benchmark4,0.0,cpu,0,e46328d77e9f35f861af016694c2714cafb866e6,0.0,70.54391531230286
4312,2023-02-01 11:31:58.215,/benchmark3,0.0,cpu,0,e46328d77e9f35f861af016694c2714cafb866e6,0.0,70.54391531230286
4313,2023-02-01 11:31:58.215,/benchmark2,0.0,cpu,0,e46328d77e9f35f861af016694c2714cafb866e6,0.0,70.54391531230286
4314,2023-02-01 11:31:58.215,rapl,69.20379638671875,cpu,1,RAPL_ENERGY_PKG,1.0,0.0
4315,2023-02-01 11:31:58.215,global,69.54572774602578,cpu,1,b56c7a1e321c4581d02a9de890abf570bd93c969,1.0,69.54572774602578
4316,2023-02-01 11:31:58.215,/benchmark1,0.0,cpu,1,b56c7a1e321c4581d02a9de890abf570bd93c969,0.0,69.54572774602578
4317,2023-02-01 11:31:58.215,/benchmark4,0.0,cpu,1,b56c7a1e321c4581d02a9de890abf570bd93c969,0.0,69.54572774602578
4318,2023-02-01 11:31:58.215,/benchmark3,0.0,cpu,1,b56c7a1e321c4581d02a9de890abf570bd93c969,0.0,69.54572774602578
4319,2023-02-01 11:31:58.215,/benchmark2,0.0,cpu,1,b56c7a1e321c4581d02a9de890abf570bd93c969,0.0,69.54572774602578
4320,2023-02-01 11:31:58.215,rapl,12.653182983398438,dram,0,RAPL_ENERGY_DRAM,1.0,0.0
4321,2023-02-01 11:31:58.215,global,12.461949157714844,dram,0,78b0a292a97c15df67fefab7e0af9a601bf982d3,1.0,12.461949157714844
4322,2023-02-01 11:31:58.215,/benchmark1,0.0,dram,0,78b0a292a97c15df67fefab7e0af9a601bf982d3,0.0,12.461949157714844
4323,2023-02-01 11:31:58.215,/benchmark4,0.0,dram,0,78b0a292a97c15df67fefab7e0af9a601bf982d3,0.0,12.461949157714844
4324,2023-02-01 11:31:58.215,/benchmark3,0.0,dram,0,78b0a292a97c15df67fefab7e0af9a601bf982d3,0.0,12.461949157714844
4325,2023-02-01 11:31:58.215,/benchmark2,0.0,dram,0,78b0a292a97c15df67fefab7e0af9a601bf982d3,0.0,12.461949157714844
4326,2023-02-01 11:31:58.215,rapl,12.993377685546875,dram,1,RAPL_ENERGY_DRAM,1.0,0.0
4327,2023-02-01 11:31:58.215,global,12.807187906901042,dram,1,e338ce15d13d6313503924a6d20075a34370f3ae,1.0,12.807187906901042
4328,2023-02-01 11:31:58.215,/benchmark1,0.0,dram,1,e338ce15d13d6313503924a6d20075a34370f3ae,0.0,12.807187906901042
4329,2023-02-01 11:31:58.215,/benchmark4,0.0,dram,1,e338ce15d13d6313503924a6d20075a34370f3ae,0.0,12.807187906901042
4330,2023-02-01 11:31:58.215,/benchmark3,0.0,dram,1,e338ce15d13d6313503924a6d20075a34370f3ae,0.0,12.807187906901042
4331,2023-02-01 11:31:58.215,/benchmark2,0.0,dram,1,e338ce15d13d6313503924a6d20075a34370f3ae,0.0,12.807187906901042
4332,2023-02-01 11:31:59.216,rapl,70.4415283203125,cpu,0,RAPL_ENERGY_PKG,1.0,0.0
4333,2023-02-01 11:31:59.216,global,70.54391531230286,cpu,0,e46328d77e9f35f861af016694c2714cafb866e6,1.0,70.54391531230286
4334,2023-02-01 11:31:59.216,/benchmark1,0.0,cpu,0,e46328d77e9f35f861af016694c2714cafb866e6,0.0,70.54391531230286
4335,2023-02-01 11:31:59.216,/benchmark4,0.0,cpu,0,e46328d77e9f35f861af016694c2714cafb866e6,0.0,70.54391531230286
4336,2023-02-01 11:31:59.216,/benchmark3,0.0,cpu,0,e46328d77e9f35f861af016694c2714cafb866e6,0.0,70.54391531230286
4337,2023-02-01 11:31:59.216,/benchmark2,0.0,cpu,0,e46328d77e9f35f861af016694c2714cafb866e6,0.0,70.54391531230286
4338,2023-02-01 11:31:59.216,rapl,69.15484619140625,cpu,1,RAPL_ENERGY_PKG,1.0,0.0
4339,2023-02-01 11:31:59.216,global,69.54572774602578,cpu,1,b56c7a1e321c4581d02a9de890abf570bd93c969,1.0,69.54572774602578
4340,2023-02-01 11:31:59.216,/benchmark1,0.0,cpu,1,b56c7a1e321c4581d02a9de890abf570bd93c969,0.0,69.54572774602578
4341,2023-02-01 11:31:59.216,/benchmark4,0.0,cpu,1,b56c7a1e321c4581d02a9de890abf570bd93c969,0.0,69.54572774602578
4342,2023-02-01 11:31:59.216,/benchmark3,0.0,cpu,1,b56c7a1e321c4581d02a9de890abf570bd93c969,0.0,69.54572774602578
4343,2023-02-01 11:31:59.216,/benchmark2,0.0,cpu,1,b56c7a1e321c4581d02a9de890abf570bd93c969,0.0,69.54572774602578
4344,2023-02-01 11:31:59.216,rapl,12.68084716796875,dram,0,RAPL_ENERGY_DRAM,1.0,0.0
4345,2023-02-01 11:31:59.216,global,12.461949157714844,dram,0,78b0a292a97c15df67fefab7e0af9a601bf982d3,1.0,12.461949157714844
4346,2023-02-01 11:31:59.216,/benchmark1,0.0,dram,0,78b0a292a97c15df67fefab7e0af9a601bf982d3,0.0,12.461949157714844
4347,2023-02-01 11:31:59.216,/benchmark4,0.0,dram,0,78b0a292a97c15df67fefab7e0af9a601bf982d3,0.0,12.461949157714844
4348,2023-02-01 11:31:59.216,/benchmark3,0.0,dram,0,78b0a292a97c15df67fefab7e0af9a601bf982d3,0.0,12.461949157714844
4349,2023-02-01 11:31:59.216,/benchmark2,0.0,dram,0,78b0a292a97c15df67fefab7e0af9a601bf982d3,0.0,12.461949157714844
4350,2023-02-01 11:31:59.216,rapl,13.023468017578125,dram,1,RAPL_ENERGY_DRAM,1.0,0.0
4351,2023-02-01 11:31:59.216,global,12.807187906901042,dram,1,e338ce15d13d6313503924a6d20075a34370f3ae,1.0,12.807187906901042
4352,2023-02-01 11:31:59.216,/benchmark1,0.0,dram,1,e338ce15d13d6313503924a6d20075a34370f3ae,0.0,12.807187906901042
4353,2023-02-01 11:31:59.216,/benchmark4,0.0,dram,1,e338ce15d13d6313503924a6d20075a34370f3ae,0.0,12.807187906901042
4354,2023-02-01 11:31:59.216,/benchmark3,0.0,dram,1,e338ce15d13d6313503924a6d20075a34370f3ae,0.0,12.807187906901042
4355,2023-02-01 11:31:59.216,/benchmark2,0.0,dram,1,e338ce15d13d6313503924a6d20075a34370f3ae,0.0,12.807187906901042
4356,2023-02-01 11:32:00.216,rapl,70.518798828125,cpu,0,RAPL_ENERGY_PKG,1.0,0.0
4357,2023-02-01 11:32:00.216,global,70.54391531230286,cpu,0,e46328d77e9f35f861af016694c2714cafb866e6,1.0,70.54391531230286
4358,2023-02-01 11:32:00.216,/benchmark1,0.0,cpu,0,e46328d77e9f35f861af016694c2714cafb866e6,0.0,70.54391531230286
4359,2023-02-01 11:32:00.216,/benchmark4,0.0,cpu,0,e46328d77e9f35f861af016694c2714cafb866e6,0.0,70.54391531230286
4360,2023-02-01 11:32:00.216,/benchmark3,0.0,cpu,0,e46328d77e9f35f861af016694c2714cafb866e6,0.0,70.54391531230286
4361,2023-02-01 11:32:00.216,/benchmark2,0.0,cpu,0,e46328d77e9f35f861af016694c2714cafb866e6,0.0,70.54391531230286
4362,2023-02-01 11:32:00.216,rapl,69.1971435546875,cpu,1,RAPL_ENERGY_PKG,1.0,0.0
4363,2023-02-01 11:32:00.216,global,69.54572774602578,cpu,1,b56c7a1e321c4581d02a9de890abf570bd93c969,1.0,69.54572774602578
4364,2023-02-01 11:32:00.216,/benchmark1,0.0,cpu,1,b56c7a1e321c4581d02a9de890abf570bd93c969,0.0,69.54572774602578
4365,2023-02-01 11:32:00.216,/benchmark4,0.0,cpu,1,b56c7a1e321c4581d02a9de890abf570bd93c969,0.0,69.54572774602578
4366,2023-02-01 11:32:00.216,/benchmark3,0.0,cpu,1,b56c7a1e321c4581d02a9de890abf570bd93c969,0.0,69.54572774602578
4367,2023-02-01 11:32:00.216,/benchmark2,0.0,cpu,1,b56c7a1e321c4581d02a9de890abf570bd93c969,0.0,69.54572774602578
4368,2023-02-01 11:32:00.216,rapl,12.667877197265625,dram,0,RAPL_ENERGY_DRAM,1.0,0.0
4369,2023-02-01 11:32:00.216,global,12.461949157714844,dram,0,78b0a292a97c15df67fefab7e0af9a601bf982d3,1.0,12.461949157714844
4370,2023-02-01 11:32:00.216,/benchmark1,0.0,dram,0,78b0a292a97c15df67fefab7e0af9a601bf982d3,0.0,12.461949157714844
4371,2023-02-01 11:32:00.216,/benchmark4,0.0,dram,0,78b0a292a97c15df67fefab7e0af9a601bf982d3,0.0,12.461949157714844
4372,2023-02-01 11:32:00.216,/benchmark3,0.0,dram,0,78b0a292a97c15df67fefab7e0af9a601bf982d3,0.0,12.461949157714844
4373,2023-02-01 11:32:00.216,/benchmark2,0.0,dram,0,78b0a292a97c15df67fefab7e0af9a601bf982d3,0.0,12.461949157714844
4374,2023-02-01 11:32:00.216,rapl,12.934600830078125,dram,1,RAPL_ENERGY_DRAM,1.0,0.0
4375,2023-02-01 11:32:00.216,global,12.807187906901042,dram,1,e338ce15d13d6313503924a6d20075a34370f3ae,1.0,12.807187906901042
4376,2023-02-01 11:32:00.216,/benchmark1,0.0,dram,1,e338ce15d13d6313503924a6d20075a34370f3ae,0.0,12.807187906901042
4377,2023-02-01 11:32:00.216,/benchmark4,0.0,dram,1,e338ce15d13d6313503924a6d20075a34370f3ae,0.0,12.807187906901042
4378,2023-02-01 11:32:00.216,/benchmark3,0.0,dram,1,e338ce15d13d6313503924a6d20075a34370f3ae,0.0,12.807187906901042
4379,2023-02-01 11:32:00.216,/benchmark2,0.0,dram,1,e338ce15d13d6313503924a6d20075a34370f3ae,0.0,12.807187906901042
4380,2023-02-01 11:32:01.216,rapl,70.4378662109375,cpu,0,RAPL_ENERGY_PKG,1.0,0.0
4381,2023-02-01 11:32:01.216,global,70.54391531230286,cpu,0,e46328d77e9f35f861af016694c2714cafb866e6,1.0,70.54391531230286
4382,2023-02-01 11:32:01.216,/benchmark1,0.0,cpu,0,e46328d77e9f35f861af016694c2714cafb866e6,0.0,70.54391531230286
4383,2023-02-01 11:32:01.216,/benchmark4,0.0,cpu,0,e46328d77e9f35f861af016694c2714cafb866e6,0.0,70.54391531230286
4384,2023-02-01 11:32:01.216,/benchmark3,0.0,cpu,0,e46328d77e9f35f861af016694c2714cafb866e6,0.0,70.54391531230286
4385,2023-02-01 11:32:01.216,/benchmark2,0.0,cpu,0,e46328d77e9f35f861af016694c2714cafb866e6,0.0,70.54391531230286
4386,2023-02-01 11:32:01.216,rapl,69.17724609375,cpu,1,RAPL_ENERGY_PKG,1.0,0.0
4387,2023-02-01 11:32:01.216,global,69.54572774602578,cpu,1,b56c7a1e321c4581d02a9de890abf570bd93c969,1.0,69.54572774602578
4388,2023-02-01 11:32:01.216,/benchmark1,0.0,cpu,1,b56c7a1e321c4581d02a9de890abf570bd93c969,0.0,69.54572774602578
4389,2023-02-01 11:32:01.216,/benchmark4,0.0,cpu,1,b56c7a1e321c4581d02a9de890abf570bd93c969,0.0,69.54572774602578
4390,2023-02-01 11:32:01.216,/benchmark3,0.0,cpu,1,b56c7a1e321c4581d02a9de890abf570bd93c969,0.0,69.54572774602578
4391,2023-02-01 11:32:01.216,/benchmark2,0.0,cpu,1,b56c7a1e321c4581d02a9de890abf570bd93c969,0.0,69.54572774602578
4392,2023-02-01 11:32:01.216,rapl,12.689407348632812,dram,0,RAPL_ENERGY_DRAM,1.0,0.0
4393,2023-02-01 11:32:01.216,global,12.461949157714844,dram,0,78b0a292a97c15df67fefab7e0af9a601bf982d3,1.0,12.461949157714844
4394,2023-02-01 11:32:01.216,/benchmark1,0.0,dram,0,78b0a292a97c15df67fefab7e0af9a601bf982d3,0.0,12.461949157714844
4395,2023-02-01 11:32:01.216,/benchmark4,0.0,dram,0,78b0a292a97c15df67fefab7e0af9a601bf982d3,0.0,12.461949157714844
4396,2023-02-01 11:32:01.216,/benchmark3,0.0,dram,0,78b0a292a97c15df67fefab7e0af9a601bf982d3,0.0,12.461949157714844
4397,2023-02-01 11:32:01.216,/benchmark2,0.0,dram,0,78b0a292a97c15df67fefab7e0af9a601bf982d3,0.0,12.461949157714844
4398,2023-02-01 11:32:01.216,rapl,13.029159545898438,dram,1,RAPL_ENERGY_DRAM,1.0,0.0
4399,2023-02-01 11:32:01.216,global,12.807187906901042,dram,1,e338ce15d13d6313503924a6d20075a34370f3ae,1.0,12.807187906901042
4400,2023-02-01 11:32:01.216,/benchmark1,0.0,dram,1,e338ce15d13d6313503924a6d20075a34370f3ae,0.0,12.807187906901042
4401,2023-02-01 11:32:01.216,/benchmark4,0.0,dram,1,e338ce15d13d6313503924a6d20075a34370f3ae,0.0,12.807187906901042
4402,2023-02-01 11:32:01.216,/benchmark3,0.0,dram,1,e338ce15d13d6313503924a6d20075a34370f3ae,0.0,12.807187906901042
4403,2023-02-01 11:32:01.216,/benchmark2,0.0,dram,1,e338ce15d13d6313503924a6d20075a34370f3ae,0.0,12.807187906901042
4404,2023-02-01 11:32:02.216,rapl,70.3499755859375,cpu,0,RAPL_ENERGY_PKG,1.0,0.0
4405,2023-02-01 11:32:02.216,global,70.54391531230286,cpu,0,e46328d77e9f35f861af016694c2714cafb866e6,1.0,70.54391531230286
4406,2023-02-01 11:32:02.216,/benchmark1,0.0,cpu,0,e46328d77e9f35f861af016694c2714cafb866e6,0.0,70.54391531230286
4407,2023-02-01 11:32:02.216,/benchmark4,0.0,cpu,0,e46328d77e9f35f861af016694c2714cafb866e6,0.0,70.54391531230286
4408,2023-02-01 11:32:02.216,/benchmark3,0.0,cpu,0,e46328d77e9f35f861af016694c2714cafb866e6,0.0,70.54391531230286
4409,2023-02-01 11:32:02.216,/benchmark2,0.0,cpu,0,e46328d77e9f35f861af016694c2714cafb866e6,0.0,70.54391531230286
4410,2023-02-01 11:32:02.216,rapl,69.23809814453125,cpu,1,RAPL_ENERGY_PKG,1.0,0.0
4411,2023-02-01 11:32:02.216,global,69.54572774602578,cpu,1,b56c7a1e321c4581d02a9de890abf570bd93c969,1.0,69.54572774602578
4412,2023-02-01 11:32:02.216,/benchmark1,0.0,cpu,1,b56c7a1e321c4581d02a9de890abf570bd93c969,0.0,69.54572774602578
4413,2023-02-01 11:32:02.216,/benchmark4,0.0,cpu,1,b56c7a1e321c4581d02a9de890abf570bd93c969,0.0,69.54572774602578
4414,2023-02-01 11:32:02.216,/benchmark3,0.0,cpu,1,b56c7a1e321c4581d02a9de890abf570bd93c969,0.0,69.54572774602578
4415,2023-02-01 11:32:02.216,/benchmark2,0.0,cpu,1,b56c7a1e321c4581d02a9de890abf570bd93c969,0.0,69.54572774602578
4416,2023-02-01 11:32:02.216,rapl,12.665969848632812,dram,0,RAPL_ENERGY_DRAM,1.0,0.0
4417,2023-02-01 11:32:02.216,global,12.461949157714844,dram,0,78b0a292a97c15df67fefab7e0af9a601bf982d3,1.0,12.461949157714844
4418,2023-02-01 11:32:02.216,/benchmark1,0.0,dram,0,78b0a292a97c15df67fefab7e0af9a601bf982d3,0.0,12.461949157714844
4419,2023-02-01 11:32:02.216,/benchmark4,0.0,dram,0,78b0a292a97c15df67fefab7e0af9a601bf982d3,0.0,12.461949157714844
4420,2023-02-01 11:32:02.216,/benchmark3,0.0,dram,0,78b0a292a97c15df67fefab7e0af9a601bf982d3,0.0,12.461949157714844
4421,2023-02-01 11:32:02.216,/benchmark2,0.0,dram,0,78b0a292a97c15df67fefab7e0af9a601bf982d3,0.0,12.461949157714844
4422,2023-02-01 11:32:02.216,rapl,13.015182495117188,dram,1,RAPL_ENERGY_DRAM,1.0,0.0
4423,2023-02-01 11:32:02.216,global,12.807187906901042,dram,1,e338ce15d13d6313503924a6d20075a34370f3ae,1.0,12.807187906901042
4424,2023-02-01 11:32:02.216,/benchmark1,0.0,dram,1,e338ce15d13d6313503924a6d20075a34370f3ae,0.0,12.807187906901042
4425,2023-02-01 11:32:02.216,/benchmark4,0.0,dram,1,e338ce15d13d6313503924a6d20075a34370f3ae,0.0,12.807187906901042
4426,2023-02-01 11:32:02.216,/benchmark3,0.0,dram,1,e338ce15d13d6313503924a6d20075a34370f3ae,0.0,12.807187906901042
4427,2023-02-01 11:32:02.216,/benchmark2,0.0,dram,1,e338ce15d13d6313503924a6d20075a34370f3ae,0.0,12.807187906901042
4428,2023-02-01 11:32:03.216,rapl,70.31109619140625,cpu,0,RAPL_ENERGY_PKG,1.0,0.0
4429,2023-02-01 11:32:03.216,global,70.54391531230286,cpu,0,e46328d77e9f35f861af016694c2714cafb866e6,1.0,70.54391531230286
4430,2023-02-01 11:32:03.216,/benchmark1,0.0,cpu,0,e46328d77e9f35f861af016694c2714cafb866e6,0.0,70.54391531230286
4431,2023-02-01 11:32:03.216,/benchmark4,0.0,cpu,0,e46328d77e9f35f861af016694c2714cafb866e6,0.0,70.54391531230286
4432,2023-02-01 11:32:03.216,/benchmark2,0.0,cpu,0,e46328d77e9f35f861af016694c2714cafb866e6,0.0,70.54391531230286
4433,2023-02-01 11:32:03.216,/benchmark3,0.0,cpu,0,e46328d77e9f35f861af016694c2714cafb866e6,0.0,70.54391531230286
4434,2023-02-01 11:32:03.216,rapl,69.25567626953125,cpu,1,RAPL_ENERGY_PKG,1.0,0.0
4435,2023-02-01 11:32:03.216,global,69.54572774602578,cpu,1,b56c7a1e321c4581d02a9de890abf570bd93c969,1.0,69.54572774602578
4436,2023-02-01 11:32:03.216,/benchmark1,0.0,cpu,1,b56c7a1e321c4581d02a9de890abf570bd93c969,0.0,69.54572774602578
4437,2023-02-01 11:32:03.216,/benchmark4,0.0,cpu,1,b56c7a1e321c4581d02a9de890abf570bd93c969,0.0,69.54572774602578
4438,2023-02-01 11:32:03.216,/benchmark2,0.0,cpu,1,b56c7a1e321c4581d02a9de890abf570bd93c969,0.0,69.54572774602578
4439,2023-02-01 11:32:03.216,/benchmark3,0.0,cpu,1,b56c7a1e321c4581d02a9de890abf570bd93c969,0.0,69.54572774602578
4440,2023-02-01 11:32:03.216,rapl,12.6234130859375,dram,0,RAPL_ENERGY_DRAM,1.0,0.0
4441,2023-02-01 11:32:03.216,global,12.461949157714844,dram,0,78b0a292a97c15df67fefab7e0af9a601bf982d3,1.0,12.461949157714844
4442,2023-02-01 11:32:03.216,/benchmark1,0.0,dram,0,78b0a292a97c15df67fefab7e0af9a601bf982d3,0.0,12.461949157714844
4443,2023-02-01 11:32:03.216,/benchmark4,0.0,dram,0,78b0a292a97c15df67fefab7e0af9a601bf982d3,0.0,12.461949157714844
4444,2023-02-01 11:32:03.216,/benchmark2,0.0,dram,0,78b0a292a97c15df67fefab7e0af9a601bf982d3,0.0,12.461949157714844
4445,2023-02-01 11:32:03.216,/benchmark3,0.0,dram,0,78b0a292a97c15df67fefab7e0af9a601bf982d3,0.0,12.461949157714844
4446,2023-02-01 11:32:03.216,rapl,13.024795532226562,dram,1,RAPL_ENERGY_DRAM,1.0,0.0
4447,2023-02-01 11:32:03.216,global,12.807187906901042,dram,1,e338ce15d13d6313503924a6d20075a34370f3ae,1.0,12.807187906901042
4448,2023-02-01 11:32:03.216,/benchmark1,0.0,dram,1,e338ce15d13d6313503924a6d20075a34370f3ae,0.0,12.807187906901042
4449,2023-02-01 11:32:03.216,/benchmark4,0.0,dram,1,e338ce15d13d6313503924a6d20075a34370f3ae,0.0,12.807187906901042
4450,2023-02-01 11:32:03.216,/benchmark2,0.0,dram,1,e338ce15d13d6313503924a6d20075a34370f3ae,0.0,12.807187906901042
4451,2023-02-01 11:32:03.216,/benchmark3,0.0,dram,1,e338ce15d13d6313503924a6d20075a34370f3ae,0.0,12.807187906901042
4452,2023-02-01 11:32:04.217,rapl,70.33489990234375,cpu,0,RAPL_ENERGY_PKG,1.0,0.0
4453,2023-02-01 11:32:04.217,global,70.54391531230286,cpu,0,e46328d77e9f35f861af016694c2714cafb866e6,1.0,70.54391531230286
4454,2023-02-01 11:32:04.217,/benchmark1,0.0,cpu,0,e46328d77e9f35f861af016694c2714cafb866e6,0.0,70.54391531230286
4455,2023-02-01 11:32:04.217,/benchmark4,0.0,cpu,0,e46328d77e9f35f861af016694c2714cafb866e6,0.0,70.54391531230286
4456,2023-02-01 11:32:04.217,/benchmark3,0.0,cpu,0,e46328d77e9f35f861af016694c2714cafb866e6,0.0,70.54391531230286
4457,2023-02-01 11:32:04.217,/benchmark2,0.0,cpu,0,e46328d77e9f35f861af016694c2714cafb866e6,0.0,70.54391531230286
4458,2023-02-01 11:32:04.217,rapl,69.211669921875,cpu,1,RAPL_ENERGY_PKG,1.0,0.0
4459,2023-02-01 11:32:04.217,global,69.54572774602578,cpu,1,b56c7a1e321c4581d02a9de890abf570bd93c969,1.0,69.54572774602578
4460,2023-02-01 11:32:04.217,/benchmark1,0.0,cpu,1,b56c7a1e321c4581d02a9de890abf570bd93c969,0.0,69.54572774602578
4461,2023-02-01 11:32:04.217,/benchmark4,0.0,cpu,1,b56c7a1e321c4581d02a9de890abf570bd93c969,0.0,69.54572774602578
4462,2023-02-01 11:32:04.217,/benchmark3,0.0,cpu,1,b56c7a1e321c4581d02a9de890abf570bd93c969,0.0,69.54572774602578
4463,2023-02-01 11:32:04.217,/benchmark2,0.0,cpu,1,b56c7a1e321c4581d02a9de890abf570bd93c969,0.0,69.54572774602578
4464,2023-02-01 11:32:04.217,rapl,12.759689331054688,dram,0,RAPL_ENERGY_DRAM,1.0,0.0
4465,2023-02-01 11:32:04.217,global,12.461949157714844,dram,0,78b0a292a97c15df67fefab7e0af9a601bf982d3,1.0,12.461949157714844
4466,2023-02-01 11:32:04.217,/benchmark1,0.0,dram,0,78b0a292a97c15df67fefab7e0af9a601bf982d3,0.0,12.461949157714844
4467,2023-02-01 11:32:04.217,/benchmark4,0.0,dram,0,78b0a292a97c15df67fefab7e0af9a601bf982d3,0.0,12.461949157714844
4468,2023-02-01 11:32:04.217,/benchmark3,0.0,dram,0,78b0a292a97c15df67fefab7e0af9a601bf982d3,0.0,12.461949157714844
4469,2023-02-01 11:32:04.217,/benchmark2,0.0,dram,0,78b0a292a97c15df67fefab7e0af9a601bf982d3,0.0,12.461949157714844
4470,2023-02-01 11:32:04.217,rapl,13.042282104492188,dram,1,RAPL_ENERGY_DRAM,1.0,0.0
4471,2023-02-01 11:32:04.217,global,12.807187906901042,dram,1,e338ce15d13d6313503924a6d20075a34370f3ae,1.0,12.807187906901042
4472,2023-02-01 11:32:04.217,/benchmark1,0.0,dram,1,e338ce15d13d6313503924a6d20075a34370f3ae,0.0,12.807187906901042
4473,2023-02-01 11:32:04.217,/benchmark4,0.0,dram,1,e338ce15d13d6313503924a6d20075a34370f3ae,0.0,12.807187906901042
4474,2023-02-01 11:32:04.217,/benchmark3,0.0,dram,1,e338ce15d13d6313503924a6d20075a34370f3ae,0.0,12.807187906901042
4475,2023-02-01 11:32:04.217,/benchmark2,0.0,dram,1,e338ce15d13d6313503924a6d20075a34370f3ae,0.0,12.807187906901042
4476,2023-02-01 11:32:05.217,rapl,70.49053955078125,cpu,0,RAPL_ENERGY_PKG,1.0,0.0
4477,2023-02-01 11:32:05.217,global,70.54391531230286,cpu,0,e46328d77e9f35f861af016694c2714cafb866e6,1.0,70.54391531230286
4478,2023-02-01 11:32:05.217,/benchmark4,0.0,cpu,0,e46328d77e9f35f861af016694c2714cafb866e6,0.0,70.54391531230286
4479,2023-02-01 11:32:05.217,/benchmark3,0.0,cpu,0,e46328d77e9f35f861af016694c2714cafb866e6,0.0,70.54391531230286
4480,2023-02-01 11:32:05.217,/benchmark2,0.0,cpu,0,e46328d77e9f35f861af016694c2714cafb866e6,0.0,70.54391531230286
4481,2023-02-01 11:32:05.217,/benchmark1,0.0,cpu,0,e46328d77e9f35f861af016694c2714cafb866e6,0.0,70.54391531230286
4482,2023-02-01 11:32:05.217,rapl,69.27777099609375,cpu,1,RAPL_ENERGY_PKG,1.0,0.0
4483,2023-02-01 11:32:05.217,global,69.54572774602578,cpu,1,b56c7a1e321c4581d02a9de890abf570bd93c969,1.0,69.54572774602578
4484,2023-02-01 11:32:05.217,/benchmark4,0.0,cpu,1,b56c7a1e321c4581d02a9de890abf570bd93c969,0.0,69.54572774602578
4485,2023-02-01 11:32:05.217,/benchmark3,0.0,cpu,1,b56c7a1e321c4581d02a9de890abf570bd93c969,0.0,69.54572774602578
4486,2023-02-01 11:32:05.217,/benchmark2,0.0,cpu,1,b56c7a1e321c4581d02a9de890abf570bd93c969,0.0,69.54572774602578
4487,2023-02-01 11:32:05.217,/benchmark1,0.0,cpu,1,b56c7a1e321c4581d02a9de890abf570bd93c969,0.0,69.54572774602578
4488,2023-02-01 11:32:05.217,rapl,12.697723388671875,dram,0,RAPL_ENERGY_DRAM,1.0,0.0
4489,2023-02-01 11:32:05.217,global,12.461949157714844,dram,0,78b0a292a97c15df67fefab7e0af9a601bf982d3,1.0,12.461949157714844
4490,2023-02-01 11:32:05.217,/benchmark4,0.0,dram,0,78b0a292a97c15df67fefab7e0af9a601bf982d3,0.0,12.461949157714844
4491,2023-02-01 11:32:05.217,/benchmark3,0.0,dram,0,78b0a292a97c15df67fefab7e0af9a601bf982d3,0.0,12.461949157714844
4492,2023-02-01 11:32:05.217,/benchmark2,0.0,dram,0,78b0a292a97c15df67fefab7e0af9a601bf982d3,0.0,12.461949157714844
4493,2023-02-01 11:32:05.217,/benchmark1,0.0,dram,0,78b0a292a97c15df67fefab7e0af9a601bf982d3,0.0,12.461949157714844
4494,2023-02-01 11:32:05.217,rapl,12.983306884765625,dram,1,RAPL_ENERGY_DRAM,1.0,0.0
4495,2023-02-01 11:32:05.217,global,12.807187906901042,dram,1,e338ce15d13d6313503924a6d20075a34370f3ae,1.0,12.807187906901042
4496,2023-02-01 11:32:05.217,/benchmark4,0.0,dram,1,e338ce15d13d6313503924a6d20075a34370f3ae,0.0,12.807187906901042
4497,2023-02-01 11:32:05.217,/benchmark3,0.0,dram,1,e338ce15d13d6313503924a6d20075a34370f3ae,0.0,12.807187906901042
4498,2023-02-01 11:32:05.217,/benchmark2,0.0,dram,1,e338ce15d13d6313503924a6d20075a34370f3ae,0.0,12.807187906901042
4499,2023-02-01 11:32:05.217,/benchmark1,0.0,dram,1,e338ce15d13d6313503924a6d20075a34370f3ae,0.0,12.807187906901042
4500,2023-02-01 11:32:06.217,rapl,70.490966796875,cpu,0,RAPL_ENERGY_PKG,1.0,0.0
4501,2023-02-01 11:32:06.217,global,70.54391531230286,cpu,0,e46328d77e9f35f861af016694c2714cafb866e6,1.0,70.54391531230286
4502,2023-02-01 11:32:06.217,/benchmark1,0.0,cpu,0,e46328d77e9f35f861af016694c2714cafb866e6,0.0,70.54391531230286
4503,2023-02-01 11:32:06.217,/benchmark4,0.0,cpu,0,e46328d77e9f35f861af016694c2714cafb866e6,0.0,70.54391531230286
4504,2023-02-01 11:32:06.217,/benchmark3,0.0,cpu,0,e46328d77e9f35f861af016694c2714cafb866e6,0.0,70.54391531230286
4505,2023-02-01 11:32:06.217,/benchmark2,0.0,cpu,0,e46328d77e9f35f861af016694c2714cafb866e6,0.0,70.54391531230286
4506,2023-02-01 11:32:06.217,rapl,69.32806396484375,cpu,1,RAPL_ENERGY_PKG,1.0,0.0
4507,2023-02-01 11:32:06.217,global,69.54572774602578,cpu,1,b56c7a1e321c4581d02a9de890abf570bd93c969,1.0,69.54572774602578
4508,2023-02-01 11:32:06.217,/benchmark1,0.0,cpu,1,b56c7a1e321c4581d02a9de890abf570bd93c969,0.0,69.54572774602578
4509,2023-02-01 11:32:06.217,/benchmark4,0.0,cpu,1,b56c7a1e321c4581d02a9de890abf570bd93c969,0.0,69.54572774602578
4510,2023-02-01 11:32:06.217,/benchmark3,0.0,cpu,1,b56c7a1e321c4581d02a9de890abf570bd93c969,0.0,69.54572774602578
4511,2023-02-01 11:32:06.217,/benchmark2,0.0,cpu,1,b56c7a1e321c4581d02a9de890abf570bd93c969,0.0,69.54572774602578
4512,2023-02-01 11:32:06.217,rapl,12.726913452148438,dram,0,RAPL_ENERGY_DRAM,1.0,0.0
4513,2023-02-01 11:32:06.217,global,12.461949157714844,dram,0,78b0a292a97c15df67fefab7e0af9a601bf982d3,1.0,12.461949157714844
4514,2023-02-01 11:32:06.217,/benchmark1,0.0,dram,0,78b0a292a97c15df67fefab7e0af9a601bf982d3,0.0,12.461949157714844
4515,2023-02-01 11:32:06.217,/benchmark4,0.0,dram,0,78b0a292a97c15df67fefab7e0af9a601bf982d3,0.0,12.461949157714844
4516,2023-02-01 11:32:06.217,/benchmark3,0.0,dram,0,78b0a292a97c15df67fefab7e0af9a601bf982d3,0.0,12.461949157714844
4517,2023-02-01 11:32:06.217,/benchmark2,0.0,dram,0,78b0a292a97c15df67fefab7e0af9a601bf982d3,0.0,12.461949157714844
4518,2023-02-01 11:32:06.217,rapl,13.061920166015625,dram,1,RAPL_ENERGY_DRAM,1.0,0.0
4519,2023-02-01 11:32:06.217,global,12.807187906901042,dram,1,e338ce15d13d6313503924a6d20075a34370f3ae,1.0,12.807187906901042
4520,2023-02-01 11:32:06.217,/benchmark1,0.0,dram,1,e338ce15d13d6313503924a6d20075a34370f3ae,0.0,12.807187906901042
4521,2023-02-01 11:32:06.217,/benchmark4,0.0,dram,1,e338ce15d13d6313503924a6d20075a34370f3ae,0.0,12.807187906901042
4522,2023-02-01 11:32:06.217,/benchmark3,0.0,dram,1,e338ce15d13d6313503924a6d20075a34370f3ae,0.0,12.807187906901042
4523,2023-02-01 11:32:06.217,/benchmark2,0.0,dram,1,e338ce15d13d6313503924a6d20075a34370f3ae,0.0,12.807187906901042
4524,2023-02-01 11:32:07.217,rapl,70.5706787109375,cpu,0,RAPL_ENERGY_PKG,1.0,0.0
4525,2023-02-01 11:32:07.217,global,70.54391531230286,cpu,0,e46328d77e9f35f861af016694c2714cafb866e6,1.0,70.54391531230286
4526,2023-02-01 11:32:07.217,/benchmark1,0.0,cpu,0,e46328d77e9f35f861af016694c2714cafb866e6,0.0,70.54391531230286
4527,2023-02-01 11:32:07.217,/benchmark4,0.0,cpu,0,e46328d77e9f35f861af016694c2714cafb866e6,0.0,70.54391531230286
4528,2023-02-01 11:32:07.217,/benchmark3,0.0,cpu,0,e46328d77e9f35f861af016694c2714cafb866e6,0.0,70.54391531230286
4529,2023-02-01 11:32:07.217,/benchmark2,0.0,cpu,0,e46328d77e9f35f861af016694c2714cafb866e6,0.0,70.54391531230286
4530,2023-02-01 11:32:07.217,rapl,69.2470703125,cpu,1,RAPL_ENERGY_PKG,1.0,0.0
4531,2023-02-01 11:32:07.217,global,69.54572774602578,cpu,1,b56c7a1e321c4581d02a9de890abf570bd93c969,1.0,69.54572774602578
4532,2023-02-01 11:32:07.217,/benchmark1,0.0,cpu,1,b56c7a1e321c4581d02a9de890abf570bd93c969,0.0,69.54572774602578
4533,2023-02-01 11:32:07.217,/benchmark4,0.0,cpu,1,b56c7a1e321c4581d02a9de890abf570bd93c969,0.0,69.54572774602578
4534,2023-02-01 11:32:07.217,/benchmark3,0.0,cpu,1,b56c7a1e321c4581d02a9de890abf570bd93c969,0.0,69.54572774602578
4535,2023-02-01 11:32:07.217,/benchmark2,0.0,cpu,1,b56c7a1e321c4581d02a9de890abf570bd93c969,0.0,69.54572774602578
4536,2023-02-01 11:32:07.217,rapl,12.626876831054688,dram,0,RAPL_ENERGY_DRAM,1.0,0.0
4537,2023-02-01 11:32:07.217,global,12.461949157714844,dram,0,78b0a292a97c15df67fefab7e0af9a601bf982d3,1.0,12.461949157714844
4538,2023-02-01 11:32:07.217,/benchmark1,0.0,dram,0,78b0a292a97c15df67fefab7e0af9a601bf982d3,0.0,12.461949157714844
4539,2023-02-01 11:32:07.217,/benchmark4,0.0,dram,0,78b0a292a97c15df67fefab7e0af9a601bf982d3,0.0,12.461949157714844
4540,2023-02-01 11:32:07.217,/benchmark3,0.0,dram,0,78b0a292a97c15df67fefab7e0af9a601bf982d3,0.0,12.461949157714844
4541,2023-02-01 11:32:07.217,/benchmark2,0.0,dram,0,78b0a292a97c15df67fefab7e0af9a601bf982d3,0.0,12.461949157714844
4542,2023-02-01 11:32:07.217,rapl,13.034622192382812,dram,1,RAPL_ENERGY_DRAM,1.0,0.0
4543,2023-02-01 11:32:07.217,global,12.807187906901042,dram,1,e338ce15d13d6313503924a6d20075a34370f3ae,1.0,12.807187906901042
4544,2023-02-01 11:32:07.217,/benchmark1,0.0,dram,1,e338ce15d13d6313503924a6d20075a34370f3ae,0.0,12.807187906901042
4545,2023-02-01 11:32:07.217,/benchmark4,0.0,dram,1,e338ce15d13d6313503924a6d20075a34370f3ae,0.0,12.807187906901042
4546,2023-02-01 11:32:07.217,/benchmark3,0.0,dram,1,e338ce15d13d6313503924a6d20075a34370f3ae,0.0,12.807187906901042
4547,2023-02-01 11:32:07.217,/benchmark2,0.0,dram,1,e338ce15d13d6313503924a6d20075a34370f3ae,0.0,12.807187906901042
4548,2023-02-01 11:32:08.218,rapl,70.49652099609375,cpu,0,RAPL_ENERGY_PKG,1.0,0.0
4549,2023-02-01 11:32:08.218,global,70.54391531230286,cpu,0,e46328d77e9f35f861af016694c2714cafb866e6,1.0,70.54391531230286
4550,2023-02-01 11:32:08.218,/benchmark1,0.0,cpu,0,e46328d77e9f35f861af016694c2714cafb866e6,0.0,70.54391531230286
4551,2023-02-01 11:32:08.218,/benchmark4,0.0,cpu,0,e46328d77e9f35f861af016694c2714cafb866e6,0.0,70.54391531230286
4552,2023-02-01 11:32:08.218,/benchmark3,0.0,cpu,0,e46328d77e9f35f861af016694c2714cafb866e6,0.0,70.54391531230286
4553,2023-02-01 11:32:08.218,/benchmark2,0.0,cpu,0,e46328d77e9f35f861af016694c2714cafb866e6,0.0,70.54391531230286
4554,2023-02-01 11:32:08.218,rapl,69.23095703125,cpu,1,RAPL_ENERGY_PKG,1.0,0.0
4555,2023-02-01 11:32:08.218,global,69.54572774602578,cpu,1,b56c7a1e321c4581d02a9de890abf570bd93c969,1.0,69.54572774602578
4556,2023-02-01 11:32:08.218,/benchmark1,0.0,cpu,1,b56c7a1e321c4581d02a9de890abf570bd93c969,0.0,69.54572774602578
4557,2023-02-01 11:32:08.218,/benchmark4,0.0,cpu,1,b56c7a1e321c4581d02a9de890abf570bd93c969,0.0,69.54572774602578
4558,2023-02-01 11:32:08.218,/benchmark3,0.0,cpu,1,b56c7a1e321c4581d02a9de890abf570bd93c969,0.0,69.54572774602578
4559,2023-02-01 11:32:08.218,/benchmark2,0.0,cpu,1,b56c7a1e321c4581d02a9de890abf570bd93c969,0.0,69.54572774602578
4560,2023-02-01 11:32:08.218,rapl,12.654830932617188,dram,0,RAPL_ENERGY_DRAM,1.0,0.0
4561,2023-02-01 11:32:08.218,global,12.461949157714844,dram,0,78b0a292a97c15df67fefab7e0af9a601bf982d3,1.0,12.461949157714844
4562,2023-02-01 11:32:08.218,/benchmark1,0.0,dram,0,78b0a292a97c15df67fefab7e0af9a601bf982d3,0.0,12.461949157714844
4563,2023-02-01 11:32:08.218,/benchmark4,0.0,dram,0,78b0a292a97c15df67fefab7e0af9a601bf982d3,0.0,12.461949157714844
4564,2023-02-01 11:32:08.218,/benchmark3,0.0,dram,0,78b0a292a97c15df67fefab7e0af9a601bf982d3,0.0,12.461949157714844
4565,2023-02-01 11:32:08.218,/benchmark2,0.0,dram,0,78b0a292a97c15df67fefab7e0af9a601bf982d3,0.0,12.461949157714844
4566,2023-02-01 11:32:08.218,rapl,13.073898315429688,dram,1,RAPL_ENERGY_DRAM,1.0,0.0
4567,2023-02-01 11:32:08.218,global,12.807187906901042,dram,1,e338ce15d13d6313503924a6d20075a34370f3ae,1.0,12.807187906901042
4568,2023-02-01 11:32:08.218,/benchmark1,0.0,dram,1,e338ce15d13d6313503924a6d20075a34370f3ae,0.0,12.807187906901042
4569,2023-02-01 11:32:08.218,/benchmark4,0.0,dram,1,e338ce15d13d6313503924a6d20075a34370f3ae,0.0,12.807187906901042
4570,2023-02-01 11:32:08.218,/benchmark3,0.0,dram,1,e338ce15d13d6313503924a6d20075a34370f3ae,0.0,12.807187906901042
4571,2023-02-01 11:32:08.218,/benchmark2,0.0,dram,1,e338ce15d13d6313503924a6d20075a34370f3ae,0.0,12.807187906901042
4572,2023-02-01 11:32:09.218,rapl,70.4368896484375,cpu,0,RAPL_ENERGY_PKG,1.0,0.0
4573,2023-02-01 11:32:09.218,global,70.54391531230286,cpu,0,e46328d77e9f35f861af016694c2714cafb866e6,1.0,70.54391531230286
4574,2023-02-01 11:32:09.218,/benchmark1,0.0,cpu,0,e46328d77e9f35f861af016694c2714cafb866e6,0.0,70.54391531230286
4575,2023-02-01 11:32:09.218,/benchmark4,0.0,cpu,0,e46328d77e9f35f861af016694c2714cafb866e6,0.0,70.54391531230286
4576,2023-02-01 11:32:09.218,/benchmark3,0.0,cpu,0,e46328d77e9f35f861af016694c2714cafb866e6,0.0,70.54391531230286
4577,2023-02-01 11:32:09.218,/benchmark2,0.0,cpu,0,e46328d77e9f35f861af016694c2714cafb866e6,0.0,70.54391531230286
4578,2023-02-01 11:32:09.218,rapl,69.28125,cpu,1,RAPL_ENERGY_PKG,1.0,0.0
4579,2023-02-01 11:32:09.218,global,69.54572774602578,cpu,1,b56c7a1e321c4581d02a9de890abf570bd93c969,1.0,69.54572774602578
4580,2023-02-01 11:32:09.218,/benchmark1,0.0,cpu,1,b56c7a1e321c4581d02a9de890abf570bd93c969,0.0,69.54572774602578
4581,2023-02-01 11:32:09.218,/benchmark4,0.0,cpu,1,b56c7a1e321c4581d02a9de890abf570bd93c969,0.0,69.54572774602578
4582,2023-02-01 11:32:09.218,/benchmark3,0.0,cpu,1,b56c7a1e321c4581d02a9de890abf570bd93c969,0.0,69.54572774602578
4583,2023-02-01 11:32:09.218,/benchmark2,0.0,cpu,1,b56c7a1e321c4581d02a9de890abf570bd93c969,0.0,69.54572774602578
4584,2023-02-01 11:32:09.218,rapl,12.681747436523438,dram,0,RAPL_ENERGY_DRAM,1.0,0.0
4585,2023-02-01 11:32:09.218,global,12.461949157714844,dram,0,78b0a292a97c15df67fefab7e0af9a601bf982d3,1.0,12.461949157714844
4586,2023-02-01 11:32:09.218,/benchmark1,0.0,dram,0,78b0a292a97c15df67fefab7e0af9a601bf982d3,0.0,12.461949157714844
4587,2023-02-01 11:32:09.218,/benchmark4,0.0,dram,0,78b0a292a97c15df67fefab7e0af9a601bf982d3,0.0,12.461949157714844
4588,2023-02-01 11:32:09.218,/benchmark3,0.0,dram,0,78b0a292a97c15df67fefab7e0af9a601bf982d3,0.0,12.461949157714844
4589,2023-02-01 11:32:09.218,/benchmark2,0.0,dram,0,78b0a292a97c15df67fefab7e0af9a601bf982d3,0.0,12.461949157714844
4590,2023-02-01 11:32:09.218,rapl,13.034896850585938,dram,1,RAPL_ENERGY_DRAM,1.0,0.0
4591,2023-02-01 11:32:09.218,global,12.807187906901042,dram,1,e338ce15d13d6313503924a6d20075a34370f3ae,1.0,12.807187906901042
4592,2023-02-01 11:32:09.218,/benchmark1,0.0,dram,1,e338ce15d13d6313503924a6d20075a34370f3ae,0.0,12.807187906901042
4593,2023-02-01 11:32:09.218,/benchmark4,0.0,dram,1,e338ce15d13d6313503924a6d20075a34370f3ae,0.0,12.807187906901042
4594,2023-02-01 11:32:09.218,/benchmark3,0.0,dram,1,e338ce15d13d6313503924a6d20075a34370f3ae,0.0,12.807187906901042
4595,2023-02-01 11:32:09.218,/benchmark2,0.0,dram,1,e338ce15d13d6313503924a6d20075a34370f3ae,0.0,12.807187906901042
4596,2023-02-01 11:32:10.218,rapl,70.43609619140625,cpu,0,RAPL_ENERGY_PKG,1.0,0.0
4597,2023-02-01 11:32:10.218,global,70.54391531230286,cpu,0,e46328d77e9f35f861af016694c2714cafb866e6,1.0,70.54391531230286
4598,2023-02-01 11:32:10.218,/benchmark1,0.0,cpu,0,e46328d77e9f35f861af016694c2714cafb866e6,0.0,70.54391531230286
4599,2023-02-01 11:32:10.218,/benchmark4,0.0,cpu,0,e46328d77e9f35f861af016694c2714cafb866e6,0.0,70.54391531230286
4600,2023-02-01 11:32:10.218,/benchmark3,0.0,cpu,0,e46328d77e9f35f861af016694c2714cafb866e6,0.0,70.54391531230286
4601,2023-02-01 11:32:10.218,/benchmark2,0.0,cpu,0,e46328d77e9f35f861af016694c2714cafb866e6,0.0,70.54391531230286
4602,2023-02-01 11:32:10.218,rapl,69.256103515625,cpu,1,RAPL_ENERGY_PKG,1.0,0.0
4603,2023-02-01 11:32:10.218,global,69.54572774602578,cpu,1,b56c7a1e321c4581d02a9de890abf570bd93c969,1.0,69.54572774602578
4604,2023-02-01 11:32:10.218,/benchmark1,0.0,cpu,1,b56c7a1e321c4581d02a9de890abf570bd93c969,0.0,69.54572774602578
4605,2023-02-01 11:32:10.218,/benchmark4,0.0,cpu,1,b56c7a1e321c4581d02a9de890abf570bd93c969,0.0,69.54572774602578
4606,2023-02-01 11:32:10.218,/benchmark3,0.0,cpu,1,b56c7a1e321c4581d02a9de890abf570bd93c969,0.0,69.54572774602578
4607,2023-02-01 11:32:10.218,/benchmark2,0.0,cpu,1,b56c7a1e321c4581d02a9de890abf570bd93c969,0.0,69.54572774602578
4608,2023-02-01 11:32:10.218,rapl,12.668075561523438,dram,0,RAPL_ENERGY_DRAM,1.0,0.0
4609,2023-02-01 11:32:10.218,global,12.461949157714844,dram,0,78b0a292a97c15df67fefab7e0af9a601bf982d3,1.0,12.461949157714844
4610,2023-02-01 11:32:10.218,/benchmark1,0.0,dram,0,78b0a292a97c15df67fefab7e0af9a601bf982d3,0.0,12.461949157714844
4611,2023-02-01 11:32:10.218,/benchmark4,0.0,dram,0,78b0a292a97c15df67fefab7e0af9a601bf982d3,0.0,12.461949157714844
4612,2023-02-01 11:32:10.218,/benchmark3,0.0,dram,0,78b0a292a97c15df67fefab7e0af9a601bf982d3,0.0,12.461949157714844
4613,2023-02-01 11:32:10.218,/benchmark2,0.0,dram,0,78b0a292a97c15df67fefab7e0af9a601bf982d3,0.0,12.461949157714844
4614,2023-02-01 11:32:10.218,rapl,13.015426635742188,dram,1,RAPL_ENERGY_DRAM,1.0,0.0
4615,2023-02-01 11:32:10.218,global,12.807187906901042,dram,1,e338ce15d13d6313503924a6d20075a34370f3ae,1.0,12.807187906901042
4616,2023-02-01 11:32:10.218,/benchmark1,0.0,dram,1,e338ce15d13d6313503924a6d20075a34370f3ae,0.0,12.807187906901042
4617,2023-02-01 11:32:10.218,/benchmark4,0.0,dram,1,e338ce15d13d6313503924a6d20075a34370f3ae,0.0,12.807187906901042
4618,2023-02-01 11:32:10.218,/benchmark3,0.0,dram,1,e338ce15d13d6313503924a6d20075a34370f3ae,0.0,12.807187906901042
4619,2023-02-01 11:32:10.218,/benchmark2,0.0,dram,1,e338ce15d13d6313503924a6d20075a34370f3ae,0.0,12.807187906901042
4620,2023-02-01 11:32:11.218,rapl,70.41900634765625,cpu,0,RAPL_ENERGY_PKG,1.0,0.0
4621,2023-02-01 11:32:11.218,global,70.54391531230286,cpu,0,e46328d77e9f35f861af016694c2714cafb866e6,1.0,70.54391531230286
4622,2023-02-01 11:32:11.218,/benchmark1,0.0,cpu,0,e46328d77e9f35f861af016694c2714cafb866e6,0.0,70.54391531230286
4623,2023-02-01 11:32:11.218,/benchmark4,0.0,cpu,0,e46328d77e9f35f861af016694c2714cafb866e6,0.0,70.54391531230286
4624,2023-02-01 11:32:11.218,/benchmark3,0.0,cpu,0,e46328d77e9f35f861af016694c2714cafb866e6,0.0,70.54391531230286
4625,2023-02-01 11:32:11.218,/benchmark2,0.0,cpu,0,e46328d77e9f35f861af016694c2714cafb866e6,0.0,70.54391531230286
4626,2023-02-01 11:32:11.218,rapl,69.1929931640625,cpu,1,RAPL_ENERGY_PKG,1.0,0.0
4627,2023-02-01 11:32:11.218,global,69.54572774602578,cpu,1,b56c7a1e321c4581d02a9de890abf570bd93c969,1.0,69.54572774602578
4628,2023-02-01 11:32:11.218,/benchmark1,0.0,cpu,1,b56c7a1e321c4581d02a9de890abf570bd93c969,0.0,69.54572774602578
4629,2023-02-01 11:32:11.218,/benchmark4,0.0,cpu,1,b56c7a1e321c4581d02a9de890abf570bd93c969,0.0,69.54572774602578
4630,2023-02-01 11:32:11.218,/benchmark3,0.0,cpu,1,b56c7a1e321c4581d02a9de890abf570bd93c969,0.0,69.54572774602578
4631,2023-02-01 11:32:11.218,/benchmark2,0.0,cpu,1,b56c7a1e321c4581d02a9de890abf570bd93c969,0.0,69.54572774602578
4632,2023-02-01 11:32:11.218,rapl,12.698883056640625,dram,0,RAPL_ENERGY_DRAM,1.0,0.0
4633,2023-02-01 11:32:11.218,global,12.461949157714844,dram,0,78b0a292a97c15df67fefab7e0af9a601bf982d3,1.0,12.461949157714844
4634,2023-02-01 11:32:11.218,/benchmark1,0.0,dram,0,78b0a292a97c15df67fefab7e0af9a601bf982d3,0.0,12.461949157714844
4635,2023-02-01 11:32:11.218,/benchmark4,0.0,dram,0,78b0a292a97c15df67fefab7e0af9a601bf982d3,0.0,12.461949157714844
4636,2023-02-01 11:32:11.218,/benchmark3,0.0,dram,0,78b0a292a97c15df67fefab7e0af9a601bf982d3,0.0,12.461949157714844
4637,2023-02-01 11:32:11.218,/benchmark2,0.0,dram,0,78b0a292a97c15df67fefab7e0af9a601bf982d3,0.0,12.461949157714844
4638,2023-02-01 11:32:11.218,rapl,13.077499389648438,dram,1,RAPL_ENERGY_DRAM,1.0,0.0
4639,2023-02-01 11:32:11.218,global,12.807187906901042,dram,1,e338ce15d13d6313503924a6d20075a34370f3ae,1.0,12.807187906901042
4640,2023-02-01 11:32:11.218,/benchmark1,0.0,dram,1,e338ce15d13d6313503924a6d20075a34370f3ae,0.0,12.807187906901042
4641,2023-02-01 11:32:11.218,/benchmark4,0.0,dram,1,e338ce15d13d6313503924a6d20075a34370f3ae,0.0,12.807187906901042
4642,2023-02-01 11:32:11.218,/benchmark3,0.0,dram,1,e338ce15d13d6313503924a6d20075a34370f3ae,0.0,12.807187906901042
4643,2023-02-01 11:32:11.218,/benchmark2,0.0,dram,1,e338ce15d13d6313503924a6d20075a34370f3ae,0.0,12.807187906901042
4644,2023-02-01 11:32:12.218,rapl,70.437255859375,cpu,0,RAPL_ENERGY_PKG,1.0,0.0
4645,2023-02-01 11:32:12.218,global,70.54391531230286,cpu,0,e46328d77e9f35f861af016694c2714cafb866e6,1.0,70.54391531230286
4646,2023-02-01 11:32:12.218,/benchmark1,0.0,cpu,0,e46328d77e9f35f861af016694c2714cafb866e6,0.0,70.54391531230286
4647,2023-02-01 11:32:12.218,/benchmark4,0.0,cpu,0,e46328d77e9f35f861af016694c2714cafb866e6,0.0,70.54391531230286
4648,2023-02-01 11:32:12.218,/benchmark3,0.0,cpu,0,e46328d77e9f35f861af016694c2714cafb866e6,0.0,70.54391531230286
4649,2023-02-01 11:32:12.218,/benchmark2,0.0,cpu,0,e46328d77e9f35f861af016694c2714cafb866e6,0.0,70.54391531230286
4650,2023-02-01 11:32:12.218,rapl,69.229248046875,cpu,1,RAPL_ENERGY_PKG,1.0,0.0
4651,2023-02-01 11:32:12.218,global,69.54572774602578,cpu,1,b56c7a1e321c4581d02a9de890abf570bd93c969,1.0,69.54572774602578
4652,2023-02-01 11:32:12.218,/benchmark1,0.0,cpu,1,b56c7a1e321c4581d02a9de890abf570bd93c969,0.0,69.54572774602578
4653,2023-02-01 11:32:12.218,/benchmark4,0.0,cpu,1,b56c7a1e321c4581d02a9de890abf570bd93c969,0.0,69.54572774602578
4654,2023-02-01 11:32:12.218,/benchmark3,0.0,cpu,1,b56c7a1e321c4581d02a9de890abf570bd93c969,0.0,69.54572774602578
4655,2023-02-01 11:32:12.218,/benchmark2,0.0,cpu,1,b56c7a1e321c4581d02a9de890abf570bd93c969,0.0,69.54572774602578
4656,2023-02-01 11:32:12.218,rapl,12.643157958984375,dram,0,RAPL_ENERGY_DRAM,1.0,0.0
4657,2023-02-01 11:32:12.218,global,12.461949157714844,dram,0,78b0a292a97c15df67fefab7e0af9a601bf982d3,1.0,12.461949157714844
4658,2023-02-01 11:32:12.218,/benchmark1,0.0,dram,0,78b0a292a97c15df67fefab7e0af9a601bf982d3,0.0,12.461949157714844
4659,2023-02-01 11:32:12.218,/benchmark4,0.0,dram,0,78b0a292a97c15df67fefab7e0af9a601bf982d3,0.0,12.461949157714844
4660,2023-02-01 11:32:12.218,/benchmark3,0.0,dram,0,78b0a292a97c15df67fefab7e0af9a601bf982d3,0.0,12.461949157714844
4661,2023-02-01 11:32:12.218,/benchmark2,0.0,dram,0,78b0a292a97c15df67fefab7e0af9a601bf982d3,0.0,12.461949157714844
4662,2023-02-01 11:32:12.218,rapl,12.986663818359375,dram,1,RAPL_ENERGY_DRAM,1.0,0.0
4663,2023-02-01 11:32:12.218,global,12.807187906901042,dram,1,e338ce15d13d6313503924a6d20075a34370f3ae,1.0,12.807187906901042
4664,2023-02-01 11:32:12.218,/benchmark1,0.0,dram,1,e338ce15d13d6313503924a6d20075a34370f3ae,0.0,12.807187906901042
4665,2023-02-01 11:32:12.218,/benchmark4,0.0,dram,1,e338ce15d13d6313503924a6d20075a34370f3ae,0.0,12.807187906901042
4666,2023-02-01 11:32:12.218,/benchmark3,0.0,dram,1,e338ce15d13d6313503924a6d20075a34370f3ae,0.0,12.807187906901042
4667,2023-02-01 11:32:12.218,/benchmark2,0.0,dram,1,e338ce15d13d6313503924a6d20075a34370f3ae,0.0,12.807187906901042
4668,2023-02-01 11:32:13.219,rapl,70.38763427734375,cpu,0,RAPL_ENERGY_PKG,1.0,0.0
4669,2023-02-01 11:32:13.219,global,70.54391531230286,cpu,0,e46328d77e9f35f861af016694c2714cafb866e6,1.0,70.54391531230286
4670,2023-02-01 11:32:13.219,/benchmark1,0.0,cpu,0,e46328d77e9f35f861af016694c2714cafb866e6,0.0,70.54391531230286
4671,2023-02-01 11:32:13.219,/benchmark4,0.0,cpu,0,e46328d77e9f35f861af016694c2714cafb866e6,0.0,70.54391531230286
4672,2023-02-01 11:32:13.219,/benchmark3,0.0,cpu,0,e46328d77e9f35f861af016694c2714cafb866e6,0.0,70.54391531230286
4673,2023-02-01 11:32:13.219,/benchmark2,0.0,cpu,0,e46328d77e9f35f861af016694c2714cafb866e6,0.0,70.54391531230286
4674,2023-02-01 11:32:13.219,rapl,69.24017333984375,cpu,1,RAPL_ENERGY_PKG,1.0,0.0
4675,2023-02-01 11:32:13.219,global,69.54572774602578,cpu,1,b56c7a1e321c4581d02a9de890abf570bd93c969,1.0,69.54572774602578
4676,2023-02-01 11:32:13.219,/benchmark1,0.0,cpu,1,b56c7a1e321c4581d02a9de890abf570bd93c969,0.0,69.54572774602578
4677,2023-02-01 11:32:13.219,/benchmark4,0.0,cpu,1,b56c7a1e321c4581d02a9de890abf570bd93c969,0.0,69.54572774602578
4678,2023-02-01 11:32:13.219,/benchmark3,0.0,cpu,1,b56c7a1e321c4581d02a9de890abf570bd93c969,0.0,69.54572774602578
4679,2023-02-01 11:32:13.219,/benchmark2,0.0,cpu,1,b56c7a1e321c4581d02a9de890abf570bd93c969,0.0,69.54572774602578
4680,2023-02-01 11:32:13.219,rapl,12.626174926757812,dram,0,RAPL_ENERGY_DRAM,1.0,0.0
4681,2023-02-01 11:32:13.219,global,12.461949157714844,dram,0,78b0a292a97c15df67fefab7e0af9a601bf982d3,1.0,12.461949157714844
4682,2023-02-01 11:32:13.219,/benchmark1,0.0,dram,0,78b0a292a97c15df67fefab7e0af9a601bf982d3,0.0,12.461949157714844
4683,2023-02-01 11:32:13.219,/benchmark4,0.0,dram,0,78b0a292a97c15df67fefab7e0af9a601bf982d3,0.0,12.461949157714844
4684,2023-02-01 11:32:13.219,/benchmark3,0.0,dram,0,78b0a292a97c15df67fefab7e0af9a601bf982d3,0.0,12.461949157714844
4685,2023-02-01 11:32:13.219,/benchmark2,0.0,dram,0,78b0a292a97c15df67fefab7e0af9a601bf982d3,0.0,12.461949157714844
4686,2023-02-01 11:32:13.219,rapl,13.041519165039062,dram,1,RAPL_ENERGY_DRAM,1.0,0.0
4687,2023-02-01 11:32:13.219,global,12.807187906901042,dram,1,e338ce15d13d6313503924a6d20075a34370f3ae,1.0,12.807187906901042
4688,2023-02-01 11:32:13.219,/benchmark1,0.0,dram,1,e338ce15d13d6313503924a6d20075a34370f3ae,0.0,12.807187906901042
4689,2023-02-01 11:32:13.219,/benchmark4,0.0,dram,1,e338ce15d13d6313503924a6d20075a34370f3ae,0.0,12.807187906901042
4690,2023-02-01 11:32:13.219,/benchmark3,0.0,dram,1,e338ce15d13d6313503924a6d20075a34370f3ae,0.0,12.807187906901042
4691,2023-02-01 11:32:13.219,/benchmark2,0.0,dram,1,e338ce15d13d6313503924a6d20075a34370f3ae,0.0,12.807187906901042
4692,2023-02-01 11:32:14.219,rapl,70.40374755859375,cpu,0,RAPL_ENERGY_PKG,1.0,0.0
4693,2023-02-01 11:32:14.219,global,70.54391531230286,cpu,0,e46328d77e9f35f861af016694c2714cafb866e6,1.0,70.54391531230286
4694,2023-02-01 11:32:14.219,/benchmark1,0.0,cpu,0,e46328d77e9f35f861af016694c2714cafb866e6,0.0,70.54391531230286
4695,2023-02-01 11:32:14.219,/benchmark4,0.0,cpu,0,e46328d77e9f35f861af016694c2714cafb866e6,0.0,70.54391531230286
4696,2023-02-01 11:32:14.219,/benchmark3,0.0,cpu,0,e46328d77e9f35f861af016694c2714cafb866e6,0.0,70.54391531230286
4697,2023-02-01 11:32:14.219,/benchmark2,0.0,cpu,0,e46328d77e9f35f861af016694c2714cafb866e6,0.0,70.54391531230286
4698,2023-02-01 11:32:14.219,rapl,69.2879638671875,cpu,1,RAPL_ENERGY_PKG,1.0,0.0
4699,2023-02-01 11:32:14.219,global,69.54572774602578,cpu,1,b56c7a1e321c4581d02a9de890abf570bd93c969,1.0,69.54572774602578
4700,2023-02-01 11:32:14.219,/benchmark1,0.0,cpu,1,b56c7a1e321c4581d02a9de890abf570bd93c969,0.0,69.54572774602578
4701,2023-02-01 11:32:14.219,/benchmark4,0.0,cpu,1,b56c7a1e321c4581d02a9de890abf570bd93c969,0.0,69.54572774602578
4702,2023-02-01 11:32:14.219,/benchmark3,0.0,cpu,1,b56c7a1e321c4581d02a9de890abf570bd93c969,0.0,69.54572774602578
4703,2023-02-01 11:32:14.219,/benchmark2,0.0,cpu,1,b56c7a1e321c4581d02a9de890abf570bd93c969,0.0,69.54572774602578
4704,2023-02-01 11:32:14.219,rapl,12.669692993164062,dram,0,RAPL_ENERGY_DRAM,1.0,0.0
4705,2023-02-01 11:32:14.219,global,12.461949157714844,dram,0,78b0a292a97c15df67fefab7e0af9a601bf982d3,1.0,12.461949157714844
4706,2023-02-01 11:32:14.219,/benchmark1,0.0,dram,0,78b0a292a97c15df67fefab7e0af9a601bf982d3,0.0,12.461949157714844
4707,2023-02-01 11:32:14.219,/benchmark4,0.0,dram,0,78b0a292a97c15df67fefab7e0af9a601bf982d3,0.0,12.461949157714844
4708,2023-02-01 11:32:14.219,/benchmark3,0.0,dram,0,78b0a292a97c15df67fefab7e0af9a601bf982d3,0.0,12.461949157714844
4709,2023-02-01 11:32:14.219,/benchmark2,0.0,dram,0,78b0a292a97c15df67fefab7e0af9a601bf982d3,0.0,12.461949157714844
4710,2023-02-01 11:32:14.219,rapl,13.00457763671875,dram,1,RAPL_ENERGY_DRAM,1.0,0.0
4711,2023-02-01 11:32:14.219,global,12.807187906901042,dram,1,e338ce15d13d6313503924a6d20075a34370f3ae,1.0,12.807187906901042
4712,2023-02-01 11:32:14.219,/benchmark1,0.0,dram,1,e338ce15d13d6313503924a6d20075a34370f3ae,0.0,12.807187906901042
4713,2023-02-01 11:32:14.219,/benchmark4,0.0,dram,1,e338ce15d13d6313503924a6d20075a34370f3ae,0.0,12.807187906901042
4714,2023-02-01 11:32:14.219,/benchmark3,0.0,dram,1,e338ce15d13d6313503924a6d20075a34370f3ae,0.0,12.807187906901042
4715,2023-02-01 11:32:14.219,/benchmark2,0.0,dram,1,e338ce15d13d6313503924a6d20075a34370f3ae,0.0,12.807187906901042
4716,2023-02-01 11:32:15.219,rapl,70.53277587890625,cpu,0,RAPL_ENERGY_PKG,1.0,0.0
4717,2023-02-01 11:32:15.219,global,70.54391531230286,cpu,0,e46328d77e9f35f861af016694c2714cafb866e6,1.0,70.54391531230286
4718,2023-02-01 11:32:15.219,/benchmark1,0.0,cpu,0,e46328d77e9f35f861af016694c2714cafb866e6,0.0,70.54391531230286
4719,2023-02-01 11:32:15.219,/benchmark4,0.0,cpu,0,e46328d77e9f35f861af016694c2714cafb866e6,0.0,70.54391531230286
4720,2023-02-01 11:32:15.219,/benchmark3,0.0,cpu,0,e46328d77e9f35f861af016694c2714cafb866e6,0.0,70.54391531230286
4721,2023-02-01 11:32:15.219,/benchmark2,0.0,cpu,0,e46328d77e9f35f861af016694c2714cafb866e6,0.0,70.54391531230286
4722,2023-02-01 11:32:15.219,rapl,69.22540283203125,cpu,1,RAPL_ENERGY_PKG,1.0,0.0
4723,2023-02-01 11:32:15.219,global,69.54572774602578,cpu,1,b56c7a1e321c4581d02a9de890abf570bd93c969,1.0,69.54572774602578
4724,2023-02-01 11:32:15.219,/benchmark1,0.0,cpu,1,b56c7a1e321c4581d02a9de890abf570bd93c969,0.0,69.54572774602578
4725,2023-02-01 11:32:15.219,/benchmark4,0.0,cpu,1,b56c7a1e321c4581d02a9de890abf570bd93c969,0.0,69.54572774602578
4726,2023-02-01 11:32:15.219,/benchmark3,0.0,cpu,1,b56c7a1e321c4581d02a9de890abf570bd93c969,0.0,69.54572774602578
4727,2023-02-01 11:32:15.219,/benchmark2,0.0,cpu,1,b56c7a1e321c4581d02a9de890abf570bd93c969,0.0,69.54572774602578
4728,2023-02-01 11:32:15.219,rapl,12.638427734375,dram,0,RAPL_ENERGY_DRAM,1.0,0.0
4729,2023-02-01 11:32:15.219,global,12.461949157714844,dram,0,78b0a292a97c15df67fefab7e0af9a601bf982d3,1.0,12.461949157714844
4730,2023-02-01 11:32:15.219,/benchmark1,0.0,dram,0,78b0a292a97c15df67fefab7e0af9a601bf982d3,0.0,12.461949157714844
4731,2023-02-01 11:32:15.219,/benchmark4,0.0,dram,0,78b0a292a97c15df67fefab7e0af9a601bf982d3,0.0,12.461949157714844
4732,2023-02-01 11:32:15.219,/benchmark3,0.0,dram,0,78b0a292a97c15df67fefab7e0af9a601bf982d3,0.0,12.461949157714844
4733,2023-02-01 11:32:15.219,/benchmark2,0.0,dram,0,78b0a292a97c15df67fefab7e0af9a601bf982d3,0.0,12.461949157714844
4734,2023-02-01 11:32:15.219,rapl,13.048904418945312,dram,1,RAPL_ENERGY_DRAM,1.0,0.0
4735,2023-02-01 11:32:15.219,global,12.807187906901042,dram,1,e338ce15d13d6313503924a6d20075a34370f3ae,1.0,12.807187906901042
4736,2023-02-01 11:32:15.219,/benchmark1,0.0,dram,1,e338ce15d13d6313503924a6d20075a34370f3ae,0.0,12.807187906901042
4737,2023-02-01 11:32:15.219,/benchmark4,0.0,dram,1,e338ce15d13d6313503924a6d20075a34370f3ae,0.0,12.807187906901042
4738,2023-02-01 11:32:15.219,/benchmark3,0.0,dram,1,e338ce15d13d6313503924a6d20075a34370f3ae,0.0,12.807187906901042
4739,2023-02-01 11:32:15.219,/benchmark2,0.0,dram,1,e338ce15d13d6313503924a6d20075a34370f3ae,0.0,12.807187906901042
4740,2023-02-01 11:32:16.219,rapl,70.5670166015625,cpu,0,RAPL_ENERGY_PKG,1.0,0.0
4741,2023-02-01 11:32:16.219,global,70.54391531230286,cpu,0,e46328d77e9f35f861af016694c2714cafb866e6,1.0,70.54391531230286
4742,2023-02-01 11:32:16.219,/benchmark1,0.0,cpu,0,e46328d77e9f35f861af016694c2714cafb866e6,0.0,70.54391531230286
4743,2023-02-01 11:32:16.219,/benchmark4,0.0,cpu,0,e46328d77e9f35f861af016694c2714cafb866e6,0.0,70.54391531230286
4744,2023-02-01 11:32:16.219,/benchmark3,0.0,cpu,0,e46328d77e9f35f861af016694c2714cafb866e6,0.0,70.54391531230286
4745,2023-02-01 11:32:16.219,/benchmark2,0.0,cpu,0,e46328d77e9f35f861af016694c2714cafb866e6,0.0,70.54391531230286
4746,2023-02-01 11:32:16.219,rapl,69.23223876953125,cpu,1,RAPL_ENERGY_PKG,1.0,0.0
4747,2023-02-01 11:32:16.219,global,69.54572774602578,cpu,1,b56c7a1e321c4581d02a9de890abf570bd93c969,1.0,69.54572774602578
4748,2023-02-01 11:32:16.219,/benchmark1,0.0,cpu,1,b56c7a1e321c4581d02a9de890abf570bd93c969,0.0,69.54572774602578
4749,2023-02-01 11:32:16.219,/benchmark4,0.0,cpu,1,b56c7a1e321c4581d02a9de890abf570bd93c969,0.0,69.54572774602578
4750,2023-02-01 11:32:16.219,/benchmark3,0.0,cpu,1,b56c7a1e321c4581d02a9de890abf570bd93c969,0.0,69.54572774602578
4751,2023-02-01 11:32:16.219,/benchmark2,0.0,cpu,1,b56c7a1e321c4581d02a9de890abf570bd93c969,0.0,69.54572774602578
4752,2023-02-01 11:32:16.219,rapl,12.708953857421875,dram,0,RAPL_ENERGY_DRAM,1.0,0.0
4753,2023-02-01 11:32:16.219,global,12.461949157714844,dram,0,78b0a292a97c15df67fefab7e0af9a601bf982d3,1.0,12.461949157714844
4754,2023-02-01 11:32:16.219,/benchmark1,0.0,dram,0,78b0a292a97c15df67fefab7e0af9a601bf982d3,0.0,12.461949157714844
4755,2023-02-01 11:32:16.219,/benchmark4,0.0,dram,0,78b0a292a97c15df67fefab7e0af9a601bf982d3,0.0,12.461949157714844
4756,2023-02-01 11:32:16.219,/benchmark3,0.0,dram,0,78b0a292a97c15df67fefab7e0af9a601bf982d3,0.0,12.461949157714844
4757,2023-02-01 11:32:16.219,/benchmark2,0.0,dram,0,78b0a292a97c15df67fefab7e0af9a601bf982d3,0.0,12.461949157714844
4758,2023-02-01 11:32:16.219,rapl,12.980438232421875,dram,1,RAPL_ENERGY_DRAM,1.0,0.0
4759,2023-02-01 11:32:16.219,global,12.807187906901042,dram,1,e338ce15d13d6313503924a6d20075a34370f3ae,1.0,12.807187906901042
4760,2023-02-01 11:32:16.219,/benchmark1,0.0,dram,1,e338ce15d13d6313503924a6d20075a34370f3ae,0.0,12.807187906901042
4761,2023-02-01 11:32:16.219,/benchmark4,0.0,dram,1,e338ce15d13d6313503924a6d20075a34370f3ae,0.0,12.807187906901042
4762,2023-02-01 11:32:16.219,/benchmark3,0.0,dram,1,e338ce15d13d6313503924a6d20075a34370f3ae,0.0,12.807187906901042
4763,2023-02-01 11:32:16.219,/benchmark2,0.0,dram,1,e338ce15d13d6313503924a6d20075a34370f3ae,0.0,12.807187906901042
4764,2023-02-01 11:32:17.219,rapl,70.52166748046875,cpu,0,RAPL_ENERGY_PKG,1.0,0.0
4765,2023-02-01 11:32:17.219,global,70.54391531230286,cpu,0,e46328d77e9f35f861af016694c2714cafb866e6,1.0,70.54391531230286
4766,2023-02-01 11:32:17.219,/benchmark1,0.0,cpu,0,e46328d77e9f35f861af016694c2714cafb866e6,0.0,70.54391531230286
4767,2023-02-01 11:32:17.219,/benchmark4,0.0,cpu,0,e46328d77e9f35f861af016694c2714cafb866e6,0.0,70.54391531230286
4768,2023-02-01 11:32:17.219,/benchmark3,0.0,cpu,0,e46328d77e9f35f861af016694c2714cafb866e6,0.0,70.54391531230286
4769,2023-02-01 11:32:17.219,/benchmark2,0.0,cpu,0,e46328d77e9f35f861af016694c2714cafb866e6,0.0,70.54391531230286
4770,2023-02-01 11:32:17.219,rapl,69.11114501953125,cpu,1,RAPL_ENERGY_PKG,1.0,0.0
4771,2023-02-01 11:32:17.219,global,69.54572774602578,cpu,1,b56c7a1e321c4581d02a9de890abf570bd93c969,1.0,69.54572774602578
4772,2023-02-01 11:32:17.219,/benchmark1,0.0,cpu,1,b56c7a1e321c4581d02a9de890abf570bd93c969,0.0,69.54572774602578
4773,2023-02-01 11:32:17.219,/benchmark4,0.0,cpu,1,b56c7a1e321c4581d02a9de890abf570bd93c969,0.0,69.54572774602578
4774,2023-02-01 11:32:17.219,/benchmark3,0.0,cpu,1,b56c7a1e321c4581d02a9de890abf570bd93c969,0.0,69.54572774602578
4775,2023-02-01 11:32:17.219,/benchmark2,0.0,cpu,1,b56c7a1e321c4581d02a9de890abf570bd93c969,0.0,69.54572774602578
4776,2023-02-01 11:32:17.219,rapl,12.6806640625,dram,0,RAPL_ENERGY_DRAM,1.0,0.0
4777,2023-02-01 11:32:17.219,global,12.461949157714844,dram,0,78b0a292a97c15df67fefab7e0af9a601bf982d3,1.0,12.461949157714844
4778,2023-02-01 11:32:17.219,/benchmark1,0.0,dram,0,78b0a292a97c15df67fefab7e0af9a601bf982d3,0.0,12.461949157714844
4779,2023-02-01 11:32:17.219,/benchmark4,0.0,dram,0,78b0a292a97c15df67fefab7e0af9a601bf982d3,0.0,12.461949157714844
4780,2023-02-01 11:32:17.219,/benchmark3,0.0,dram,0,78b0a292a97c15df67fefab7e0af9a601bf982d3,0.0,12.461949157714844
4781,2023-02-01 11:32:17.219,/benchmark2,0.0,dram,0,78b0a292a97c15df67fefab7e0af9a601bf982d3,0.0,12.461949157714844
4782,2023-02-01 11:32:17.219,rapl,12.931854248046875,dram,1,RAPL_ENERGY_DRAM,1.0,0.0
4783,2023-02-01 11:32:17.219,global,12.807187906901042,dram,1,e338ce15d13d6313503924a6d20075a34370f3ae,1.0,12.807187906901042
4784,2023-02-01 11:32:17.219,/benchmark1,0.0,dram,1,e338ce15d13d6313503924a6d20075a34370f3ae,0.0,12.807187906901042
4785,2023-02-01 11:32:17.219,/benchmark4,0.0,dram,1,e338ce15d13d6313503924a6d20075a34370f3ae,0.0,12.807187906901042
4786,2023-02-01 11:32:17.219,/benchmark3,0.0,dram,1,e338ce15d13d6313503924a6d20075a34370f3ae,0.0,12.807187906901042
4787,2023-02-01 11:32:17.219,/benchmark2,0.0,dram,1,e338ce15d13d6313503924a6d20075a34370f3ae,0.0,12.807187906901042
4788,2023-02-01 11:32:18.220,rapl,70.51068115234375,cpu,0,RAPL_ENERGY_PKG,1.0,0.0
4789,2023-02-01 11:32:18.220,global,70.54391531230286,cpu,0,e46328d77e9f35f861af016694c2714cafb866e6,1.0,70.54391531230286
4790,2023-02-01 11:32:18.220,/benchmark1,0.0,cpu,0,e46328d77e9f35f861af016694c2714cafb866e6,0.0,70.54391531230286
4791,2023-02-01 11:32:18.220,/benchmark4,0.0,cpu,0,e46328d77e9f35f861af016694c2714cafb866e6,0.0,70.54391531230286
4792,2023-02-01 11:32:18.220,/benchmark3,0.0,cpu,0,e46328d77e9f35f861af016694c2714cafb866e6,0.0,70.54391531230286
4793,2023-02-01 11:32:18.220,/benchmark2,0.0,cpu,0,e46328d77e9f35f861af016694c2714cafb866e6,0.0,70.54391531230286
4794,2023-02-01 11:32:18.220,rapl,69.22991943359375,cpu,1,RAPL_ENERGY_PKG,1.0,0.0
4795,2023-02-01 11:32:18.220,global,69.54572774602578,cpu,1,b56c7a1e321c4581d02a9de890abf570bd93c969,1.0,69.54572774602578
4796,2023-02-01 11:32:18.220,/benchmark1,0.0,cpu,1,b56c7a1e321c4581d02a9de890abf570bd93c969,0.0,69.54572774602578
4797,2023-02-01 11:32:18.220,/benchmark4,0.0,cpu,1,b56c7a1e321c4581d02a9de890abf570bd93c969,0.0,69.54572774602578
4798,2023-02-01 11:32:18.220,/benchmark3,0.0,cpu,1,b56c7a1e321c4581d02a9de890abf570bd93c969,0.0,69.54572774602578
4799,2023-02-01 11:32:18.220,/benchmark2,0.0,cpu,1,b56c7a1e321c4581d02a9de890abf570bd93c969,0.0,69.54572774602578
4800,2023-02-01 11:32:18.220,rapl,12.677871704101562,dram,0,RAPL_ENERGY_DRAM,1.0,0.0
4801,2023-02-01 11:32:18.220,global,12.461949157714844,dram,0,78b0a292a97c15df67fefab7e0af9a601bf982d3,1.0,12.461949157714844
4802,2023-02-01 11:32:18.220,/benchmark1,0.0,dram,0,78b0a292a97c15df67fefab7e0af9a601bf982d3,0.0,12.461949157714844
4803,2023-02-01 11:32:18.220,/benchmark4,0.0,dram,0,78b0a292a97c15df67fefab7e0af9a601bf982d3,0.0,12.461949157714844
4804,2023-02-01 11:32:18.220,/benchmark3,0.0,dram,0,78b0a292a97c15df67fefab7e0af9a601bf982d3,0.0,12.461949157714844
4805,2023-02-01 11:32:18.220,/benchmark2,0.0,dram,0,78b0a292a97c15df67fefab7e0af9a601bf982d3,0.0,12.461949157714844
4806,2023-02-01 11:32:18.220,rapl,13.052352905273438,dram,1,RAPL_ENERGY_DRAM,1.0,0.0
4807,2023-02-01 11:32:18.220,global,12.807187906901042,dram,1,e338ce15d13d6313503924a6d20075a34370f3ae,1.0,12.807187906901042
4808,2023-02-01 11:32:18.220,/benchmark1,0.0,dram,1,e338ce15d13d6313503924a6d20075a34370f3ae,0.0,12.807187906901042
4809,2023-02-01 11:32:18.220,/benchmark4,0.0,dram,1,e338ce15d13d6313503924a6d20075a34370f3ae,0.0,12.807187906901042
4810,2023-02-01 11:32:18.220,/benchmark3,0.0,dram,1,e338ce15d13d6313503924a6d20075a34370f3ae,0.0,12.807187906901042
4811,2023-02-01 11:32:18.220,/benchmark2,0.0,dram,1,e338ce15d13d6313503924a6d20075a34370f3ae,0.0,12.807187906901042
4812,2023-02-01 11:32:19.220,rapl,70.56756591796875,cpu,0,RAPL_ENERGY_PKG,1.0,0.0
4813,2023-02-01 11:32:19.220,global,70.54391531230286,cpu,0,e46328d77e9f35f861af016694c2714cafb866e6,1.0,70.54391531230286
4814,2023-02-01 11:32:19.220,/benchmark1,0.0,cpu,0,e46328d77e9f35f861af016694c2714cafb866e6,0.0,70.54391531230286
4815,2023-02-01 11:32:19.220,/benchmark4,0.0,cpu,0,e46328d77e9f35f861af016694c2714cafb866e6,0.0,70.54391531230286
4816,2023-02-01 11:32:19.220,/benchmark3,0.0,cpu,0,e46328d77e9f35f861af016694c2714cafb866e6,0.0,70.54391531230286
4817,2023-02-01 11:32:19.220,/benchmark2,0.0,cpu,0,e46328d77e9f35f861af016694c2714cafb866e6,0.0,70.54391531230286
4818,2023-02-01 11:32:19.220,rapl,69.27276611328125,cpu,1,RAPL_ENERGY_PKG,1.0,0.0
4819,2023-02-01 11:32:19.220,global,69.54572774602578,cpu,1,b56c7a1e321c4581d02a9de890abf570bd93c969,1.0,69.54572774602578
4820,2023-02-01 11:32:19.220,/benchmark1,0.0,cpu,1,b56c7a1e321c4581d02a9de890abf570bd93c969,0.0,69.54572774602578
4821,2023-02-01 11:32:19.220,/benchmark4,0.0,cpu,1,b56c7a1e321c4581d02a9de890abf570bd93c969,0.0,69.54572774602578
4822,2023-02-01 11:32:19.220,/benchmark3,0.0,cpu,1,b56c7a1e321c4581d02a9de890abf570bd93c969,0.0,69.54572774602578
4823,2023-02-01 11:32:19.220,/benchmark2,0.0,cpu,1,b56c7a1e321c4581d02a9de890abf570bd93c969,0.0,69.54572774602578
4824,2023-02-01 11:32:19.220,rapl,12.612579345703125,dram,0,RAPL_ENERGY_DRAM,1.0,0.0
4825,2023-02-01 11:32:19.220,global,12.461949157714844,dram,0,78b0a292a97c15df67fefab7e0af9a601bf982d3,1.0,12.461949157714844
4826,2023-02-01 11:32:19.220,/benchmark1,0.0,dram,0,78b0a292a97c15df67fefab7e0af9a601bf982d3,0.0,12.461949157714844
4827,2023-02-01 11:32:19.220,/benchmark4,0.0,dram,0,78b0a292a97c15df67fefab7e0af9a601bf982d3,0.0,12.461949157714844
4828,2023-02-01 11:32:19.220,/benchmark3,0.0,dram,0,78b0a292a97c15df67fefab7e0af9a601bf982d3,0.0,12.461949157714844
4829,2023-02-01 11:32:19.220,/benchmark2,0.0,dram,0,78b0a292a97c15df67fefab7e0af9a601bf982d3,0.0,12.461949157714844
4830,2023-02-01 11:32:19.220,rapl,13.014312744140625,dram,1,RAPL_ENERGY_DRAM,1.0,0.0
4831,2023-02-01 11:32:19.220,global,12.807187906901042,dram,1,e338ce15d13d6313503924a6d20075a34370f3ae,1.0,12.807187906901042
4832,2023-02-01 11:32:19.220,/benchmark1,0.0,dram,1,e338ce15d13d6313503924a6d20075a34370f3ae,0.0,12.807187906901042
4833,2023-02-01 11:32:19.220,/benchmark4,0.0,dram,1,e338ce15d13d6313503924a6d20075a34370f3ae,0.0,12.807187906901042
4834,2023-02-01 11:32:19.220,/benchmark3,0.0,dram,1,e338ce15d13d6313503924a6d20075a34370f3ae,0.0,12.807187906901042
4835,2023-02-01 11:32:19.220,/benchmark2,0.0,dram,1,e338ce15d13d6313503924a6d20075a34370f3ae,0.0,12.807187906901042
4836,2023-02-01 11:32:20.220,rapl,70.449951171875,cpu,0,RAPL_ENERGY_PKG,1.0,0.0
4837,2023-02-01 11:32:20.220,global,70.54391531230286,cpu,0,e46328d77e9f35f861af016694c2714cafb866e6,1.0,70.54391531230286
4838,2023-02-01 11:32:20.220,/benchmark1,0.0,cpu,0,e46328d77e9f35f861af016694c2714cafb866e6,0.0,70.54391531230286
4839,2023-02-01 11:32:20.220,/benchmark4,0.0,cpu,0,e46328d77e9f35f861af016694c2714cafb866e6,0.0,70.54391531230286
4840,2023-02-01 11:32:20.220,/benchmark3,0.0,cpu,0,e46328d77e9f35f861af016694c2714cafb866e6,0.0,70.54391531230286
4841,2023-02-01 11:32:20.220,/benchmark2,0.0,cpu,0,e46328d77e9f35f861af016694c2714cafb866e6,0.0,70.54391531230286
4842,2023-02-01 11:32:20.220,rapl,69.3160400390625,cpu,1,RAPL_ENERGY_PKG,1.0,0.0
4843,2023-02-01 11:32:20.220,global,69.54572774602578,cpu,1,b56c7a1e321c4581d02a9de890abf570bd93c969,1.0,69.54572774602578
4844,2023-02-01 11:32:20.220,/benchmark1,0.0,cpu,1,b56c7a1e321c4581d02a9de890abf570bd93c969,0.0,69.54572774602578
4845,2023-02-01 11:32:20.220,/benchmark4,0.0,cpu,1,b56c7a1e321c4581d02a9de890abf570bd93c969,0.0,69.54572774602578
4846,2023-02-01 11:32:20.220,/benchmark3,0.0,cpu,1,b56c7a1e321c4581d02a9de890abf570bd93c969,0.0,69.54572774602578
4847,2023-02-01 11:32:20.220,/benchmark2,0.0,cpu,1,b56c7a1e321c4581d02a9de890abf570bd93c969,0.0,69.54572774602578
4848,2023-02-01 11:32:20.220,rapl,12.662643432617188,dram,0,RAPL_ENERGY_DRAM,1.0,0.0
4849,2023-02-01 11:32:20.220,global,12.461949157714844,dram,0,78b0a292a97c15df67fefab7e0af9a601bf982d3,1.0,12.461949157714844
4850,2023-02-01 11:32:20.220,/benchmark1,0.0,dram,0,78b0a292a97c15df67fefab7e0af9a601bf982d3,0.0,12.461949157714844
4851,2023-02-01 11:32:20.220,/benchmark4,0.0,dram,0,78b0a292a97c15df67fefab7e0af9a601bf982d3,0.0,12.461949157714844
4852,2023-02-01 11:32:20.220,/benchmark3,0.0,dram,0,78b0a292a97c15df67fefab7e0af9a601bf982d3,0.0,12.461949157714844
4853,2023-02-01 11:32:20.220,/benchmark2,0.0,dram,0,78b0a292a97c15df67fefab7e0af9a601bf982d3,0.0,12.461949157714844
4854,2023-02-01 11:32:20.220,rapl,13.040695190429688,dram,1,RAPL_ENERGY_DRAM,1.0,0.0
4855,2023-02-01 11:32:20.220,global,12.807187906901042,dram,1,e338ce15d13d6313503924a6d20075a34370f3ae,1.0,12.807187906901042
4856,2023-02-01 11:32:20.220,/benchmark1,0.0,dram,1,e338ce15d13d6313503924a6d20075a34370f3ae,0.0,12.807187906901042
4857,2023-02-01 11:32:20.220,/benchmark4,0.0,dram,1,e338ce15d13d6313503924a6d20075a34370f3ae,0.0,12.807187906901042
4858,2023-02-01 11:32:20.220,/benchmark3,0.0,dram,1,e338ce15d13d6313503924a6d20075a34370f3ae,0.0,12.807187906901042
4859,2023-02-01 11:32:20.220,/benchmark2,0.0,dram,1,e338ce15d13d6313503924a6d20075a34370f3ae,0.0,12.807187906901042
4860,2023-02-01 11:32:21.220,rapl,70.39447021484375,cpu,0,RAPL_ENERGY_PKG,1.0,0.0
4861,2023-02-01 11:32:21.220,global,70.54391531230286,cpu,0,e46328d77e9f35f861af016694c2714cafb866e6,1.0,70.54391531230286
4862,2023-02-01 11:32:21.220,/benchmark1,0.0,cpu,0,e46328d77e9f35f861af016694c2714cafb866e6,0.0,70.54391531230286
4863,2023-02-01 11:32:21.220,/benchmark4,0.0,cpu,0,e46328d77e9f35f861af016694c2714cafb866e6,0.0,70.54391531230286
4864,2023-02-01 11:32:21.220,/benchmark3,0.0,cpu,0,e46328d77e9f35f861af016694c2714cafb866e6,0.0,70.54391531230286
4865,2023-02-01 11:32:21.220,/benchmark2,0.0,cpu,0,e46328d77e9f35f861af016694c2714cafb866e6,0.0,70.54391531230286
4866,2023-02-01 11:32:21.220,rapl,69.34051513671875,cpu,1,RAPL_ENERGY_PKG,1.0,0.0
4867,2023-02-01 11:32:21.220,global,69.54572774602578,cpu,1,b56c7a1e321c4581d02a9de890abf570bd93c969,1.0,69.54572774602578
4868,2023-02-01 11:32:21.220,/benchmark1,0.0,cpu,1,b56c7a1e321c4581d02a9de890abf570bd93c969,0.0,69.54572774602578
4869,2023-02-01 11:32:21.220,/benchmark4,0.0,cpu,1,b56c7a1e321c4581d02a9de890abf570bd93c969,0.0,69.54572774602578
4870,2023-02-01 11:32:21.220,/benchmark3,0.0,cpu,1,b56c7a1e321c4581d02a9de890abf570bd93c969,0.0,69.54572774602578
4871,2023-02-01 11:32:21.220,/benchmark2,0.0,cpu,1,b56c7a1e321c4581d02a9de890abf570bd93c969,0.0,69.54572774602578
4872,2023-02-01 11:32:21.220,rapl,12.657989501953125,dram,0,RAPL_ENERGY_DRAM,1.0,0.0
4873,2023-02-01 11:32:21.220,global,12.461949157714844,dram,0,78b0a292a97c15df67fefab7e0af9a601bf982d3,1.0,12.461949157714844
4874,2023-02-01 11:32:21.220,/benchmark1,0.0,dram,0,78b0a292a97c15df67fefab7e0af9a601bf982d3,0.0,12.461949157714844
4875,2023-02-01 11:32:21.220,/benchmark4,0.0,dram,0,78b0a292a97c15df67fefab7e0af9a601bf982d3,0.0,12.461949157714844
4876,2023-02-01 11:32:21.220,/benchmark3,0.0,dram,0,78b0a292a97c15df67fefab7e0af9a601bf982d3,0.0,12.461949157714844
4877,2023-02-01 11:32:21.220,/benchmark2,0.0,dram,0,78b0a292a97c15df67fefab7e0af9a601bf982d3,0.0,12.461949157714844
4878,2023-02-01 11:32:21.220,rapl,13.066986083984375,dram,1,RAPL_ENERGY_DRAM,1.0,0.0
4879,2023-02-01 11:32:21.220,global,12.807187906901042,dram,1,e338ce15d13d6313503924a6d20075a34370f3ae,1.0,12.807187906901042
4880,2023-02-01 11:32:21.220,/benchmark1,0.0,dram,1,e338ce15d13d6313503924a6d20075a34370f3ae,0.0,12.807187906901042
4881,2023-02-01 11:32:21.220,/benchmark4,0.0,dram,1,e338ce15d13d6313503924a6d20075a34370f3ae,0.0,12.807187906901042
4882,2023-02-01 11:32:21.220,/benchmark3,0.0,dram,1,e338ce15d13d6313503924a6d20075a34370f3ae,0.0,12.807187906901042
4883,2023-02-01 11:32:21.220,/benchmark2,0.0,dram,1,e338ce15d13d6313503924a6d20075a34370f3ae,0.0,12.807187906901042
4884,2023-02-01 11:32:22.220,rapl,70.5384521484375,cpu,0,RAPL_ENERGY_PKG,1.0,0.0
4885,2023-02-01 11:32:22.220,global,70.54391531230286,cpu,0,e46328d77e9f35f861af016694c2714cafb866e6,1.0,70.54391531230286
4886,2023-02-01 11:32:22.220,/benchmark1,0.0,cpu,0,e46328d77e9f35f861af016694c2714cafb866e6,0.0,70.54391531230286
4887,2023-02-01 11:32:22.220,/benchmark4,0.0,cpu,0,e46328d77e9f35f861af016694c2714cafb866e6,0.0,70.54391531230286
4888,2023-02-01 11:32:22.220,/benchmark2,0.0,cpu,0,e46328d77e9f35f861af016694c2714cafb866e6,0.0,70.54391531230286
4889,2023-02-01 11:32:22.220,/benchmark3,0.0,cpu,0,e46328d77e9f35f861af016694c2714cafb866e6,0.0,70.54391531230286
4890,2023-02-01 11:32:22.220,rapl,69.34942626953125,cpu,1,RAPL_ENERGY_PKG,1.0,0.0
4891,2023-02-01 11:32:22.220,global,69.54572774602578,cpu,1,b56c7a1e321c4581d02a9de890abf570bd93c969,1.0,69.54572774602578
4892,2023-02-01 11:32:22.220,/benchmark1,0.0,cpu,1,b56c7a1e321c4581d02a9de890abf570bd93c969,0.0,69.54572774602578
4893,2023-02-01 11:32:22.220,/benchmark4,0.0,cpu,1,b56c7a1e321c4581d02a9de890abf570bd93c969,0.0,69.54572774602578
4894,2023-02-01 11:32:22.220,/benchmark2,0.0,cpu,1,b56c7a1e321c4581d02a9de890abf570bd93c969,0.0,69.54572774602578
4895,2023-02-01 11:32:22.220,/benchmark3,0.0,cpu,1,b56c7a1e321c4581d02a9de890abf570bd93c969,0.0,69.54572774602578
4896,2023-02-01 11:32:22.220,rapl,12.725433349609375,dram,0,RAPL_ENERGY_DRAM,1.0,0.0
4897,2023-02-01 11:32:22.220,global,12.461949157714844,dram,0,78b0a292a97c15df67fefab7e0af9a601bf982d3,1.0,12.461949157714844
4898,2023-02-01 11:32:22.220,/benchmark1,0.0,dram,0,78b0a292a97c15df67fefab7e0af9a601bf982d3,0.0,12.461949157714844
4899,2023-02-01 11:32:22.220,/benchmark4,0.0,dram,0,78b0a292a97c15df67fefab7e0af9a601bf982d3,0.0,12.461949157714844
4900,2023-02-01 11:32:22.220,/benchmark2,0.0,dram,0,78b0a292a97c15df67fefab7e0af9a601bf982d3,0.0,12.461949157714844
4901,2023-02-01 11:32:22.220,/benchmark3,0.0,dram,0,78b0a292a97c15df67fefab7e0af9a601bf982d3,0.0,12.461949157714844
4902,2023-02-01 11:32:22.220,rapl,13.021224975585938,dram,1,RAPL_ENERGY_DRAM,1.0,0.0
4903,2023-02-01 11:32:22.220,global,12.807187906901042,dram,1,e338ce15d13d6313503924a6d20075a34370f3ae,1.0,12.807187906901042
4904,2023-02-01 11:32:22.220,/benchmark1,0.0,dram,1,e338ce15d13d6313503924a6d20075a34370f3ae,0.0,12.807187906901042
4905,2023-02-01 11:32:22.220,/benchmark4,0.0,dram,1,e338ce15d13d6313503924a6d20075a34370f3ae,0.0,12.807187906901042
4906,2023-02-01 11:32:22.220,/benchmark2,0.0,dram,1,e338ce15d13d6313503924a6d20075a34370f3ae,0.0,12.807187906901042
4907,2023-02-01 11:32:22.220,/benchmark3,0.0,dram,1,e338ce15d13d6313503924a6d20075a34370f3ae,0.0,12.807187906901042
4908,2023-02-01 11:32:23.221,rapl,70.4141845703125,cpu,0,RAPL_ENERGY_PKG,1.0,0.0
4909,2023-02-01 11:32:23.221,global,70.54391531230286,cpu,0,e46328d77e9f35f861af016694c2714cafb866e6,1.0,70.54391531230286
4910,2023-02-01 11:32:23.221,/benchmark1,0.0,cpu,0,e46328d77e9f35f861af016694c2714cafb866e6,0.0,70.54391531230286
4911,2023-02-01 11:32:23.221,/benchmark4,0.0,cpu,0,e46328d77e9f35f861af016694c2714cafb866e6,0.0,70.54391531230286
4912,2023-02-01 11:32:23.221,/benchmark3,0.0,cpu,0,e46328d77e9f35f861af016694c2714cafb866e6,0.0,70.54391531230286
4913,2023-02-01 11:32:23.221,/benchmark2,0.0,cpu,0,e46328d77e9f35f861af016694c2714cafb866e6,0.0,70.54391531230286
4914,2023-02-01 11:32:23.221,rapl,69.26947021484375,cpu,1,RAPL_ENERGY_PKG,1.0,0.0
4915,2023-02-01 11:32:23.221,global,69.54572774602578,cpu,1,b56c7a1e321c4581d02a9de890abf570bd93c969,1.0,69.54572774602578
4916,2023-02-01 11:32:23.221,/benchmark1,0.0,cpu,1,b56c7a1e321c4581d02a9de890abf570bd93c969,0.0,69.54572774602578
4917,2023-02-01 11:32:23.221,/benchmark4,0.0,cpu,1,b56c7a1e321c4581d02a9de890abf570bd93c969,0.0,69.54572774602578
4918,2023-02-01 11:32:23.221,/benchmark3,0.0,cpu,1,b56c7a1e321c4581d02a9de890abf570bd93c969,0.0,69.54572774602578
4919,2023-02-01 11:32:23.221,/benchmark2,0.0,cpu,1,b56c7a1e321c4581d02a9de890abf570bd93c969,0.0,69.54572774602578
4920,2023-02-01 11:32:23.221,rapl,12.651824951171875,dram,0,RAPL_ENERGY_DRAM,1.0,0.0
4921,2023-02-01 11:32:23.221,global,12.461949157714844,dram,0,78b0a292a97c15df67fefab7e0af9a601bf982d3,1.0,12.461949157714844
4922,2023-02-01 11:32:23.221,/benchmark1,0.0,dram,0,78b0a292a97c15df67fefab7e0af9a601bf982d3,0.0,12.461949157714844
4923,2023-02-01 11:32:23.221,/benchmark4,0.0,dram,0,78b0a292a97c15df67fefab7e0af9a601bf982d3,0.0,12.461949157714844
4924,2023-02-01 11:32:23.221,/benchmark3,0.0,dram,0,78b0a292a97c15df67fefab7e0af9a601bf982d3,0.0,12.461949157714844
4925,2023-02-01 11:32:23.221,/benchmark2,0.0,dram,0,78b0a292a97c15df67fefab7e0af9a601bf982d3,0.0,12.461949157714844
4926,2023-02-01 11:32:23.221,rapl,13.02471923828125,dram,1,RAPL_ENERGY_DRAM,1.0,0.0
4927,2023-02-01 11:32:23.221,global,12.807187906901042,dram,1,e338ce15d13d6313503924a6d20075a34370f3ae,1.0,12.807187906901042
4928,2023-02-01 11:32:23.221,/benchmark1,0.0,dram,1,e338ce15d13d6313503924a6d20075a34370f3ae,0.0,12.807187906901042
4929,2023-02-01 11:32:23.221,/benchmark4,0.0,dram,1,e338ce15d13d6313503924a6d20075a34370f3ae,0.0,12.807187906901042
4930,2023-02-01 11:32:23.221,/benchmark3,0.0,dram,1,e338ce15d13d6313503924a6d20075a34370f3ae,0.0,12.807187906901042
4931,2023-02-01 11:32:23.221,/benchmark2,0.0,dram,1,e338ce15d13d6313503924a6d20075a34370f3ae,0.0,12.807187906901042
4932,2023-02-01 11:32:24.221,rapl,70.4114990234375,cpu,0,RAPL_ENERGY_PKG,1.0,0.0
4933,2023-02-01 11:32:24.221,global,70.54391531230286,cpu,0,e46328d77e9f35f861af016694c2714cafb866e6,1.0,70.54391531230286
4934,2023-02-01 11:32:24.221,/benchmark4,0.0,cpu,0,e46328d77e9f35f861af016694c2714cafb866e6,0.0,70.54391531230286
4935,2023-02-01 11:32:24.221,/benchmark3,0.0,cpu,0,e46328d77e9f35f861af016694c2714cafb866e6,0.0,70.54391531230286
4936,2023-02-01 11:32:24.221,/benchmark2,0.0,cpu,0,e46328d77e9f35f861af016694c2714cafb866e6,0.0,70.54391531230286
4937,2023-02-01 11:32:24.221,/benchmark1,0.0,cpu,0,e46328d77e9f35f861af016694c2714cafb866e6,0.0,70.54391531230286
4938,2023-02-01 11:32:24.221,rapl,69.33502197265625,cpu,1,RAPL_ENERGY_PKG,1.0,0.0
4939,2023-02-01 11:32:24.221,global,69.54572774602578,cpu,1,b56c7a1e321c4581d02a9de890abf570bd93c969,1.0,69.54572774602578
4940,2023-02-01 11:32:24.221,/benchmark4,0.0,cpu,1,b56c7a1e321c4581d02a9de890abf570bd93c969,0.0,69.54572774602578
4941,2023-02-01 11:32:24.221,/benchmark3,0.0,cpu,1,b56c7a1e321c4581d02a9de890abf570bd93c969,0.0,69.54572774602578
4942,2023-02-01 11:32:24.221,/benchmark2,0.0,cpu,1,b56c7a1e321c4581d02a9de890abf570bd93c969,0.0,69.54572774602578
4943,2023-02-01 11:32:24.221,/benchmark1,0.0,cpu,1,b56c7a1e321c4581d02a9de890abf570bd93c969,0.0,69.54572774602578
4944,2023-02-01 11:32:24.221,rapl,12.69329833984375,dram,0,RAPL_ENERGY_DRAM,1.0,0.0
4945,2023-02-01 11:32:24.221,global,12.461949157714844,dram,0,78b0a292a97c15df67fefab7e0af9a601bf982d3,1.0,12.461949157714844
4946,2023-02-01 11:32:24.221,/benchmark4,0.0,dram,0,78b0a292a97c15df67fefab7e0af9a601bf982d3,0.0,12.461949157714844
4947,2023-02-01 11:32:24.221,/benchmark3,0.0,dram,0,78b0a292a97c15df67fefab7e0af9a601bf982d3,0.0,12.461949157714844
4948,2023-02-01 11:32:24.221,/benchmark2,0.0,dram,0,78b0a292a97c15df67fefab7e0af9a601bf982d3,0.0,12.461949157714844
4949,2023-02-01 11:32:24.221,/benchmark1,0.0,dram,0,78b0a292a97c15df67fefab7e0af9a601bf982d3,0.0,12.461949157714844
4950,2023-02-01 11:32:24.221,rapl,12.991470336914062,dram,1,RAPL_ENERGY_DRAM,1.0,0.0
4951,2023-02-01 11:32:24.221,global,12.807187906901042,dram,1,e338ce15d13d6313503924a6d20075a34370f3ae,1.0,12.807187906901042
4952,2023-02-01 11:32:24.221,/benchmark4,0.0,dram,1,e338ce15d13d6313503924a6d20075a34370f3ae,0.0,12.807187906901042
4953,2023-02-01 11:32:24.221,/benchmark3,0.0,dram,1,e338ce15d13d6313503924a6d20075a34370f3ae,0.0,12.807187906901042
4954,2023-02-01 11:32:24.221,/benchmark2,0.0,dram,1,e338ce15d13d6313503924a6d20075a34370f3ae,0.0,12.807187906901042
4955,2023-02-01 11:32:24.221,/benchmark1,0.0,dram,1,e338ce15d13d6313503924a6d20075a34370f3ae,0.0,12.807187906901042
4956,2023-02-01 11:32:25.221,rapl,70.43463134765625,cpu,0,RAPL_ENERGY_PKG,1.0,0.0
4957,2023-02-01 11:32:25.221,global,70.54391531230286,cpu,0,e46328d77e9f35f861af016694c2714cafb866e6,1.0,70.54391531230286
4958,2023-02-01 11:32:25.221,/benchmark1,0.0,cpu,0,e46328d77e9f35f861af016694c2714cafb866e6,0.0,70.54391531230286
4959,2023-02-01 11:32:25.221,/benchmark4,0.0,cpu,0,e46328d77e9f35f861af016694c2714cafb866e6,0.0,70.54391531230286
4960,2023-02-01 11:32:25.221,/benchmark3,0.0,cpu,0,e46328d77e9f35f861af016694c2714cafb866e6,0.0,70.54391531230286
4961,2023-02-01 11:32:25.221,/benchmark2,0.0,cpu,0,e46328d77e9f35f861af016694c2714cafb866e6,0.0,70.54391531230286
4962,2023-02-01 11:32:25.221,rapl,69.341796875,cpu,1,RAPL_ENERGY_PKG,1.0,0.0
4963,2023-02-01 11:32:25.221,global,69.54572774602578,cpu,1,b56c7a1e321c4581d02a9de890abf570bd93c969,1.0,69.54572774602578
4964,2023-02-01 11:32:25.221,/benchmark1,0.0,cpu,1,b56c7a1e321c4581d02a9de890abf570bd93c969,0.0,69.54572774602578
4965,2023-02-01 11:32:25.221,/benchmark4,0.0,cpu,1,b56c7a1e321c4581d02a9de890abf570bd93c969,0.0,69.54572774602578
4966,2023-02-01 11:32:25.221,/benchmark3,0.0,cpu,1,b56c7a1e321c4581d02a9de890abf570bd93c969,0.0,69.54572774602578
4967,2023-02-01 11:32:25.221,/benchmark2,0.0,cpu,1,b56c7a1e321c4581d02a9de890abf570bd93c969,0.0,69.54572774602578
4968,2023-02-01 11:32:25.221,rapl,12.631820678710938,dram,0,RAPL_ENERGY_DRAM,1.0,0.0
4969,2023-02-01 11:32:25.221,global,12.461949157714844,dram,0,78b0a292a97c15df67fefab7e0af9a601bf982d3,1.0,12.461949157714844
4970,2023-02-01 11:32:25.221,/benchmark1,0.0,dram,0,78b0a292a97c15df67fefab7e0af9a601bf982d3,0.0,12.461949157714844
4971,2023-02-01 11:32:25.221,/benchmark4,0.0,dram,0,78b0a292a97c15df67fefab7e0af9a601bf982d3,0.0,12.461949157714844
4972,2023-02-01 11:32:25.221,/benchmark3,0.0,dram,0,78b0a292a97c15df67fefab7e0af9a601bf982d3,0.0,12.461949157714844
4973,2023-02-01 11:32:25.221,/benchmark2,0.0,dram,0,78b0a292a97c15df67fefab7e0af9a601bf982d3,0.0,12.461949157714844
4974,2023-02-01 11:32:25.221,rapl,12.977676391601562,dram,1,RAPL_ENERGY_DRAM,1.0,0.0
4975,2023-02-01 11:32:25.221,global,12.807187906901042,dram,1,e338ce15d13d6313503924a6d20075a34370f3ae,1.0,12.807187906901042
4976,2023-02-01 11:32:25.221,/benchmark1,0.0,dram,1,e338ce15d13d6313503924a6d20075a34370f3ae,0.0,12.807187906901042
4977,2023-02-01 11:32:25.221,/benchmark4,0.0,dram,1,e338ce15d13d6313503924a6d20075a34370f3ae,0.0,12.807187906901042
4978,2023-02-01 11:32:25.221,/benchmark3,0.0,dram,1,e338ce15d13d6313503924a6d20075a34370f3ae,0.0,12.807187906901042
4979,2023-02-01 11:32:25.221,/benchmark2,0.0,dram,1,e338ce15d13d6313503924a6d20075a34370f3ae,0.0,12.807187906901042
4980,2023-02-01 11:32:26.221,rapl,70.523681640625,cpu,0,RAPL_ENERGY_PKG,1.0,0.0
4981,2023-02-01 11:32:26.221,global,70.54391531230286,cpu,0,e46328d77e9f35f861af016694c2714cafb866e6,1.0,70.54391531230286
4982,2023-02-01 11:32:26.221,/benchmark1,0.0,cpu,0,e46328d77e9f35f861af016694c2714cafb866e6,0.0,70.54391531230286
4983,2023-02-01 11:32:26.221,/benchmark4,0.0,cpu,0,e46328d77e9f35f861af016694c2714cafb866e6,0.0,70.54391531230286
4984,2023-02-01 11:32:26.221,/benchmark3,0.0,cpu,0,e46328d77e9f35f861af016694c2714cafb866e6,0.0,70.54391531230286
4985,2023-02-01 11:32:26.221,/benchmark2,0.0,cpu,0,e46328d77e9f35f861af016694c2714cafb866e6,0.0,70.54391531230286
4986,2023-02-01 11:32:26.221,rapl,69.38104248046875,cpu,1,RAPL_ENERGY_PKG,1.0,0.0
4987,2023-02-01 11:32:26.221,global,69.54572774602578,cpu,1,b56c7a1e321c4581d02a9de890abf570bd93c969,1.0,69.54572774602578
4988,2023-02-01 11:32:26.221,/benchmark1,0.0,cpu,1,b56c7a1e321c4581d02a9de890abf570bd93c969,0.0,69.54572774602578
4989,2023-02-01 11:32:26.221,/benchmark4,0.0,cpu,1,b56c7a1e321c4581d02a9de890abf570bd93c969,0.0,69.54572774602578
4990,2023-02-01 11:32:26.221,/benchmark3,0.0,cpu,1,b56c7a1e321c4581d02a9de890abf570bd93c969,0.0,69.54572774602578
4991,2023-02-01 11:32:26.221,/benchmark2,0.0,cpu,1,b56c7a1e321c4581d02a9de890abf570bd93c969,0.0,69.54572774602578
4992,2023-02-01 11:32:26.221,rapl,12.661544799804688,dram,0,RAPL_ENERGY_DRAM,1.0,0.0
4993,2023-02-01 11:32:26.221,global,12.461949157714844,dram,0,78b0a292a97c15df67fefab7e0af9a601bf982d3,1.0,12.461949157714844
4994,2023-02-01 11:32:26.221,/benchmark1,0.0,dram,0,78b0a292a97c15df67fefab7e0af9a601bf982d3,0.0,12.461949157714844
4995,2023-02-01 11:32:26.221,/benchmark4,0.0,dram,0,78b0a292a97c15df67fefab7e0af9a601bf982d3,0.0,12.461949157714844
4996,2023-02-01 11:32:26.221,/benchmark3,0.0,dram,0,78b0a292a97c15df67fefab7e0af9a601bf982d3,0.0,12.461949157714844
4997,2023-02-01 11:32:26.221,/benchmark2,0.0,dram,0,78b0a292a97c15df67fefab7e0af9a601bf982d3,0.0,12.461949157714844
4998,2023-02-01 11:32:26.221,rapl,12.984405517578125,dram,1,RAPL_ENERGY_DRAM,1.0,0.0
4999,2023-02-01 11:32:26.221,global,12.807187906901042,dram,1,e338ce15d13d6313503924a6d20075a34370f3ae,1.0,12.807187906901042
5000,2023-02-01 11:32:26.221,/benchmark1,0.0,dram,1,e338ce15d13d6313503924a6d20075a34370f3ae,0.0,12.807187906901042
5001,2023-02-01 11:32:26.221,/benchmark4,0.0,dram,1,e338ce15d13d6313503924a6d20075a34370f3ae,0.0,12.807187906901042
5002,2023-02-01 11:32:26.221,/benchmark3,0.0,dram,1,e338ce15d13d6313503924a6d20075a34370f3ae,0.0,12.807187906901042
5003,2023-02-01 11:32:26.221,/benchmark2,0.0,dram,1,e338ce15d13d6313503924a6d20075a34370f3ae,0.0,12.807187906901042
5004,2023-02-01 11:32:27.221,rapl,70.58782958984375,cpu,0,RAPL_ENERGY_PKG,1.0,0.0
5005,2023-02-01 11:32:27.221,global,70.54391531230286,cpu,0,e46328d77e9f35f861af016694c2714cafb866e6,1.0,70.54391531230286
5006,2023-02-01 11:32:27.221,/benchmark1,0.0,cpu,0,e46328d77e9f35f861af016694c2714cafb866e6,0.0,70.54391531230286
5007,2023-02-01 11:32:27.221,/benchmark4,0.0,cpu,0,e46328d77e9f35f861af016694c2714cafb866e6,0.0,70.54391531230286
5008,2023-02-01 11:32:27.221,/benchmark3,0.0,cpu,0,e46328d77e9f35f861af016694c2714cafb866e6,0.0,70.54391531230286
5009,2023-02-01 11:32:27.221,/benchmark2,0.0,cpu,0,e46328d77e9f35f861af016694c2714cafb866e6,0.0,70.54391531230286
5010,2023-02-01 11:32:27.221,rapl,69.36859130859375,cpu,1,RAPL_ENERGY_PKG,1.0,0.0
5011,2023-02-01 11:32:27.221,global,69.54572774602578,cpu,1,b56c7a1e321c4581d02a9de890abf570bd93c969,1.0,69.54572774602578
5012,2023-02-01 11:32:27.221,/benchmark1,0.0,cpu,1,b56c7a1e321c4581d02a9de890abf570bd93c969,0.0,69.54572774602578
5013,2023-02-01 11:32:27.221,/benchmark4,0.0,cpu,1,b56c7a1e321c4581d02a9de890abf570bd93c969,0.0,69.54572774602578
5014,2023-02-01 11:32:27.221,/benchmark3,0.0,cpu,1,b56c7a1e321c4581d02a9de890abf570bd93c969,0.0,69.54572774602578
5015,2023-02-01 11:32:27.221,/benchmark2,0.0,cpu,1,b56c7a1e321c4581d02a9de890abf570bd93c969,0.0,69.54572774602578
5016,2023-02-01 11:32:27.221,rapl,12.578781127929688,dram,0,RAPL_ENERGY_DRAM,1.0,0.0
5017,2023-02-01 11:32:27.221,global,12.461949157714844,dram,0,78b0a292a97c15df67fefab7e0af9a601bf982d3,1.0,12.461949157714844
5018,2023-02-01 11:32:27.221,/benchmark1,0.0,dram,0,78b0a292a97c15df67fefab7e0af9a601bf982d3,0.0,12.461949157714844
5019,2023-02-01 11:32:27.221,/benchmark4,0.0,dram,0,78b0a292a97c15df67fefab7e0af9a601bf982d3,0.0,12.461949157714844
5020,2023-02-01 11:32:27.221,/benchmark3,0.0,dram,0,78b0a292a97c15df67fefab7e0af9a601bf982d3,0.0,12.461949157714844
5021,2023-02-01 11:32:27.221,/benchmark2,0.0,dram,0,78b0a292a97c15df67fefab7e0af9a601bf982d3,0.0,12.461949157714844
5022,2023-02-01 11:32:27.221,rapl,13.052658081054688,dram,1,RAPL_ENERGY_DRAM,1.0,0.0
5023,2023-02-01 11:32:27.221,global,12.807187906901042,dram,1,e338ce15d13d6313503924a6d20075a34370f3ae,1.0,12.807187906901042
5024,2023-02-01 11:32:27.221,/benchmark1,0.0,dram,1,e338ce15d13d6313503924a6d20075a34370f3ae,0.0,12.807187906901042
5025,2023-02-01 11:32:27.221,/benchmark4,0.0,dram,1,e338ce15d13d6313503924a6d20075a34370f3ae,0.0,12.807187906901042
5026,2023-02-01 11:32:27.221,/benchmark3,0.0,dram,1,e338ce15d13d6313503924a6d20075a34370f3ae,0.0,12.807187906901042
5027,2023-02-01 11:32:27.221,/benchmark2,0.0,dram,1,e338ce15d13d6313503924a6d20075a34370f3ae,0.0,12.807187906901042
5028,2023-02-01 11:32:28.222,rapl,70.61138916015625,cpu,0,RAPL_ENERGY_PKG,1.0,0.0
5029,2023-02-01 11:32:28.222,global,70.54391531230286,cpu,0,e46328d77e9f35f861af016694c2714cafb866e6,1.0,70.54391531230286
5030,2023-02-01 11:32:28.222,/benchmark1,0.0,cpu,0,e46328d77e9f35f861af016694c2714cafb866e6,0.0,70.54391531230286
5031,2023-02-01 11:32:28.222,/benchmark4,0.0,cpu,0,e46328d77e9f35f861af016694c2714cafb866e6,0.0,70.54391531230286
5032,2023-02-01 11:32:28.222,/benchmark3,0.0,cpu,0,e46328d77e9f35f861af016694c2714cafb866e6,0.0,70.54391531230286
5033,2023-02-01 11:32:28.222,/benchmark2,0.0,cpu,0,e46328d77e9f35f861af016694c2714cafb866e6,0.0,70.54391531230286
5034,2023-02-01 11:32:28.222,rapl,69.3319091796875,cpu,1,RAPL_ENERGY_PKG,1.0,0.0
5035,2023-02-01 11:32:28.222,global,69.54572774602578,cpu,1,b56c7a1e321c4581d02a9de890abf570bd93c969,1.0,69.54572774602578
5036,2023-02-01 11:32:28.222,/benchmark1,0.0,cpu,1,b56c7a1e321c4581d02a9de890abf570bd93c969,0.0,69.54572774602578
5037,2023-02-01 11:32:28.222,/benchmark4,0.0,cpu,1,b56c7a1e321c4581d02a9de890abf570bd93c969,0.0,69.54572774602578
5038,2023-02-01 11:32:28.222,/benchmark3,0.0,cpu,1,b56c7a1e321c4581d02a9de890abf570bd93c969,0.0,69.54572774602578
5039,2023-02-01 11:32:28.222,/benchmark2,0.0,cpu,1,b56c7a1e321c4581d02a9de890abf570bd93c969,0.0,69.54572774602578
5040,2023-02-01 11:32:28.222,rapl,12.6536865234375,dram,0,RAPL_ENERGY_DRAM,1.0,0.0
5041,2023-02-01 11:32:28.222,global,12.461949157714844,dram,0,78b0a292a97c15df67fefab7e0af9a601bf982d3,1.0,12.461949157714844
5042,2023-02-01 11:32:28.222,/benchmark1,0.0,dram,0,78b0a292a97c15df67fefab7e0af9a601bf982d3,0.0,12.461949157714844
5043,2023-02-01 11:32:28.222,/benchmark4,0.0,dram,0,78b0a292a97c15df67fefab7e0af9a601bf982d3,0.0,12.461949157714844
5044,2023-02-01 11:32:28.222,/benchmark3,0.0,dram,0,78b0a292a97c15df67fefab7e0af9a601bf982d3,0.0,12.461949157714844
5045,2023-02-01 11:32:28.222,/benchmark2,0.0,dram,0,78b0a292a97c15df67fefab7e0af9a601bf982d3,0.0,12.461949157714844
5046,2023-02-01 11:32:28.222,rapl,12.97186279296875,dram,1,RAPL_ENERGY_DRAM,1.0,0.0
5047,2023-02-01 11:32:28.222,global,12.807187906901042,dram,1,e338ce15d13d6313503924a6d20075a34370f3ae,1.0,12.807187906901042
5048,2023-02-01 11:32:28.222,/benchmark1,0.0,dram,1,e338ce15d13d6313503924a6d20075a34370f3ae,0.0,12.807187906901042
5049,2023-02-01 11:32:28.222,/benchmark4,0.0,dram,1,e338ce15d13d6313503924a6d20075a34370f3ae,0.0,12.807187906901042
5050,2023-02-01 11:32:28.222,/benchmark3,0.0,dram,1,e338ce15d13d6313503924a6d20075a34370f3ae,0.0,12.807187906901042
5051,2023-02-01 11:32:28.222,/benchmark2,0.0,dram,1,e338ce15d13d6313503924a6d20075a34370f3ae,0.0,12.807187906901042
5052,2023-02-01 11:32:29.222,rapl,70.5804443359375,cpu,0,RAPL_ENERGY_PKG,1.0,0.0
5053,2023-02-01 11:32:29.222,global,70.54391531230286,cpu,0,e46328d77e9f35f861af016694c2714cafb866e6,1.0,70.54391531230286
5054,2023-02-01 11:32:29.222,/benchmark1,0.0,cpu,0,e46328d77e9f35f861af016694c2714cafb866e6,0.0,70.54391531230286
5055,2023-02-01 11:32:29.222,/benchmark4,0.0,cpu,0,e46328d77e9f35f861af016694c2714cafb866e6,0.0,70.54391531230286
5056,2023-02-01 11:32:29.222,/benchmark3,0.0,cpu,0,e46328d77e9f35f861af016694c2714cafb866e6,0.0,70.54391531230286
5057,2023-02-01 11:32:29.222,/benchmark2,0.0,cpu,0,e46328d77e9f35f861af016694c2714cafb866e6,0.0,70.54391531230286
5058,2023-02-01 11:32:29.222,rapl,69.34075927734375,cpu,1,RAPL_ENERGY_PKG,1.0,0.0
5059,2023-02-01 11:32:29.222,global,69.54572774602578,cpu,1,b56c7a1e321c4581d02a9de890abf570bd93c969,1.0,69.54572774602578
5060,2023-02-01 11:32:29.222,/benchmark1,0.0,cpu,1,b56c7a1e321c4581d02a9de890abf570bd93c969,0.0,69.54572774602578
5061,2023-02-01 11:32:29.222,/benchmark4,0.0,cpu,1,b56c7a1e321c4581d02a9de890abf570bd93c969,0.0,69.54572774602578
5062,2023-02-01 11:32:29.222,/benchmark3,0.0,cpu,1,b56c7a1e321c4581d02a9de890abf570bd93c969,0.0,69.54572774602578
5063,2023-02-01 11:32:29.222,/benchmark2,0.0,cpu,1,b56c7a1e321c4581d02a9de890abf570bd93c969,0.0,69.54572774602578
5064,2023-02-01 11:32:29.222,rapl,12.621658325195312,dram,0,RAPL_ENERGY_DRAM,1.0,0.0
5065,2023-02-01 11:32:29.222,global,12.461949157714844,dram,0,78b0a292a97c15df67fefab7e0af9a601bf982d3,1.0,12.461949157714844
5066,2023-02-01 11:32:29.222,/benchmark1,0.0,dram,0,78b0a292a97c15df67fefab7e0af9a601bf982d3,0.0,12.461949157714844
5067,2023-02-01 11:32:29.222,/benchmark4,0.0,dram,0,78b0a292a97c15df67fefab7e0af9a601bf982d3,0.0,12.461949157714844
5068,2023-02-01 11:32:29.222,/benchmark3,0.0,dram,0,78b0a292a97c15df67fefab7e0af9a601bf982d3,0.0,12.461949157714844
5069,2023-02-01 11:32:29.222,/benchmark2,0.0,dram,0,78b0a292a97c15df67fefab7e0af9a601bf982d3,0.0,12.461949157714844
5070,2023-02-01 11:32:29.222,rapl,13.067550659179688,dram,1,RAPL_ENERGY_DRAM,1.0,0.0
5071,2023-02-01 11:32:29.222,global,12.807187906901042,dram,1,e338ce15d13d6313503924a6d20075a34370f3ae,1.0,12.807187906901042
5072,2023-02-01 11:32:29.222,/benchmark1,0.0,dram,1,e338ce15d13d6313503924a6d20075a34370f3ae,0.0,12.807187906901042
5073,2023-02-01 11:32:29.222,/benchmark4,0.0,dram,1,e338ce15d13d6313503924a6d20075a34370f3ae,0.0,12.807187906901042
5074,2023-02-01 11:32:29.222,/benchmark3,0.0,dram,1,e338ce15d13d6313503924a6d20075a34370f3ae,0.0,12.807187906901042
5075,2023-02-01 11:32:29.222,/benchmark2,0.0,dram,1,e338ce15d13d6313503924a6d20075a34370f3ae,0.0,12.807187906901042
5076,2023-02-01 11:32:30.222,rapl,70.4044189453125,cpu,0,RAPL_ENERGY_PKG,1.0,0.0
5077,2023-02-01 11:32:30.222,global,70.54391531230286,cpu,0,e46328d77e9f35f861af016694c2714cafb866e6,1.0,70.54391531230286
5078,2023-02-01 11:32:30.222,/benchmark1,0.0,cpu,0,e46328d77e9f35f861af016694c2714cafb866e6,0.0,70.54391531230286
5079,2023-02-01 11:32:30.222,/benchmark4,0.0,cpu,0,e46328d77e9f35f861af016694c2714cafb866e6,0.0,70.54391531230286
5080,2023-02-01 11:32:30.222,/benchmark3,0.0,cpu,0,e46328d77e9f35f861af016694c2714cafb866e6,0.0,70.54391531230286
5081,2023-02-01 11:32:30.222,/benchmark2,0.0,cpu,0,e46328d77e9f35f861af016694c2714cafb866e6,0.0,70.54391531230286
5082,2023-02-01 11:32:30.222,rapl,69.381103515625,cpu,1,RAPL_ENERGY_PKG,1.0,0.0
5083,2023-02-01 11:32:30.222,global,69.54572774602578,cpu,1,b56c7a1e321c4581d02a9de890abf570bd93c969,1.0,69.54572774602578
5084,2023-02-01 11:32:30.222,/benchmark1,0.0,cpu,1,b56c7a1e321c4581d02a9de890abf570bd93c969,0.0,69.54572774602578
5085,2023-02-01 11:32:30.222,/benchmark4,0.0,cpu,1,b56c7a1e321c4581d02a9de890abf570bd93c969,0.0,69.54572774602578
5086,2023-02-01 11:32:30.222,/benchmark3,0.0,cpu,1,b56c7a1e321c4581d02a9de890abf570bd93c969,0.0,69.54572774602578
5087,2023-02-01 11:32:30.222,/benchmark2,0.0,cpu,1,b56c7a1e321c4581d02a9de890abf570bd93c969,0.0,69.54572774602578
5088,2023-02-01 11:32:30.222,rapl,12.654647827148438,dram,0,RAPL_ENERGY_DRAM,1.0,0.0
5089,2023-02-01 11:32:30.222,global,12.461949157714844,dram,0,78b0a292a97c15df67fefab7e0af9a601bf982d3,1.0,12.461949157714844
5090,2023-02-01 11:32:30.222,/benchmark1,0.0,dram,0,78b0a292a97c15df67fefab7e0af9a601bf982d3,0.0,12.461949157714844
5091,2023-02-01 11:32:30.222,/benchmark4,0.0,dram,0,78b0a292a97c15df67fefab7e0af9a601bf982d3,0.0,12.461949157714844
5092,2023-02-01 11:32:30.222,/benchmark3,0.0,dram,0,78b0a292a97c15df67fefab7e0af9a601bf982d3,0.0,12.461949157714844
5093,2023-02-01 11:32:30.222,/benchmark2,0.0,dram,0,78b0a292a97c15df67fefab7e0af9a601bf982d3,0.0,12.461949157714844
5094,2023-02-01 11:32:30.222,rapl,12.9893798828125,dram,1,RAPL_ENERGY_DRAM,1.0,0.0
5095,2023-02-01 11:32:30.222,global,12.807187906901042,dram,1,e338ce15d13d6313503924a6d20075a34370f3ae,1.0,12.807187906901042
5096,2023-02-01 11:32:30.222,/benchmark1,0.0,dram,1,e338ce15d13d6313503924a6d20075a34370f3ae,0.0,12.807187906901042
5097,2023-02-01 11:32:30.222,/benchmark4,0.0,dram,1,e338ce15d13d6313503924a6d20075a34370f3ae,0.0,12.807187906901042
5098,2023-02-01 11:32:30.222,/benchmark3,0.0,dram,1,e338ce15d13d6313503924a6d20075a34370f3ae,0.0,12.807187906901042
5099,2023-02-01 11:32:30.222,/benchmark2,0.0,dram,1,e338ce15d13d6313503924a6d20075a34370f3ae,0.0,12.807187906901042
5100,2023-02-01 11:32:31.222,rapl,70.4378662109375,cpu,0,RAPL_ENERGY_PKG,1.0,0.0
5101,2023-02-01 11:32:31.222,global,70.54391531230286,cpu,0,e46328d77e9f35f861af016694c2714cafb866e6,1.0,70.54391531230286
5102,2023-02-01 11:32:31.222,/benchmark1,0.0,cpu,0,e46328d77e9f35f861af016694c2714cafb866e6,0.0,70.54391531230286
5103,2023-02-01 11:32:31.222,/benchmark4,0.0,cpu,0,e46328d77e9f35f861af016694c2714cafb866e6,0.0,70.54391531230286
5104,2023-02-01 11:32:31.222,/benchmark3,0.0,cpu,0,e46328d77e9f35f861af016694c2714cafb866e6,0.0,70.54391531230286
5105,2023-02-01 11:32:31.222,/benchmark2,0.0,cpu,0,e46328d77e9f35f861af016694c2714cafb866e6,0.0,70.54391531230286
5106,2023-02-01 11:32:31.222,rapl,69.2801513671875,cpu,1,RAPL_ENERGY_PKG,1.0,0.0
5107,2023-02-01 11:32:31.222,global,69.54572774602578,cpu,1,b56c7a1e321c4581d02a9de890abf570bd93c969,1.0,69.54572774602578
5108,2023-02-01 11:32:31.222,/benchmark1,0.0,cpu,1,b56c7a1e321c4581d02a9de890abf570bd93c969,0.0,69.54572774602578
5109,2023-02-01 11:32:31.222,/benchmark4,0.0,cpu,1,b56c7a1e321c4581d02a9de890abf570bd93c969,0.0,69.54572774602578
5110,2023-02-01 11:32:31.222,/benchmark3,0.0,cpu,1,b56c7a1e321c4581d02a9de890abf570bd93c969,0.0,69.54572774602578
5111,2023-02-01 11:32:31.222,/benchmark2,0.0,cpu,1,b56c7a1e321c4581d02a9de890abf570bd93c969,0.0,69.54572774602578
5112,2023-02-01 11:32:31.222,rapl,12.671981811523438,dram,0,RAPL_ENERGY_DRAM,1.0,0.0
5113,2023-02-01 11:32:31.222,global,12.461949157714844,dram,0,78b0a292a97c15df67fefab7e0af9a601bf982d3,1.0,12.461949157714844
5114,2023-02-01 11:32:31.222,/benchmark1,0.0,dram,0,78b0a292a97c15df67fefab7e0af9a601bf982d3,0.0,12.461949157714844
5115,2023-02-01 11:32:31.222,/benchmark4,0.0,dram,0,78b0a292a97c15df67fefab7e0af9a601bf982d3,0.0,12.461949157714844
5116,2023-02-01 11:32:31.222,/benchmark3,0.0,dram,0,78b0a292a97c15df67fefab7e0af9a601bf982d3,0.0,12.461949157714844
5117,2023-02-01 11:32:31.222,/benchmark2,0.0,dram,0,78b0a292a97c15df67fefab7e0af9a601bf982d3,0.0,12.461949157714844
5118,2023-02-01 11:32:31.222,rapl,13.013671875,dram,1,RAPL_ENERGY_DRAM,1.0,0.0
5119,2023-02-01 11:32:31.222,global,12.807187906901042,dram,1,e338ce15d13d6313503924a6d20075a34370f3ae,1.0,12.807187906901042
5120,2023-02-01 11:32:31.222,/benchmark1,0.0,dram,1,e338ce15d13d6313503924a6d20075a34370f3ae,0.0,12.807187906901042
5121,2023-02-01 11:32:31.222,/benchmark4,0.0,dram,1,e338ce15d13d6313503924a6d20075a34370f3ae,0.0,12.807187906901042
5122,2023-02-01 11:32:31.222,/benchmark3,0.0,dram,1,e338ce15d13d6313503924a6d20075a34370f3ae,0.0,12.807187906901042
5123,2023-02-01 11:32:31.222,/benchmark2,0.0,dram,1,e338ce15d13d6313503924a6d20075a34370f3ae,0.0,12.807187906901042
5124,2023-02-01 11:32:32.223,rapl,70.38250732421875,cpu,0,RAPL_ENERGY_PKG,1.0,0.0
5125,2023-02-01 11:32:32.223,global,70.54391531230286,cpu,0,e46328d77e9f35f861af016694c2714cafb866e6,1.0,70.54391531230286
5126,2023-02-01 11:32:32.223,/benchmark1,0.0,cpu,0,e46328d77e9f35f861af016694c2714cafb866e6,0.0,70.54391531230286
5127,2023-02-01 11:32:32.223,/benchmark4,0.0,cpu,0,e46328d77e9f35f861af016694c2714cafb866e6,0.0,70.54391531230286
5128,2023-02-01 11:32:32.223,/benchmark3,0.0,cpu,0,e46328d77e9f35f861af016694c2714cafb866e6,0.0,70.54391531230286
5129,2023-02-01 11:32:32.223,/benchmark2,0.0,cpu,0,e46328d77e9f35f861af016694c2714cafb866e6,0.0,70.54391531230286
5130,2023-02-01 11:32:32.223,rapl,69.2911376953125,cpu,1,RAPL_ENERGY_PKG,1.0,0.0
5131,2023-02-01 11:32:32.223,global,69.54572774602578,cpu,1,b56c7a1e321c4581d02a9de890abf570bd93c969,1.0,69.54572774602578
5132,2023-02-01 11:32:32.223,/benchmark1,0.0,cpu,1,b56c7a1e321c4581d02a9de890abf570bd93c969,0.0,69.54572774602578
5133,2023-02-01 11:32:32.223,/benchmark4,0.0,cpu,1,b56c7a1e321c4581d02a9de890abf570bd93c969,0.0,69.54572774602578
5134,2023-02-01 11:32:32.223,/benchmark3,0.0,cpu,1,b56c7a1e321c4581d02a9de890abf570bd93c969,0.0,69.54572774602578
5135,2023-02-01 11:32:32.223,/benchmark2,0.0,cpu,1,b56c7a1e321c4581d02a9de890abf570bd93c969,0.0,69.54572774602578
5136,2023-02-01 11:32:32.223,rapl,12.698699951171875,dram,0,RAPL_ENERGY_DRAM,1.0,0.0
5137,2023-02-01 11:32:32.223,global,12.461949157714844,dram,0,78b0a292a97c15df67fefab7e0af9a601bf982d3,1.0,12.461949157714844
5138,2023-02-01 11:32:32.223,/benchmark1,0.0,dram,0,78b0a292a97c15df67fefab7e0af9a601bf982d3,0.0,12.461949157714844
5139,2023-02-01 11:32:32.223,/benchmark4,0.0,dram,0,78b0a292a97c15df67fefab7e0af9a601bf982d3,0.0,12.461949157714844
5140,2023-02-01 11:32:32.223,/benchmark3,0.0,dram,0,78b0a292a97c15df67fefab7e0af9a601bf982d3,0.0,12.461949157714844
5141,2023-02-01 11:32:32.223,/benchmark2,0.0,dram,0,78b0a292a97c15df67fefab7e0af9a601bf982d3,0.0,12.461949157714844
5142,2023-02-01 11:32:32.223,rapl,13.023544311523438,dram,1,RAPL_ENERGY_DRAM,1.0,0.0
5143,2023-02-01 11:32:32.223,global,12.807187906901042,dram,1,e338ce15d13d6313503924a6d20075a34370f3ae,1.0,12.807187906901042
5144,2023-02-01 11:32:32.223,/benchmark1,0.0,dram,1,e338ce15d13d6313503924a6d20075a34370f3ae,0.0,12.807187906901042
5145,2023-02-01 11:32:32.223,/benchmark4,0.0,dram,1,e338ce15d13d6313503924a6d20075a34370f3ae,0.0,12.807187906901042
5146,2023-02-01 11:32:32.223,/benchmark3,0.0,dram,1,e338ce15d13d6313503924a6d20075a34370f3ae,0.0,12.807187906901042
5147,2023-02-01 11:32:32.223,/benchmark2,0.0,dram,1,e338ce15d13d6313503924a6d20075a34370f3ae,0.0,12.807187906901042
5148,2023-02-01 11:32:33.223,rapl,70.44122314453125,cpu,0,RAPL_ENERGY_PKG,1.0,0.0
5149,2023-02-01 11:32:33.223,global,70.54391531230286,cpu,0,e46328d77e9f35f861af016694c2714cafb866e6,1.0,70.54391531230286
5150,2023-02-01 11:32:33.223,/benchmark1,0.0,cpu,0,e46328d77e9f35f861af016694c2714cafb866e6,0.0,70.54391531230286
5151,2023-02-01 11:32:33.223,/benchmark4,0.0,cpu,0,e46328d77e9f35f861af016694c2714cafb866e6,0.0,70.54391531230286
5152,2023-02-01 11:32:33.223,/benchmark3,0.0,cpu,0,e46328d77e9f35f861af016694c2714cafb866e6,0.0,70.54391531230286
5153,2023-02-01 11:32:33.223,/benchmark2,0.0,cpu,0,e46328d77e9f35f861af016694c2714cafb866e6,0.0,70.54391531230286
5154,2023-02-01 11:32:33.223,rapl,69.20770263671875,cpu,1,RAPL_ENERGY_PKG,1.0,0.0
5155,2023-02-01 11:32:33.223,global,69.54572774602578,cpu,1,b56c7a1e321c4581d02a9de890abf570bd93c969,1.0,69.54572774602578
5156,2023-02-01 11:32:33.223,/benchmark1,0.0,cpu,1,b56c7a1e321c4581d02a9de890abf570bd93c969,0.0,69.54572774602578
5157,2023-02-01 11:32:33.223,/benchmark4,0.0,cpu,1,b56c7a1e321c4581d02a9de890abf570bd93c969,0.0,69.54572774602578
5158,2023-02-01 11:32:33.223,/benchmark3,0.0,cpu,1,b56c7a1e321c4581d02a9de890abf570bd93c969,0.0,69.54572774602578
5159,2023-02-01 11:32:33.223,/benchmark2,0.0,cpu,1,b56c7a1e321c4581d02a9de890abf570bd93c969,0.0,69.54572774602578
5160,2023-02-01 11:32:33.223,rapl,12.626602172851562,dram,0,RAPL_ENERGY_DRAM,1.0,0.0
5161,2023-02-01 11:32:33.223,global,12.461949157714844,dram,0,78b0a292a97c15df67fefab7e0af9a601bf982d3,1.0,12.461949157714844
5162,2023-02-01 11:32:33.223,/benchmark1,0.0,dram,0,78b0a292a97c15df67fefab7e0af9a601bf982d3,0.0,12.461949157714844
5163,2023-02-01 11:32:33.223,/benchmark4,0.0,dram,0,78b0a292a97c15df67fefab7e0af9a601bf982d3,0.0,12.461949157714844
5164,2023-02-01 11:32:33.223,/benchmark3,0.0,dram,0,78b0a292a97c15df67fefab7e0af9a601bf982d3,0.0,12.461949157714844
5165,2023-02-01 11:32:33.223,/benchmark2,0.0,dram,0,78b0a292a97c15df67fefab7e0af9a601bf982d3,0.0,12.461949157714844
5166,2023-02-01 11:32:33.223,rapl,13.020782470703125,dram,1,RAPL_ENERGY_DRAM,1.0,0.0
5167,2023-02-01 11:32:33.223,global,12.807187906901042,dram,1,e338ce15d13d6313503924a6d20075a34370f3ae,1.0,12.807187906901042
5168,2023-02-01 11:32:33.223,/benchmark1,0.0,dram,1,e338ce15d13d6313503924a6d20075a34370f3ae,0.0,12.807187906901042
5169,2023-02-01 11:32:33.223,/benchmark4,0.0,dram,1,e338ce15d13d6313503924a6d20075a34370f3ae,0.0,12.807187906901042
5170,2023-02-01 11:32:33.223,/benchmark3,0.0,dram,1,e338ce15d13d6313503924a6d20075a34370f3ae,0.0,12.807187906901042
5171,2023-02-01 11:32:33.223,/benchmark2,0.0,dram,1,e338ce15d13d6313503924a6d20075a34370f3ae,0.0,12.807187906901042
5172,2023-02-01 11:32:34.223,rapl,70.3455810546875,cpu,0,RAPL_ENERGY_PKG,1.0,0.0
5173,2023-02-01 11:32:34.223,global,70.54391531230286,cpu,0,e46328d77e9f35f861af016694c2714cafb866e6,1.0,70.54391531230286
5174,2023-02-01 11:32:34.223,/benchmark1,0.0,cpu,0,e46328d77e9f35f861af016694c2714cafb866e6,0.0,70.54391531230286
5175,2023-02-01 11:32:34.223,/benchmark4,0.0,cpu,0,e46328d77e9f35f861af016694c2714cafb866e6,0.0,70.54391531230286
5176,2023-02-01 11:32:34.223,/benchmark3,0.0,cpu,0,e46328d77e9f35f861af016694c2714cafb866e6,0.0,70.54391531230286
5177,2023-02-01 11:32:34.223,/benchmark2,0.0,cpu,0,e46328d77e9f35f861af016694c2714cafb866e6,0.0,70.54391531230286
5178,2023-02-01 11:32:34.223,rapl,69.2410888671875,cpu,1,RAPL_ENERGY_PKG,1.0,0.0
5179,2023-02-01 11:32:34.223,global,69.54572774602578,cpu,1,b56c7a1e321c4581d02a9de890abf570bd93c969,1.0,69.54572774602578
5180,2023-02-01 11:32:34.223,/benchmark1,0.0,cpu,1,b56c7a1e321c4581d02a9de890abf570bd93c969,0.0,69.54572774602578
5181,2023-02-01 11:32:34.223,/benchmark4,0.0,cpu,1,b56c7a1e321c4581d02a9de890abf570bd93c969,0.0,69.54572774602578
5182,2023-02-01 11:32:34.223,/benchmark3,0.0,cpu,1,b56c7a1e321c4581d02a9de890abf570bd93c969,0.0,69.54572774602578
5183,2023-02-01 11:32:34.223,/benchmark2,0.0,cpu,1,b56c7a1e321c4581d02a9de890abf570bd93c969,0.0,69.54572774602578
5184,2023-02-01 11:32:34.223,rapl,12.654037475585938,dram,0,RAPL_ENERGY_DRAM,1.0,0.0
5185,2023-02-01 11:32:34.223,global,12.461949157714844,dram,0,78b0a292a97c15df67fefab7e0af9a601bf982d3,1.0,12.461949157714844
5186,2023-02-01 11:32:34.223,/benchmark1,0.0,dram,0,78b0a292a97c15df67fefab7e0af9a601bf982d3,0.0,12.461949157714844
5187,2023-02-01 11:32:34.223,/benchmark4,0.0,dram,0,78b0a292a97c15df67fefab7e0af9a601bf982d3,0.0,12.461949157714844
5188,2023-02-01 11:32:34.223,/benchmark3,0.0,dram,0,78b0a292a97c15df67fefab7e0af9a601bf982d3,0.0,12.461949157714844
5189,2023-02-01 11:32:34.223,/benchmark2,0.0,dram,0,78b0a292a97c15df67fefab7e0af9a601bf982d3,0.0,12.461949157714844
5190,2023-02-01 11:32:34.223,rapl,12.976394653320312,dram,1,RAPL_ENERGY_DRAM,1.0,0.0
5191,2023-02-01 11:32:34.223,global,12.807187906901042,dram,1,e338ce15d13d6313503924a6d20075a34370f3ae,1.0,12.807187906901042
5192,2023-02-01 11:32:34.223,/benchmark1,0.0,dram,1,e338ce15d13d6313503924a6d20075a34370f3ae,0.0,12.807187906901042
5193,2023-02-01 11:32:34.223,/benchmark4,0.0,dram,1,e338ce15d13d6313503924a6d20075a34370f3ae,0.0,12.807187906901042
5194,2023-02-01 11:32:34.223,/benchmark3,0.0,dram,1,e338ce15d13d6313503924a6d20075a34370f3ae,0.0,12.807187906901042
5195,2023-02-01 11:32:34.223,/benchmark2,0.0,dram,1,e338ce15d13d6313503924a6d20075a34370f3ae,0.0,12.807187906901042
5196,2023-02-01 11:32:35.223,rapl,70.3433837890625,cpu,0,RAPL_ENERGY_PKG,1.0,0.0
5197,2023-02-01 11:32:35.223,global,70.54391531230286,cpu,0,e46328d77e9f35f861af016694c2714cafb866e6,1.0,70.54391531230286
5198,2023-02-01 11:32:35.223,/benchmark1,0.0,cpu,0,e46328d77e9f35f861af016694c2714cafb866e6,0.0,70.54391531230286
5199,2023-02-01 11:32:35.223,/benchmark4,0.0,cpu,0,e46328d77e9f35f861af016694c2714cafb866e6,0.0,70.54391531230286
5200,2023-02-01 11:32:35.223,/benchmark3,0.0,cpu,0,e46328d77e9f35f861af016694c2714cafb866e6,0.0,70.54391531230286
5201,2023-02-01 11:32:35.223,/benchmark2,0.0,cpu,0,e46328d77e9f35f861af016694c2714cafb866e6,0.0,70.54391531230286
5202,2023-02-01 11:32:35.223,rapl,69.30877685546875,cpu,1,RAPL_ENERGY_PKG,1.0,0.0
5203,2023-02-01 11:32:35.223,global,69.54572774602578,cpu,1,b56c7a1e321c4581d02a9de890abf570bd93c969,1.0,69.54572774602578
5204,2023-02-01 11:32:35.223,/benchmark1,0.0,cpu,1,b56c7a1e321c4581d02a9de890abf570bd93c969,0.0,69.54572774602578
5205,2023-02-01 11:32:35.223,/benchmark4,0.0,cpu,1,b56c7a1e321c4581d02a9de890abf570bd93c969,0.0,69.54572774602578
5206,2023-02-01 11:32:35.223,/benchmark3,0.0,cpu,1,b56c7a1e321c4581d02a9de890abf570bd93c969,0.0,69.54572774602578
5207,2023-02-01 11:32:35.223,/benchmark2,0.0,cpu,1,b56c7a1e321c4581d02a9de890abf570bd93c969,0.0,69.54572774602578
5208,2023-02-01 11:32:35.223,rapl,12.6474609375,dram,0,RAPL_ENERGY_DRAM,1.0,0.0
5209,2023-02-01 11:32:35.223,global,12.461949157714844,dram,0,78b0a292a97c15df67fefab7e0af9a601bf982d3,1.0,12.461949157714844
5210,2023-02-01 11:32:35.223,/benchmark1,0.0,dram,0,78b0a292a97c15df67fefab7e0af9a601bf982d3,0.0,12.461949157714844
5211,2023-02-01 11:32:35.223,/benchmark4,0.0,dram,0,78b0a292a97c15df67fefab7e0af9a601bf982d3,0.0,12.461949157714844
5212,2023-02-01 11:32:35.223,/benchmark3,0.0,dram,0,78b0a292a97c15df67fefab7e0af9a601bf982d3,0.0,12.461949157714844
5213,2023-02-01 11:32:35.223,/benchmark2,0.0,dram,0,78b0a292a97c15df67fefab7e0af9a601bf982d3,0.0,12.461949157714844
5214,2023-02-01 11:32:35.223,rapl,13.023910522460938,dram,1,RAPL_ENERGY_DRAM,1.0,0.0
5215,2023-02-01 11:32:35.223,global,12.807187906901042,dram,1,e338ce15d13d6313503924a6d20075a34370f3ae,1.0,12.807187906901042
5216,2023-02-01 11:32:35.223,/benchmark1,0.0,dram,1,e338ce15d13d6313503924a6d20075a34370f3ae,0.0,12.807187906901042
5217,2023-02-01 11:32:35.223,/benchmark4,0.0,dram,1,e338ce15d13d6313503924a6d20075a34370f3ae,0.0,12.807187906901042
5218,2023-02-01 11:32:35.223,/benchmark3,0.0,dram,1,e338ce15d13d6313503924a6d20075a34370f3ae,0.0,12.807187906901042
5219,2023-02-01 11:32:35.223,/benchmark2,0.0,dram,1,e338ce15d13d6313503924a6d20075a34370f3ae,0.0,12.807187906901042
5220,2023-02-01 11:32:36.223,rapl,70.3455810546875,cpu,0,RAPL_ENERGY_PKG,1.0,0.0
5221,2023-02-01 11:32:36.223,global,70.54391531230286,cpu,0,e46328d77e9f35f861af016694c2714cafb866e6,1.0,70.54391531230286
5222,2023-02-01 11:32:36.223,/benchmark1,0.0,cpu,0,e46328d77e9f35f861af016694c2714cafb866e6,0.0,70.54391531230286
5223,2023-02-01 11:32:36.223,/benchmark4,0.0,cpu,0,e46328d77e9f35f861af016694c2714cafb866e6,0.0,70.54391531230286
5224,2023-02-01 11:32:36.223,/benchmark3,0.0,cpu,0,e46328d77e9f35f861af016694c2714cafb866e6,0.0,70.54391531230286
5225,2023-02-01 11:32:36.223,/benchmark2,0.0,cpu,0,e46328d77e9f35f861af016694c2714cafb866e6,0.0,70.54391531230286
5226,2023-02-01 11:32:36.223,rapl,69.234619140625,cpu,1,RAPL_ENERGY_PKG,1.0,0.0
5227,2023-02-01 11:32:36.223,global,69.54572774602578,cpu,1,b56c7a1e321c4581d02a9de890abf570bd93c969,1.0,69.54572774602578
5228,2023-02-01 11:32:36.223,/benchmark1,0.0,cpu,1,b56c7a1e321c4581d02a9de890abf570bd93c969,0.0,69.54572774602578
5229,2023-02-01 11:32:36.223,/benchmark4,0.0,cpu,1,b56c7a1e321c4581d02a9de890abf570bd93c969,0.0,69.54572774602578
5230,2023-02-01 11:32:36.223,/benchmark3,0.0,cpu,1,b56c7a1e321c4581d02a9de890abf570bd93c969,0.0,69.54572774602578
5231,2023-02-01 11:32:36.223,/benchmark2,0.0,cpu,1,b56c7a1e321c4581d02a9de890abf570bd93c969,0.0,69.54572774602578
5232,2023-02-01 11:32:36.223,rapl,12.695388793945312,dram,0,RAPL_ENERGY_DRAM,1.0,0.0
5233,2023-02-01 11:32:36.223,global,12.461949157714844,dram,0,78b0a292a97c15df67fefab7e0af9a601bf982d3,1.0,12.461949157714844
5234,2023-02-01 11:32:36.223,/benchmark1,0.0,dram,0,78b0a292a97c15df67fefab7e0af9a601bf982d3,0.0,12.461949157714844
5235,2023-02-01 11:32:36.223,/benchmark4,0.0,dram,0,78b0a292a97c15df67fefab7e0af9a601bf982d3,0.0,12.461949157714844
5236,2023-02-01 11:32:36.223,/benchmark3,0.0,dram,0,78b0a292a97c15df67fefab7e0af9a601bf982d3,0.0,12.461949157714844
5237,2023-02-01 11:32:36.223,/benchmark2,0.0,dram,0,78b0a292a97c15df67fefab7e0af9a601bf982d3,0.0,12.461949157714844
5238,2023-02-01 11:32:36.223,rapl,13.007415771484375,dram,1,RAPL_ENERGY_DRAM,1.0,0.0
5239,2023-02-01 11:32:36.223,global,12.807187906901042,dram,1,e338ce15d13d6313503924a6d20075a34370f3ae,1.0,12.807187906901042
5240,2023-02-01 11:32:36.223,/benchmark1,0.0,dram,1,e338ce15d13d6313503924a6d20075a34370f3ae,0.0,12.807187906901042
5241,2023-02-01 11:32:36.223,/benchmark4,0.0,dram,1,e338ce15d13d6313503924a6d20075a34370f3ae,0.0,12.807187906901042
5242,2023-02-01 11:32:36.223,/benchmark3,0.0,dram,1,e338ce15d13d6313503924a6d20075a34370f3ae,0.0,12.807187906901042
5243,2023-02-01 11:32:36.223,/benchmark2,0.0,dram,1,e338ce15d13d6313503924a6d20075a34370f3ae,0.0,12.807187906901042
5244,2023-02-01 11:32:37.224,rapl,70.4522705078125,cpu,0,RAPL_ENERGY_PKG,1.0,0.0
5245,2023-02-01 11:32:37.224,global,70.54391531230286,cpu,0,e46328d77e9f35f861af016694c2714cafb866e6,1.0,70.54391531230286
5246,2023-02-01 11:32:37.224,/benchmark1,0.0,cpu,0,e46328d77e9f35f861af016694c2714cafb866e6,0.0,70.54391531230286
5247,2023-02-01 11:32:37.224,/benchmark4,0.0,cpu,0,e46328d77e9f35f861af016694c2714cafb866e6,0.0,70.54391531230286
5248,2023-02-01 11:32:37.224,/benchmark3,0.0,cpu,0,e46328d77e9f35f861af016694c2714cafb866e6,0.0,70.54391531230286
5249,2023-02-01 11:32:37.224,/benchmark2,0.0,cpu,0,e46328d77e9f35f861af016694c2714cafb866e6,0.0,70.54391531230286
5250,2023-02-01 11:32:37.224,rapl,69.28857421875,cpu,1,RAPL_ENERGY_PKG,1.0,0.0
5251,2023-02-01 11:32:37.224,global,69.54572774602578,cpu,1,b56c7a1e321c4581d02a9de890abf570bd93c969,1.0,69.54572774602578
5252,2023-02-01 11:32:37.224,/benchmark1,0.0,cpu,1,b56c7a1e321c4581d02a9de890abf570bd93c969,0.0,69.54572774602578
5253,2023-02-01 11:32:37.224,/benchmark4,0.0,cpu,1,b56c7a1e321c4581d02a9de890abf570bd93c969,0.0,69.54572774602578
5254,2023-02-01 11:32:37.224,/benchmark3,0.0,cpu,1,b56c7a1e321c4581d02a9de890abf570bd93c969,0.0,69.54572774602578
5255,2023-02-01 11:32:37.224,/benchmark2,0.0,cpu,1,b56c7a1e321c4581d02a9de890abf570bd93c969,0.0,69.54572774602578
5256,2023-02-01 11:32:37.224,rapl,12.692184448242188,dram,0,RAPL_ENERGY_DRAM,1.0,0.0
5257,2023-02-01 11:32:37.224,global,12.461949157714844,dram,0,78b0a292a97c15df67fefab7e0af9a601bf982d3,1.0,12.461949157714844
5258,2023-02-01 11:32:37.224,/benchmark1,0.0,dram,0,78b0a292a97c15df67fefab7e0af9a601bf982d3,0.0,12.461949157714844
5259,2023-02-01 11:32:37.224,/benchmark4,0.0,dram,0,78b0a292a97c15df67fefab7e0af9a601bf982d3,0.0,12.461949157714844
5260,2023-02-01 11:32:37.224,/benchmark3,0.0,dram,0,78b0a292a97c15df67fefab7e0af9a601bf982d3,0.0,12.461949157714844
5261,2023-02-01 11:32:37.224,/benchmark2,0.0,dram,0,78b0a292a97c15df67fefab7e0af9a601bf982d3,0.0,12.461949157714844
5262,2023-02-01 11:32:37.224,rapl,13.000717163085938,dram,1,RAPL_ENERGY_DRAM,1.0,0.0
5263,2023-02-01 11:32:37.224,global,12.807187906901042,dram,1,e338ce15d13d6313503924a6d20075a34370f3ae,1.0,12.807187906901042
5264,2023-02-01 11:32:37.224,/benchmark1,0.0,dram,1,e338ce15d13d6313503924a6d20075a34370f3ae,0.0,12.807187906901042
5265,2023-02-01 11:32:37.224,/benchmark4,0.0,dram,1,e338ce15d13d6313503924a6d20075a34370f3ae,0.0,12.807187906901042
5266,2023-02-01 11:32:37.224,/benchmark3,0.0,dram,1,e338ce15d13d6313503924a6d20075a34370f3ae,0.0,12.807187906901042
5267,2023-02-01 11:32:37.224,/benchmark2,0.0,dram,1,e338ce15d13d6313503924a6d20075a34370f3ae,0.0,12.807187906901042
5268,2023-02-01 11:32:38.224,rapl,70.487548828125,cpu,0,RAPL_ENERGY_PKG,1.0,0.0
5269,2023-02-01 11:32:38.224,global,70.54391531230286,cpu,0,e46328d77e9f35f861af016694c2714cafb866e6,1.0,70.54391531230286
5270,2023-02-01 11:32:38.224,/benchmark1,0.0,cpu,0,e46328d77e9f35f861af016694c2714cafb866e6,0.0,70.54391531230286
5271,2023-02-01 11:32:38.224,/benchmark4,0.0,cpu,0,e46328d77e9f35f861af016694c2714cafb866e6,0.0,70.54391531230286
5272,2023-02-01 11:32:38.224,/benchmark3,0.0,cpu,0,e46328d77e9f35f861af016694c2714cafb866e6,0.0,70.54391531230286
5273,2023-02-01 11:32:38.224,/benchmark2,0.0,cpu,0,e46328d77e9f35f861af016694c2714cafb866e6,0.0,70.54391531230286
5274,2023-02-01 11:32:38.224,rapl,69.2640380859375,cpu,1,RAPL_ENERGY_PKG,1.0,0.0
5275,2023-02-01 11:32:38.224,global,69.54572774602578,cpu,1,b56c7a1e321c4581d02a9de890abf570bd93c969,1.0,69.54572774602578
5276,2023-02-01 11:32:38.224,/benchmark1,0.0,cpu,1,b56c7a1e321c4581d02a9de890abf570bd93c969,0.0,69.54572774602578
5277,2023-02-01 11:32:38.224,/benchmark4,0.0,cpu,1,b56c7a1e321c4581d02a9de890abf570bd93c969,0.0,69.54572774602578
5278,2023-02-01 11:32:38.224,/benchmark3,0.0,cpu,1,b56c7a1e321c4581d02a9de890abf570bd93c969,0.0,69.54572774602578
5279,2023-02-01 11:32:38.224,/benchmark2,0.0,cpu,1,b56c7a1e321c4581d02a9de890abf570bd93c969,0.0,69.54572774602578
5280,2023-02-01 11:32:38.224,rapl,12.650985717773438,dram,0,RAPL_ENERGY_DRAM,1.0,0.0
5281,2023-02-01 11:32:38.224,global,12.461949157714844,dram,0,78b0a292a97c15df67fefab7e0af9a601bf982d3,1.0,12.461949157714844
5282,2023-02-01 11:32:38.224,/benchmark1,0.0,dram,0,78b0a292a97c15df67fefab7e0af9a601bf982d3,0.0,12.461949157714844
5283,2023-02-01 11:32:38.224,/benchmark4,0.0,dram,0,78b0a292a97c15df67fefab7e0af9a601bf982d3,0.0,12.461949157714844
5284,2023-02-01 11:32:38.224,/benchmark3,0.0,dram,0,78b0a292a97c15df67fefab7e0af9a601bf982d3,0.0,12.461949157714844
5285,2023-02-01 11:32:38.224,/benchmark2,0.0,dram,0,78b0a292a97c15df67fefab7e0af9a601bf982d3,0.0,12.461949157714844
5286,2023-02-01 11:32:38.224,rapl,13.073043823242188,dram,1,RAPL_ENERGY_DRAM,1.0,0.0
5287,2023-02-01 11:32:38.224,global,12.807187906901042,dram,1,e338ce15d13d6313503924a6d20075a34370f3ae,1.0,12.807187906901042
5288,2023-02-01 11:32:38.224,/benchmark1,0.0,dram,1,e338ce15d13d6313503924a6d20075a34370f3ae,0.0,12.807187906901042
5289,2023-02-01 11:32:38.224,/benchmark4,0.0,dram,1,e338ce15d13d6313503924a6d20075a34370f3ae,0.0,12.807187906901042
5290,2023-02-01 11:32:38.224,/benchmark3,0.0,dram,1,e338ce15d13d6313503924a6d20075a34370f3ae,0.0,12.807187906901042
5291,2023-02-01 11:32:38.224,/benchmark2,0.0,dram,1,e338ce15d13d6313503924a6d20075a34370f3ae,0.0,12.807187906901042
5292,2023-02-01 11:32:39.224,rapl,70.54412841796875,cpu,0,RAPL_ENERGY_PKG,1.0,0.0
5293,2023-02-01 11:32:39.224,global,70.54391531230286,cpu,0,e46328d77e9f35f861af016694c2714cafb866e6,1.0,70.54391531230286
5294,2023-02-01 11:32:39.224,/benchmark1,0.0,cpu,0,e46328d77e9f35f861af016694c2714cafb866e6,0.0,70.54391531230286
5295,2023-02-01 11:32:39.224,/benchmark4,0.0,cpu,0,e46328d77e9f35f861af016694c2714cafb866e6,0.0,70.54391531230286
5296,2023-02-01 11:32:39.224,/benchmark3,0.0,cpu,0,e46328d77e9f35f861af016694c2714cafb866e6,0.0,70.54391531230286
5297,2023-02-01 11:32:39.224,/benchmark2,0.0,cpu,0,e46328d77e9f35f861af016694c2714cafb866e6,0.0,70.54391531230286
5298,2023-02-01 11:32:39.224,rapl,69.25927734375,cpu,1,RAPL_ENERGY_PKG,1.0,0.0
5299,2023-02-01 11:32:39.224,global,69.54572774602578,cpu,1,b56c7a1e321c4581d02a9de890abf570bd93c969,1.0,69.54572774602578
5300,2023-02-01 11:32:39.224,/benchmark1,0.0,cpu,1,b56c7a1e321c4581d02a9de890abf570bd93c969,0.0,69.54572774602578
5301,2023-02-01 11:32:39.224,/benchmark4,0.0,cpu,1,b56c7a1e321c4581d02a9de890abf570bd93c969,0.0,69.54572774602578
5302,2023-02-01 11:32:39.224,/benchmark3,0.0,cpu,1,b56c7a1e321c4581d02a9de890abf570bd93c969,0.0,69.54572774602578
5303,2023-02-01 11:32:39.224,/benchmark2,0.0,cpu,1,b56c7a1e321c4581d02a9de890abf570bd93c969,0.0,69.54572774602578
5304,2023-02-01 11:32:39.224,rapl,12.681732177734375,dram,0,RAPL_ENERGY_DRAM,1.0,0.0
5305,2023-02-01 11:32:39.224,global,12.461949157714844,dram,0,78b0a292a97c15df67fefab7e0af9a601bf982d3,1.0,12.461949157714844
5306,2023-02-01 11:32:39.224,/benchmark1,0.0,dram,0,78b0a292a97c15df67fefab7e0af9a601bf982d3,0.0,12.461949157714844
5307,2023-02-01 11:32:39.224,/benchmark4,0.0,dram,0,78b0a292a97c15df67fefab7e0af9a601bf982d3,0.0,12.461949157714844
5308,2023-02-01 11:32:39.224,/benchmark3,0.0,dram,0,78b0a292a97c15df67fefab7e0af9a601bf982d3,0.0,12.461949157714844
5309,2023-02-01 11:32:39.224,/benchmark2,0.0,dram,0,78b0a292a97c15df67fefab7e0af9a601bf982d3,0.0,12.461949157714844
5310,2023-02-01 11:32:39.224,rapl,13.010147094726562,dram,1,RAPL_ENERGY_DRAM,1.0,0.0
5311,2023-02-01 11:32:39.224,global,12.807187906901042,dram,1,e338ce15d13d6313503924a6d20075a34370f3ae,1.0,12.807187906901042
5312,2023-02-01 11:32:39.224,/benchmark1,0.0,dram,1,e338ce15d13d6313503924a6d20075a34370f3ae,0.0,12.807187906901042
5313,2023-02-01 11:32:39.224,/benchmark4,0.0,dram,1,e338ce15d13d6313503924a6d20075a34370f3ae,0.0,12.807187906901042
5314,2023-02-01 11:32:39.224,/benchmark3,0.0,dram,1,e338ce15d13d6313503924a6d20075a34370f3ae,0.0,12.807187906901042
5315,2023-02-01 11:32:39.224,/benchmark2,0.0,dram,1,e338ce15d13d6313503924a6d20075a34370f3ae,0.0,12.807187906901042
5316,2023-02-01 11:32:40.224,rapl,70.526611328125,cpu,0,RAPL_ENERGY_PKG,1.0,0.0
5317,2023-02-01 11:32:40.224,global,70.54391531230286,cpu,0,e46328d77e9f35f861af016694c2714cafb866e6,1.0,70.54391531230286
5318,2023-02-01 11:32:40.224,/benchmark1,0.0,cpu,0,e46328d77e9f35f861af016694c2714cafb866e6,0.0,70.54391531230286
5319,2023-02-01 11:32:40.224,/benchmark4,0.0,cpu,0,e46328d77e9f35f861af016694c2714cafb866e6,0.0,70.54391531230286
5320,2023-02-01 11:32:40.224,/benchmark3,0.0,cpu,0,e46328d77e9f35f861af016694c2714cafb866e6,0.0,70.54391531230286
5321,2023-02-01 11:32:40.224,/benchmark2,0.0,cpu,0,e46328d77e9f35f861af016694c2714cafb866e6,0.0,70.54391531230286
5322,2023-02-01 11:32:40.224,rapl,69.24237060546875,cpu,1,RAPL_ENERGY_PKG,1.0,0.0
5323,2023-02-01 11:32:40.224,global,69.54572774602578,cpu,1,b56c7a1e321c4581d02a9de890abf570bd93c969,1.0,69.54572774602578
5324,2023-02-01 11:32:40.224,/benchmark1,0.0,cpu,1,b56c7a1e321c4581d02a9de890abf570bd93c969,0.0,69.54572774602578
5325,2023-02-01 11:32:40.224,/benchmark4,0.0,cpu,1,b56c7a1e321c4581d02a9de890abf570bd93c969,0.0,69.54572774602578
5326,2023-02-01 11:32:40.224,/benchmark3,0.0,cpu,1,b56c7a1e321c4581d02a9de890abf570bd93c969,0.0,69.54572774602578
5327,2023-02-01 11:32:40.224,/benchmark2,0.0,cpu,1,b56c7a1e321c4581d02a9de890abf570bd93c969,0.0,69.54572774602578
5328,2023-02-01 11:32:40.224,rapl,12.628692626953125,dram,0,RAPL_ENERGY_DRAM,1.0,0.0
5329,2023-02-01 11:32:40.224,global,12.461949157714844,dram,0,78b0a292a97c15df67fefab7e0af9a601bf982d3,1.0,12.461949157714844
5330,2023-02-01 11:32:40.224,/benchmark1,0.0,dram,0,78b0a292a97c15df67fefab7e0af9a601bf982d3,0.0,12.461949157714844
5331,2023-02-01 11:32:40.224,/benchmark4,0.0,dram,0,78b0a292a97c15df67fefab7e0af9a601bf982d3,0.0,12.461949157714844
5332,2023-02-01 11:32:40.224,/benchmark3,0.0,dram,0,78b0a292a97c15df67fefab7e0af9a601bf982d3,0.0,12.461949157714844
5333,2023-02-01 11:32:40.224,/benchmark2,0.0,dram,0,78b0a292a97c15df67fefab7e0af9a601bf982d3,0.0,12.461949157714844
5334,2023-02-01 11:32:40.224,rapl,13.004623413085938,dram,1,RAPL_ENERGY_DRAM,1.0,0.0
5335,2023-02-01 11:32:40.224,global,12.807187906901042,dram,1,e338ce15d13d6313503924a6d20075a34370f3ae,1.0,12.807187906901042
5336,2023-02-01 11:32:40.224,/benchmark1,0.0,dram,1,e338ce15d13d6313503924a6d20075a34370f3ae,0.0,12.807187906901042
5337,2023-02-01 11:32:40.224,/benchmark4,0.0,dram,1,e338ce15d13d6313503924a6d20075a34370f3ae,0.0,12.807187906901042
5338,2023-02-01 11:32:40.224,/benchmark3,0.0,dram,1,e338ce15d13d6313503924a6d20075a34370f3ae,0.0,12.807187906901042
5339,2023-02-01 11:32:40.224,/benchmark2,0.0,dram,1,e338ce15d13d6313503924a6d20075a34370f3ae,0.0,12.807187906901042
5340,2023-02-01 11:32:41.224,rapl,70.4722900390625,cpu,0,RAPL_ENERGY_PKG,1.0,0.0
5341,2023-02-01 11:32:41.224,global,70.54391531230286,cpu,0,e46328d77e9f35f861af016694c2714cafb866e6,1.0,70.54391531230286
5342,2023-02-01 11:32:41.224,/benchmark1,0.0,cpu,0,e46328d77e9f35f861af016694c2714cafb866e6,0.0,70.54391531230286
5343,2023-02-01 11:32:41.224,/benchmark4,0.0,cpu,0,e46328d77e9f35f861af016694c2714cafb866e6,0.0,70.54391531230286
5344,2023-02-01 11:32:41.224,/benchmark2,0.0,cpu,0,e46328d77e9f35f861af016694c2714cafb866e6,0.0,70.54391531230286
5345,2023-02-01 11:32:41.224,/benchmark3,0.0,cpu,0,e46328d77e9f35f861af016694c2714cafb866e6,0.0,70.54391531230286
5346,2023-02-01 11:32:41.224,rapl,69.1922607421875,cpu,1,RAPL_ENERGY_PKG,1.0,0.0
5347,2023-02-01 11:32:41.224,global,69.54572774602578,cpu,1,b56c7a1e321c4581d02a9de890abf570bd93c969,1.0,69.54572774602578
5348,2023-02-01 11:32:41.224,/benchmark1,0.0,cpu,1,b56c7a1e321c4581d02a9de890abf570bd93c969,0.0,69.54572774602578
5349,2023-02-01 11:32:41.224,/benchmark4,0.0,cpu,1,b56c7a1e321c4581d02a9de890abf570bd93c969,0.0,69.54572774602578
5350,2023-02-01 11:32:41.224,/benchmark2,0.0,cpu,1,b56c7a1e321c4581d02a9de890abf570bd93c969,0.0,69.54572774602578
5351,2023-02-01 11:32:41.224,/benchmark3,0.0,cpu,1,b56c7a1e321c4581d02a9de890abf570bd93c969,0.0,69.54572774602578
5352,2023-02-01 11:32:41.224,rapl,12.667144775390625,dram,0,RAPL_ENERGY_DRAM,1.0,0.0
5353,2023-02-01 11:32:41.224,global,12.461949157714844,dram,0,78b0a292a97c15df67fefab7e0af9a601bf982d3,1.0,12.461949157714844
5354,2023-02-01 11:32:41.224,/benchmark1,0.0,dram,0,78b0a292a97c15df67fefab7e0af9a601bf982d3,0.0,12.461949157714844
5355,2023-02-01 11:32:41.224,/benchmark4,0.0,dram,0,78b0a292a97c15df67fefab7e0af9a601bf982d3,0.0,12.461949157714844
5356,2023-02-01 11:32:41.224,/benchmark2,0.0,dram,0,78b0a292a97c15df67fefab7e0af9a601bf982d3,0.0,12.461949157714844
5357,2023-02-01 11:32:41.224,/benchmark3,0.0,dram,0,78b0a292a97c15df67fefab7e0af9a601bf982d3,0.0,12.461949157714844
5358,2023-02-01 11:32:41.224,rapl,12.9288330078125,dram,1,RAPL_ENERGY_DRAM,1.0,0.0
5359,2023-02-01 11:32:41.224,global,12.807187906901042,dram,1,e338ce15d13d6313503924a6d20075a34370f3ae,1.0,12.807187906901042
5360,2023-02-01 11:32:41.224,/benchmark1,0.0,dram,1,e338ce15d13d6313503924a6d20075a34370f3ae,0.0,12.807187906901042
5361,2023-02-01 11:32:41.224,/benchmark4,0.0,dram,1,e338ce15d13d6313503924a6d20075a34370f3ae,0.0,12.807187906901042
5362,2023-02-01 11:32:41.224,/benchmark2,0.0,dram,1,e338ce15d13d6313503924a6d20075a34370f3ae,0.0,12.807187906901042
5363,2023-02-01 11:32:41.224,/benchmark3,0.0,dram,1,e338ce15d13d6313503924a6d20075a34370f3ae,0.0,12.807187906901042
5364,2023-02-01 11:32:42.225,rapl,70.45916748046875,cpu,0,RAPL_ENERGY_PKG,1.0,0.0
5365,2023-02-01 11:32:42.225,global,70.54391531230286,cpu,0,e46328d77e9f35f861af016694c2714cafb866e6,1.0,70.54391531230286
5366,2023-02-01 11:32:42.225,/benchmark1,0.0,cpu,0,e46328d77e9f35f861af016694c2714cafb866e6,0.0,70.54391531230286
5367,2023-02-01 11:32:42.225,/benchmark3,0.0,cpu,0,e46328d77e9f35f861af016694c2714cafb866e6,0.0,70.54391531230286
5368,2023-02-01 11:32:42.225,/benchmark2,0.0,cpu,0,e46328d77e9f35f861af016694c2714cafb866e6,0.0,70.54391531230286
5369,2023-02-01 11:32:42.225,/benchmark4,0.0,cpu,0,e46328d77e9f35f861af016694c2714cafb866e6,0.0,70.54391531230286
5370,2023-02-01 11:32:42.225,rapl,69.10418701171875,cpu,1,RAPL_ENERGY_PKG,1.0,0.0
5371,2023-02-01 11:32:42.225,global,69.54572774602578,cpu,1,b56c7a1e321c4581d02a9de890abf570bd93c969,1.0,69.54572774602578
5372,2023-02-01 11:32:42.225,/benchmark1,0.0,cpu,1,b56c7a1e321c4581d02a9de890abf570bd93c969,0.0,69.54572774602578
5373,2023-02-01 11:32:42.225,/benchmark3,0.0,cpu,1,b56c7a1e321c4581d02a9de890abf570bd93c969,0.0,69.54572774602578
5374,2023-02-01 11:32:42.225,/benchmark2,0.0,cpu,1,b56c7a1e321c4581d02a9de890abf570bd93c969,0.0,69.54572774602578
5375,2023-02-01 11:32:42.225,/benchmark4,0.0,cpu,1,b56c7a1e321c4581d02a9de890abf570bd93c969,0.0,69.54572774602578
5376,2023-02-01 11:32:42.225,rapl,12.61602783203125,dram,0,RAPL_ENERGY_DRAM,1.0,0.0
5377,2023-02-01 11:32:42.225,global,12.461949157714844,dram,0,78b0a292a97c15df67fefab7e0af9a601bf982d3,1.0,12.461949157714844
5378,2023-02-01 11:32:42.225,/benchmark1,0.0,dram,0,78b0a292a97c15df67fefab7e0af9a601bf982d3,0.0,12.461949157714844
5379,2023-02-01 11:32:42.225,/benchmark3,0.0,dram,0,78b0a292a97c15df67fefab7e0af9a601bf982d3,0.0,12.461949157714844
5380,2023-02-01 11:32:42.225,/benchmark2,0.0,dram,0,78b0a292a97c15df67fefab7e0af9a601bf982d3,0.0,12.461949157714844
5381,2023-02-01 11:32:42.225,/benchmark4,0.0,dram,0,78b0a292a97c15df67fefab7e0af9a601bf982d3,0.0,12.461949157714844
5382,2023-02-01 11:32:42.225,rapl,13.017578125,dram,1,RAPL_ENERGY_DRAM,1.0,0.0
5383,2023-02-01 11:32:42.225,global,12.807187906901042,dram,1,e338ce15d13d6313503924a6d20075a34370f3ae,1.0,12.807187906901042
5384,2023-02-01 11:32:42.225,/benchmark1,0.0,dram,1,e338ce15d13d6313503924a6d20075a34370f3ae,0.0,12.807187906901042
5385,2023-02-01 11:32:42.225,/benchmark3,0.0,dram,1,e338ce15d13d6313503924a6d20075a34370f3ae,0.0,12.807187906901042
5386,2023-02-01 11:32:42.225,/benchmark2,0.0,dram,1,e338ce15d13d6313503924a6d20075a34370f3ae,0.0,12.807187906901042
5387,2023-02-01 11:32:42.225,/benchmark4,0.0,dram,1,e338ce15d13d6313503924a6d20075a34370f3ae,0.0,12.807187906901042
5388,2023-02-01 11:32:43.225,rapl,70.44281005859375,cpu,0,RAPL_ENERGY_PKG,1.0,0.0
5389,2023-02-01 11:32:43.225,global,70.54391531230286,cpu,0,e46328d77e9f35f861af016694c2714cafb866e6,1.0,70.54391531230286
5390,2023-02-01 11:32:43.225,/benchmark4,0.0,cpu,0,e46328d77e9f35f861af016694c2714cafb866e6,0.0,70.54391531230286
5391,2023-02-01 11:32:43.225,/benchmark3,0.0,cpu,0,e46328d77e9f35f861af016694c2714cafb866e6,0.0,70.54391531230286
5392,2023-02-01 11:32:43.225,/benchmark2,0.0,cpu,0,e46328d77e9f35f861af016694c2714cafb866e6,0.0,70.54391531230286
5393,2023-02-01 11:32:43.225,/benchmark1,0.0,cpu,0,e46328d77e9f35f861af016694c2714cafb866e6,0.0,70.54391531230286
5394,2023-02-01 11:32:43.225,rapl,69.149169921875,cpu,1,RAPL_ENERGY_PKG,1.0,0.0
5395,2023-02-01 11:32:43.225,global,69.54572774602578,cpu,1,b56c7a1e321c4581d02a9de890abf570bd93c969,1.0,69.54572774602578
5396,2023-02-01 11:32:43.225,/benchmark4,0.0,cpu,1,b56c7a1e321c4581d02a9de890abf570bd93c969,0.0,69.54572774602578
5397,2023-02-01 11:32:43.225,/benchmark3,0.0,cpu,1,b56c7a1e321c4581d02a9de890abf570bd93c969,0.0,69.54572774602578
5398,2023-02-01 11:32:43.225,/benchmark2,0.0,cpu,1,b56c7a1e321c4581d02a9de890abf570bd93c969,0.0,69.54572774602578
5399,2023-02-01 11:32:43.225,/benchmark1,0.0,cpu,1,b56c7a1e321c4581d02a9de890abf570bd93c969,0.0,69.54572774602578
5400,2023-02-01 11:32:43.225,rapl,12.63214111328125,dram,0,RAPL_ENERGY_DRAM,1.0,0.0
5401,2023-02-01 11:32:43.225,global,12.461949157714844,dram,0,78b0a292a97c15df67fefab7e0af9a601bf982d3,1.0,12.461949157714844
5402,2023-02-01 11:32:43.225,/benchmark4,0.0,dram,0,78b0a292a97c15df67fefab7e0af9a601bf982d3,0.0,12.461949157714844
5403,2023-02-01 11:32:43.225,/benchmark3,0.0,dram,0,78b0a292a97c15df67fefab7e0af9a601bf982d3,0.0,12.461949157714844
5404,2023-02-01 11:32:43.225,/benchmark2,0.0,dram,0,78b0a292a97c15df67fefab7e0af9a601bf982d3,0.0,12.461949157714844
5405,2023-02-01 11:32:43.225,/benchmark1,0.0,dram,0,78b0a292a97c15df67fefab7e0af9a601bf982d3,0.0,12.461949157714844
5406,2023-02-01 11:32:43.225,rapl,12.99822998046875,dram,1,RAPL_ENERGY_DRAM,1.0,0.0
5407,2023-02-01 11:32:43.225,global,12.807187906901042,dram,1,e338ce15d13d6313503924a6d20075a34370f3ae,1.0,12.807187906901042
5408,2023-02-01 11:32:43.225,/benchmark4,0.0,dram,1,e338ce15d13d6313503924a6d20075a34370f3ae,0.0,12.807187906901042
5409,2023-02-01 11:32:43.225,/benchmark3,0.0,dram,1,e338ce15d13d6313503924a6d20075a34370f3ae,0.0,12.807187906901042
5410,2023-02-01 11:32:43.225,/benchmark2,0.0,dram,1,e338ce15d13d6313503924a6d20075a34370f3ae,0.0,12.807187906901042
5411,2023-02-01 11:32:43.225,/benchmark1,0.0,dram,1,e338ce15d13d6313503924a6d20075a34370f3ae,0.0,12.807187906901042
5412,2023-02-01 11:32:44.225,rapl,70.4447021484375,cpu,0,RAPL_ENERGY_PKG,1.0,0.0
5413,2023-02-01 11:32:44.225,global,70.54391531230286,cpu,0,e46328d77e9f35f861af016694c2714cafb866e6,1.0,70.54391531230286
5414,2023-02-01 11:32:44.225,/benchmark1,0.0,cpu,0,e46328d77e9f35f861af016694c2714cafb866e6,0.0,70.54391531230286
5415,2023-02-01 11:32:44.225,/benchmark4,0.0,cpu,0,e46328d77e9f35f861af016694c2714cafb866e6,0.0,70.54391531230286
5416,2023-02-01 11:32:44.225,/benchmark3,0.0,cpu,0,e46328d77e9f35f861af016694c2714cafb866e6,0.0,70.54391531230286
5417,2023-02-01 11:32:44.225,/benchmark2,0.0,cpu,0,e46328d77e9f35f861af016694c2714cafb866e6,0.0,70.54391531230286
5418,2023-02-01 11:32:44.225,rapl,69.16998291015625,cpu,1,RAPL_ENERGY_PKG,1.0,0.0
5419,2023-02-01 11:32:44.225,global,69.54572774602578,cpu,1,b56c7a1e321c4581d02a9de890abf570bd93c969,1.0,69.54572774602578
5420,2023-02-01 11:32:44.225,/benchmark1,0.0,cpu,1,b56c7a1e321c4581d02a9de890abf570bd93c969,0.0,69.54572774602578
5421,2023-02-01 11:32:44.225,/benchmark4,0.0,cpu,1,b56c7a1e321c4581d02a9de890abf570bd93c969,0.0,69.54572774602578
5422,2023-02-01 11:32:44.225,/benchmark3,0.0,cpu,1,b56c7a1e321c4581d02a9de890abf570bd93c969,0.0,69.54572774602578
5423,2023-02-01 11:32:44.225,/benchmark2,0.0,cpu,1,b56c7a1e321c4581d02a9de890abf570bd93c969,0.0,69.54572774602578
5424,2023-02-01 11:32:44.225,rapl,12.654815673828125,dram,0,RAPL_ENERGY_DRAM,1.0,0.0
5425,2023-02-01 11:32:44.225,global,12.461949157714844,dram,0,78b0a292a97c15df67fefab7e0af9a601bf982d3,1.0,12.461949157714844
5426,2023-02-01 11:32:44.225,/benchmark1,0.0,dram,0,78b0a292a97c15df67fefab7e0af9a601bf982d3,0.0,12.461949157714844
5427,2023-02-01 11:32:44.225,/benchmark4,0.0,dram,0,78b0a292a97c15df67fefab7e0af9a601bf982d3,0.0,12.461949157714844
5428,2023-02-01 11:32:44.225,/benchmark3,0.0,dram,0,78b0a292a97c15df67fefab7e0af9a601bf982d3,0.0,12.461949157714844
5429,2023-02-01 11:32:44.225,/benchmark2,0.0,dram,0,78b0a292a97c15df67fefab7e0af9a601bf982d3,0.0,12.461949157714844
5430,2023-02-01 11:32:44.225,rapl,13.029861450195312,dram,1,RAPL_ENERGY_DRAM,1.0,0.0
5431,2023-02-01 11:32:44.225,global,12.807187906901042,dram,1,e338ce15d13d6313503924a6d20075a34370f3ae,1.0,12.807187906901042
5432,2023-02-01 11:32:44.225,/benchmark1,0.0,dram,1,e338ce15d13d6313503924a6d20075a34370f3ae,0.0,12.807187906901042
5433,2023-02-01 11:32:44.225,/benchmark4,0.0,dram,1,e338ce15d13d6313503924a6d20075a34370f3ae,0.0,12.807187906901042
5434,2023-02-01 11:32:44.225,/benchmark3,0.0,dram,1,e338ce15d13d6313503924a6d20075a34370f3ae,0.0,12.807187906901042
5435,2023-02-01 11:32:44.225,/benchmark2,0.0,dram,1,e338ce15d13d6313503924a6d20075a34370f3ae,0.0,12.807187906901042
5436,2023-02-01 11:32:45.225,rapl,70.39605712890625,cpu,0,RAPL_ENERGY_PKG,1.0,0.0
5437,2023-02-01 11:32:45.225,global,70.54391531230286,cpu,0,e46328d77e9f35f861af016694c2714cafb866e6,1.0,70.54391531230286
5438,2023-02-01 11:32:45.225,/benchmark1,0.0,cpu,0,e46328d77e9f35f861af016694c2714cafb866e6,0.0,70.54391531230286
5439,2023-02-01 11:32:45.225,/benchmark4,0.0,cpu,0,e46328d77e9f35f861af016694c2714cafb866e6,0.0,70.54391531230286
5440,2023-02-01 11:32:45.225,/benchmark3,0.0,cpu,0,e46328d77e9f35f861af016694c2714cafb866e6,0.0,70.54391531230286
5441,2023-02-01 11:32:45.225,/benchmark2,0.0,cpu,0,e46328d77e9f35f861af016694c2714cafb866e6,0.0,70.54391531230286
5442,2023-02-01 11:32:45.225,rapl,69.34423828125,cpu,1,RAPL_ENERGY_PKG,1.0,0.0
5443,2023-02-01 11:32:45.225,global,69.54572774602578,cpu,1,b56c7a1e321c4581d02a9de890abf570bd93c969,1.0,69.54572774602578
5444,2023-02-01 11:32:45.225,/benchmark1,0.0,cpu,1,b56c7a1e321c4581d02a9de890abf570bd93c969,0.0,69.54572774602578
5445,2023-02-01 11:32:45.225,/benchmark4,0.0,cpu,1,b56c7a1e321c4581d02a9de890abf570bd93c969,0.0,69.54572774602578
5446,2023-02-01 11:32:45.225,/benchmark3,0.0,cpu,1,b56c7a1e321c4581d02a9de890abf570bd93c969,0.0,69.54572774602578
5447,2023-02-01 11:32:45.225,/benchmark2,0.0,cpu,1,b56c7a1e321c4581d02a9de890abf570bd93c969,0.0,69.54572774602578
5448,2023-02-01 11:32:45.225,rapl,12.637496948242188,dram,0,RAPL_ENERGY_DRAM,1.0,0.0
5449,2023-02-01 11:32:45.225,global,12.461949157714844,dram,0,78b0a292a97c15df67fefab7e0af9a601bf982d3,1.0,12.461949157714844
5450,2023-02-01 11:32:45.225,/benchmark1,0.0,dram,0,78b0a292a97c15df67fefab7e0af9a601bf982d3,0.0,12.461949157714844
5451,2023-02-01 11:32:45.225,/benchmark4,0.0,dram,0,78b0a292a97c15df67fefab7e0af9a601bf982d3,0.0,12.461949157714844
5452,2023-02-01 11:32:45.225,/benchmark3,0.0,dram,0,78b0a292a97c15df67fefab7e0af9a601bf982d3,0.0,12.461949157714844
5453,2023-02-01 11:32:45.225,/benchmark2,0.0,dram,0,78b0a292a97c15df67fefab7e0af9a601bf982d3,0.0,12.461949157714844
5454,2023-02-01 11:32:45.225,rapl,12.995651245117188,dram,1,RAPL_ENERGY_DRAM,1.0,0.0
5455,2023-02-01 11:32:45.225,global,12.807187906901042,dram,1,e338ce15d13d6313503924a6d20075a34370f3ae,1.0,12.807187906901042
5456,2023-02-01 11:32:45.225,/benchmark1,0.0,dram,1,e338ce15d13d6313503924a6d20075a34370f3ae,0.0,12.807187906901042
5457,2023-02-01 11:32:45.225,/benchmark4,0.0,dram,1,e338ce15d13d6313503924a6d20075a34370f3ae,0.0,12.807187906901042
5458,2023-02-01 11:32:45.225,/benchmark3,0.0,dram,1,e338ce15d13d6313503924a6d20075a34370f3ae,0.0,12.807187906901042
5459,2023-02-01 11:32:45.225,/benchmark2,0.0,dram,1,e338ce15d13d6313503924a6d20075a34370f3ae,0.0,12.807187906901042
